Competência,Subclasse,Admitidos,Desligados,Saldo
07/2020,Com. Var. Especial. de Equip. e Suprimentos de Informática,3,1,2
07/2020,"Com. Var. de Cosméticos, Produtos de Perfumaria e de Higiene Pessoal",1,0,1
07/2020,"Com. Var. de Produtos Farmac., sem Manip. de Fórmulas",0,1,-1
07/2020,Com. Var. de Mat. de Const. não Especif. Ant.,1,0,1
07/2020,Com. Var. Especial. de Eletrod. e Equip. de áudio e Vídeo,14,1,13
07/2020,"Com. Var. de Merc. em Geral, com Pred. de Produtos Alim. - Minimercados, Mercearias e Armazéns",1,0,1
07/2020,Com. a Var. de Peças e Acessórios Novos para Veíc. Autom.,0,1,-1
07/2020,Com. Var. de Outros Produtos não Especif. Ant.,1,0,1
07/2020,Com. a Var. de Peças e Acessórios Novos para Veíc. Autom.,1,1,0
07/2020,"Com. Var. de Cosméticos, Produtos de Perfumaria e de Higiene Pessoal",0,1,-1
07/2020,Com. a Var. de Peças e Acessórios Novos para Veíc. Autom.,0,1,-1
07/2020,"Com. Var. de Produtos Farmac., com Manip. de Fórmulas",1,2,-1
07/2020,Com. Var. de Outros Produtos não Especif. Ant.,2,0,2
07/2020,Comercio Var. de Art. de Armarinho,1,1,0
07/2020,Com. Var. Especial. de Eletrod. e Equip. de áudio e Vídeo,0,1,-1
07/2020,Com. Var. de Art. do Vestuário e Acessórios,0,1,-1
07/2020,"Com. Atac. de Merc. em Geral, sem Pred. de Alimentos ou de Insumos Agropecuários",17,5,12
07/2020,"Com. a Var. de Automóveis, Camionetas e Utilitários Novos",5,2,3
07/2020,Com. Atac. de Medicamentos e Drogas de Uso Humano,31,22,9
07/2020,Com. Var. Especial. de Equip. de Telefonia e Comunicação,2,0,2
07/2020,Com. Var. de Hortifrutigranjeiros,0,2,-2
07/2020,Com. Var. de Art. do Vestuário e Acessórios,0,1,-1
07/2020,"Com. Atac. de Produtos da Extração Mineral, Exceto Comb.",1,1,0
07/2020,Com. Var. Especial. de Equip. e Suprimentos de Informática,0,1,-1
07/2020,Com. Atac. de Outros Equip. e Art. de Uso Pessoal e Doméstico não Especif. Ant.,0,2,-2
07/2020,Com. Var. de Outros Produtos não Especif. Ant.,1,0,1
07/2020,Comercio Var. de Art. de Armarinho,1,1,0
07/2020,"Com. Var. de Doces, Balas, Bombons e Semelhantes",1,0,1
07/2020,Com. Atac. de Resíduos e Sucatas Metálicos,0,1,-1
07/2020,Com. Atac. de Carnes Bovinas e Suínas e Derivados,4,10,-6
07/2020,"Com. Var. de Merc. em Geral, com Pred. de Produtos Alim. - Minimercados, Mercearias e Armazéns",1,1,0
07/2020,Com. por Atacado de Pneumáticos e Câmaras-De-Ar,0,2,-2
07/2020,Com. Atac. de Resíduos e Sucatas Metálicos,1,0,1
07/2020,Com. Atac. de Sorvetes,0,1,-1
07/2020,Com. Var. de Comb. para Veíc. Autom.,0,2,-2
07/2020,Com. Atac. de Produtos Alim. em Geral,4,1,3
07/2020,Com. Var. Especial. de Equip. e Suprimentos de Informática,0,1,-1
07/2020,"Com. Var. de Produtos Farmac., sem Manip. de Fórmulas",1,1,0
07/2020,Com. Var. de Ferragens e Ferramentas,0,1,-1
07/2020,"Com. a Var. de Automóveis, Camionetas e Utilitários Novos",0,1,-1
07/2020,Com. Var. de Gás LiqüEfeito de Petróleo (Glp),1,2,-1
07/2020,Representantes Comerciais e Agentes do Com. de Merc. em Geral não Especial.,1,0,1
07/2020,Com. Var. de Outros Produtos não Especif. Ant.,1,0,1
07/2020,Com. Atac. de Material Elétrico,0,1,-1
07/2020,Com. a Var. de Peças e Acessórios Novos para Veíc. Autom.,0,1,-1
07/2020,"Com. a Var. de Automóveis, Camionetas e Utilitários Novos",0,1,-1
07/2020,"Com. a Var. de Automóveis, Camionetas e Utilitários Novos",0,1,-1
07/2020,"Com. a Var. de Automóveis, Camionetas e Utilitários Usados",0,1,-1
07/2020,Com. Var. de Outros Produtos não Especif. Ant.,0,1,-1
07/2020,Padaria e Confeitaria com Pred. de Revenda,2,0,2
07/2020,Com. Var. de Carnes - Açougues,0,1,-1
07/2020,Com. Var. de Móveis,1,0,1
07/2020,Com. Var. de Móveis,2,0,2
07/2020,Com. Var. de Móveis,0,1,-1
07/2020,Com. Var. de Art. do Vestuário e Acessórios,0,1,-1
07/2020,Com. Var. de Outros Produtos não Especif. Ant.,2,0,2
07/2020,"Com. a Var. de Automóveis, Camionetas e Utilitários Usados",0,1,-1
07/2020,Com. Var. de Art. do Vestuário e Acessórios,0,1,-1
07/2020,Com. Var. de Tintas e Mat. para Pintura,1,0,1
07/2020,Com. Var. de Calçados,0,1,-1
07/2020,Com. Var. de Outros Produtos não Especif. Ant.,1,0,1
07/2020,"Com. Var. de Produtos Farmac., sem Manip. de Fórmulas",1,0,1
07/2020,Com. Atac. Especial. em Outros Produtos Intermediários não Especif. Ant.,1,0,1
07/2020,Com. Atac. de Produtos Alim. em Geral,1,0,1
07/2020,Com. Var. de Produtos Alim. em Geral ou Especial. em Produtos Alim. não Especif. Ant.,0,1,-1
07/2020,"Com. Atac. de Frutas, Verduras, Raízes, Tubérculos, Hortaliças e Legumes Frescos",0,1,-1
07/2020,Com. Atac. de Cosméticos e Produtos de Perfumaria,1,7,-6
07/2020,Com. Var. de Art. de Iluminação,0,1,-1
07/2020,Com. Var. de Outros Produtos não Especif. Ant.,0,1,-1
07/2020,Com. Var. de Mat. de Const. em Geral,0,1,-1
07/2020,Com. Var. de Art. do Vestuário e Acessórios,0,2,-2
07/2020,"Com. Var. de Merc. em Geral, com Pred. de Produtos Alim. - Superm.",1,0,1
07/2020,Com. Var. de Móveis,1,0,1
07/2020,"Com. Atac. de Frutas, Verduras, Raízes, Tubérculos, Hortaliças e Legumes Frescos",0,1,-1
07/2020,"Serv. de Lavagem, Lubrificação e Polimento de Veíc. Autom.",1,0,1
07/2020,Com. Var. Especial. de Equip. e Suprimentos de Informática,2,1,1
07/2020,"Com. Atac. de Frutas, Verduras, Raízes, Tubérculos, Hortaliças e Legumes Frescos",0,2,-2
07/2020,Com. Var. de Mat. de Const. não Especif. Ant.,0,3,-3
07/2020,"Com. Var. de Doces, Balas, Bombons e Semelhantes",1,0,1
07/2020,Com. Var. de Comb. para Veíc. Autom.,0,1,-1
07/2020,Com. Atac. de Sorvetes,7,3,4
07/2020,Com. Var. de Mat. de Const. não Especif. Ant.,0,1,-1
07/2020,Com. Atac. de Outros Equip. e Art. de Uso Pessoal e Doméstico não Especif. Ant.,1,0,1
07/2020,Com. a Var. de Peças e Acessórios Novos para Veíc. Autom.,2,0,2
07/2020,Com. Atac. de Ferragens e Ferramentas,6,5,1
07/2020,Com. Var. de Bebidas,0,1,-1
07/2020,Com. Var. de Art. do Vestuário e Acessórios,1,0,1
07/2020,Com. por Atacado de Peças e Acessórios para Motocicletas e Motonetas,1,0,1
07/2020,Com. Atac. de Produtos Alim. em Geral,9,9,0
07/2020,"Com. Var. de Suvenires, Bijuterias e Artesanatos",1,0,1
07/2020,Com. Var. de Plantas e Flores Naturais,1,0,1
07/2020,Com. Var. de Outros Produtos não Especif. Ant.,0,1,-1
07/2020,Serv. de Manutenção e Reparação Mecânica de Veíc. Autom.,1,0,1
07/2020,Com. Var. de Equip. para Escritório,0,1,-1
07/2020,Com. Var. Especial. de Eletrod. e Equip. de áudio e Vídeo,1,1,0
07/2020,"Com. Var. de Produtos Farmac., sem Manip. de Fórmulas",1,1,0
07/2020,"Com. Var. de Merc. em Geral, com Pred. de Produtos Alim. - Minimercados, Mercearias e Armazéns",2,0,2
07/2020,"Com. a Var. de Automóveis, Camionetas e Utilitários Novos",1,0,1
07/2020,Com. Atac. de Ferragens e Ferramentas,1,0,1
07/2020,Serv. de Lanternagem ou Funilaria e Pintura de Veíc. Autom.,1,1,0
07/2020,Com. Var. de Produtos Alim. em Geral ou Especial. em Produtos Alim. não Especif. Ant.,1,0,1
07/2020,Com. a Var. de Peças e Acessórios Novos para Veíc. Autom.,8,2,6
07/2020,Com. Atac. de Resíduos de Papel e Papelão,0,1,-1
07/2020,Com. Var. de Comb. para Veíc. Autom.,1,0,1
07/2020,Com. Var. de Gás LiqüEfeito de Petróleo (Glp),3,0,3
07/2020,Com. Var. de Bebidas,0,2,-2
07/2020,"Com. a Var. de Automóveis, Camionetas e Utilitários Novos",4,6,-2
07/2020,Com. Atac. de Resíduos e Sucatas Metálicos,0,1,-1
07/2020,Com. Var. de Carnes - Açougues,1,0,1
07/2020,Comercio Var. de Art. de Armarinho,0,1,-1
07/2020,Com. Var. de Comb. para Veíc. Autom.,0,1,-1
07/2020,Com. Atac. de Produtos Alim. em Geral,1,0,1
07/2020,"Com. Atac. de Frutas, Verduras, Raízes, Tubérculos, Hortaliças e Legumes Frescos",0,1,-1
07/2020,Com. Var. de Mat. de Const. em Geral,0,1,-1
07/2020,"Com. Var. de Merc. em Geral, com Pred. de Produtos Alim. - Superm.",13,4,9
07/2020,Com. Var. de Art. de óptica,2,0,2
07/2020,Com. Var. de Art. de óptica,2,0,2
07/2020,Com. Atac. de Outros Equip. e Art. de Uso Pessoal e Doméstico não Especif. Ant.,0,1,-1
07/2020,"Com. Var. de Produtos Farmac., sem Manip. de Fórmulas",0,2,-2
07/2020,Com. Var. Especial. de Equip. e Suprimentos de Informática,0,1,-1
07/2020,Com. Atac. de Embalagens,1,1,0
07/2020,Com. Var. de Tintas e Mat. para Pintura,0,1,-1
07/2020,Com. a Var. de Peças e Acessórios Novos para Veíc. Autom.,0,1,-1
07/2020,Com. Var. de Outros Art. de Uso Doméstico não Especif. Ant.,0,1,-1
07/2020,Com. Atac. de Outros Equip. e Art. de Uso Pessoal e Doméstico não Especif. Ant.,0,2,-2
07/2020,Com. Var. de Livros,1,0,1
07/2020,Com. Var. de Mat. de Const. em Geral,1,1,0
07/2020,Serv. de Manutenção e Reparação Mecânica de Veíc. Autom.,0,2,-2
07/2020,Com. Var. Especial. de Eletrod. e Equip. de áudio e Vídeo,2,0,2
07/2020,Com. Var. de Madeira e Artefatos,1,0,1
07/2020,"Com. Atac. de Instrumentos e Mat. para Uso Médico, Cirúrgico, Hospitalar e de Laboratórios",2,0,2
07/2020,"Com. Var. de Merc. em Geral, com Pred. de Produtos Alim. - Superm.",19,2,17
07/2020,"Com. Var. de Merc. em Geral, com Pred. de Produtos Alim. - Hipermercados",181,14,167
07/2020,Com. Atac. Especial. em Outros Produtos Intermediários não Especif. Ant.,0,1,-1
07/2020,Com. Var. de Art. de Colchoaria,1,1,0
07/2020,Com. a Var. de Peças e Acessórios Novos para Veíc. Autom.,1,0,1
07/2020,Com. Var. de Madeira e Artefatos,1,0,1
07/2020,Com. a Var. de Peças e Acessórios Novos para Veíc. Autom.,1,0,1
07/2020,Com. a Var. de Peças e Acessórios Novos para Veíc. Autom.,0,1,-1
07/2020,"Com. Var. de Suvenires, Bijuterias e Artesanatos",1,0,1
07/2020,Com. Var. de Art. do Vestuário e Acessórios,0,1,-1
07/2020,"Com. Var. de Merc. em Geral, com Pred. de Produtos Alim. - Minimercados, Mercearias e Armazéns",4,2,2
07/2020,Com. Var. de Plantas e Flores Naturais,0,1,-1
07/2020,Com. Var. de Art. Esportivos,5,0,5
07/2020,Com. a Var. de Peças e Acessórios Novos para Veíc. Autom.,0,1,-1
07/2020,Com. Atac. de Componentes Eletrônicos e Equip. de Telefonia e Comunicação,0,8,-8
07/2020,"Com. Atac. de Frutas, Verduras, Raízes, Tubérculos, Hortaliças e Legumes Frescos",1,0,1
07/2020,"Com. Atac. de Frutas, Verduras, Raízes, Tubérculos, Hortaliças e Legumes Frescos",0,1,-1
07/2020,"Com. Var. de Merc. em Geral, com Pred. de Produtos Alim. - Superm.",22,15,7
07/2020,"Com. Var. de Bicicletas e Triciclos, Peças e Acessórios",2,0,2
07/2020,Com. Var. de Comb. para Veíc. Autom.,1,1,0
07/2020,Com. Var. de Produtos Alim. em Geral ou Especial. em Produtos Alim. não Especif. Ant.,1,2,-1
07/2020,Com. a Var. de Peças e Acessórios Novos para Veíc. Autom.,1,0,1
07/2020,Com. Var. de Art. do Vestuário e Acessórios,7,7,0
07/2020,Com. a Var. de Peças e Acessórios Novos para Veíc. Autom.,1,0,1
07/2020,"Com. Atac. de Frutas, Verduras, Raízes, Tubérculos, Hortaliças e Legumes Frescos",12,7,5
07/2020,Com. Var. de Art. do Vestuário e Acessórios,2,0,2
07/2020,"Serv. de Lavagem, Lubrificação e Polimento de Veíc. Autom.",0,1,-1
07/2020,"Lojas de Variedades, Exceto Lojas de Dep. ou Magazines",0,1,-1
07/2020,Com. Var. de Comb. para Veíc. Autom.,2,1,1
07/2020,Com. Var. de Art. do Vestuário e Acessórios,1,0,1
07/2020,Com. a Var. de Peças e Acessórios Novos para Veíc. Autom.,1,0,1
07/2020,"Com. Var. de Produtos Farmac., sem Manip. de Fórmulas",0,2,-2
07/2020,"Com. Var. de Produtos Farmac., sem Manip. de Fórmulas",1,1,0
07/2020,Com. Var. de Mat. Hidráulicos,1,0,1
07/2020,Com. Var. de Tintas e Mat. para Pintura,0,2,-2
07/2020,Com. Var. de Tintas e Mat. para Pintura,1,0,1
07/2020,Com. Var. de Tintas e Mat. para Pintura,0,1,-1
07/2020,Com. Var. de Tintas e Mat. para Pintura,0,1,-1
07/2020,Com. Var. de Comb. para Veíc. Autom.,3,3,0
07/2020,"Com. Atac. de Cerveja, Chope e Refrigerante",2,0,2
07/2020,Serv. de Alinhamento e Balanceamento de Veíc. Autom.,0,1,-1
07/2020,Com. Var. de Produtos Saneantes Domissanitários,1,0,1
07/2020,Serv. de Manutenção e Reparação Mecânica de Veíc. Autom.,0,1,-1
07/2020,Com. Var. de Art. de Iluminação,0,1,-1
07/2020,"Serv. de Lavagem, Lubrificação e Polimento de Veíc. Autom.",0,1,-1
07/2020,Com. Var. de Art. do Vestuário e Acessórios,0,1,-1
07/2020,Com. Var. de Art. de Colchoaria,2,0,2
07/2020,"Com. Var. de Merc. em Geral, com Pred. de Produtos Alim. - Minimercados, Mercearias e Armazéns",0,1,-1
07/2020,Com. a Var. de Peças e Acessórios Novos para Veíc. Autom.,0,1,-1
07/2020,"Representantes Comerciais e Agentes do Com. de Produtos Alim., Bebidas e Fumo",2,0,2
07/2020,"Com. a Var. de Automóveis, Camionetas e Utilitários Novos",0,1,-1
07/2020,Com. Var. de Calçados,0,1,-1
07/2020,Com. Var. Especial. de Eletrod. e Equip. de áudio e Vídeo,8,0,8
07/2020,Com. Var. Especial. de Eletrod. e Equip. de áudio e Vídeo,3,0,3
07/2020,Com. Atac. de Produtos Alim. em Geral,2,1,1
07/2020,"Com. Var. de Doces, Balas, Bombons e Semelhantes",1,0,1
07/2020,Com. a Var. de Peças e Acessórios Novos para Veíc. Autom.,0,1,-1
07/2020,Com. Var. Especial. de Equip. e Suprimentos de Informática,1,0,1
07/2020,Com. Var. de Comb. para Veíc. Autom.,0,1,-1
07/2020,Com. Var. de Art. do Vestuário e Acessórios,0,1,-1
07/2020,Com. a Var. de Peças e Acessórios Novos para Veíc. Autom.,0,1,-1
07/2020,"Com. Var. de Merc. em Geral, com Pred. de Produtos Alim. - Minimercados, Mercearias e Armazéns",0,1,-1
07/2020,Com. Var. de Ferragens e Ferramentas,2,2,0
07/2020,"Com. Var. de Cosméticos, Produtos de Perfumaria e de Higiene Pessoal",0,1,-1
07/2020,Com. a Var. de Peças e Acessórios Novos para Veíc. Autom.,1,0,1
07/2020,Com. Var. de Produtos Alim. em Geral ou Especial. em Produtos Alim. não Especif. Ant.,2,1,1
07/2020,"Com. Atac. de Máquinas e Equip. para Uso Industrial, Partes e Peças",0,3,-3
07/2020,Com. Var. de Produtos Alim. em Geral ou Especial. em Produtos Alim. não Especif. Ant.,0,1,-1
07/2020,"Com. a Var. de Automóveis, Camionetas e Utilitários Novos",2,1,1
07/2020,Com. Var. Especial. de Equip. de Telefonia e Comunicação,0,1,-1
07/2020,Com. Var. de Móveis,3,0,3
07/2020,Com. Var. de Produtos Alim. em Geral ou Especial. em Produtos Alim. não Especif. Ant.,0,5,-5
07/2020,Serv. de Lanternagem ou Funilaria e Pintura de Veíc. Autom.,0,3,-3
07/2020,Com. Var. de Outros Produtos não Especif. Ant.,2,0,2
07/2020,Com. Atac. de Embalagens,2,4,-2
07/2020,Com. Var. de Vidros,5,0,5
07/2020,"Com. a Var. de Automóveis, Camionetas e Utilitários Novos",3,4,-1
07/2020,"Com. Atac. de Bombas e Compressores, Partes e Peças",1,0,1
07/2020,Com. Var. de Art. de óptica,1,0,1
07/2020,Com. Var. de Móveis,30,5,25
07/2020,Com. Var. de Móveis,6,0,6
07/2020,Com. a Var. de Peças e Acessórios Novos para Veíc. Autom.,0,1,-1
07/2020,Com. Var. de Comb. para Veíc. Autom.,0,1,-1
07/2020,"Com. Var. de Bicicletas e Triciclos, Peças e Acessórios",1,0,1
07/2020,Com. Var. de Comb. para Veíc. Autom.,0,1,-1
07/2020,"Com. Var. de Produtos Farmac., sem Manip. de Fórmulas",1,0,1
07/2020,Com. Var. de Carnes - Açougues,0,1,-1
07/2020,"Com. Var. de Merc. em Geral, com Pred. de Produtos Alim. - Superm.",2,0,2
07/2020,Com. Var. de Hortifrutigranjeiros,5,19,-14
07/2020,"Com. Atac. de Frutas, Verduras, Raízes, Tubérculos, Hortaliças e Legumes Frescos",1,0,1
07/2020,Com. Var. de Hortifrutigranjeiros,10,18,-8
07/2020,Padaria e Confeitaria com Pred. de Revenda,1,1,0
07/2020,Com. Var. de Art. do Vestuário e Acessórios,2,0,2
07/2020,"Com. Var. de Cosméticos, Produtos de Perfumaria e de Higiene Pessoal",0,1,-1
07/2020,"Com. Atac. de Merc. em Geral, com Pred. de Produtos Alim.",8,2,6
07/2020,"Com. Atac. de Cerveja, Chope e Refrigerante",0,1,-1
07/2020,Com. Var. de Comb. para Veíc. Autom.,1,0,1
07/2020,"Serv. de Lavagem, Lubrificação e Polimento de Veíc. Autom.",1,0,1
07/2020,Com. Var. de Art. do Vestuário e Acessórios,0,1,-1
07/2020,"Com. Var. Especial. de Peças e Acessórios para Aparelhos Eletroeletrônicos para Uso Doméstico, Exceto Informática e Comunicação",1,0,1
07/2020,"Com. Var. de Merc. em Geral, com Pred. de Produtos Alim. - Minimercados, Mercearias e Armazéns",0,1,-1
07/2020,"Com. Atac. de Frutas, Verduras, Raízes, Tubérculos, Hortaliças e Legumes Frescos",1,1,0
07/2020,Com. a Var. de Peças e Acessórios Novos para Veíc. Autom.,0,1,-1
07/2020,Com. Var. de Calçados,0,1,-1
07/2020,Serv. de Alinhamento e Balanceamento de Veíc. Autom.,1,0,1
07/2020,Com. Var. de Madeira e Artefatos,1,0,1
07/2020,Com. Var. de Mat. de Const. em Geral,1,3,-2
07/2020,"Com. Var. de Cosméticos, Produtos de Perfumaria e de Higiene Pessoal",1,1,0
07/2020,Com. Var. de Material Elétrico,1,0,1
07/2020,Com. Var. de Outros Art. de Uso Doméstico não Especif. Ant.,0,1,-1
07/2020,"Com. Var. de Produtos Farmac., sem Manip. de Fórmulas",1,1,0
07/2020,Com. Var. de Comb. para Veíc. Autom.,3,0,3
07/2020,"Com. Var. de Merc. em Geral, com Pred. de Produtos Alim. - Minimercados, Mercearias e Armazéns",4,2,2
07/2020,"Com. Var. de Produtos Farmac., sem Manip. de Fórmulas",1,0,1
07/2020,Com. Atac. de Produtos Odontológicos,0,1,-1
07/2020,Com. Atac. de Resíduos e Sucatas Metálicos,1,0,1
07/2020,Com. Atac. de Cosméticos e Produtos de Perfumaria,1,0,1
07/2020,"Com. Var. de Merc. em Geral, com Pred. de Produtos Alim. - Minimercados, Mercearias e Armazéns",1,1,0
07/2020,Com. Var. de Art. do Vestuário e Acessórios,3,22,-19
07/2020,Com. por Atacado de Caminhões Novos e Usados,3,1,2
07/2020,Com. Var. de Outros Produtos não Especif. Ant.,3,1,2
07/2020,Com. Var. de Art. de Papelaria,1,0,1
07/2020,"Com. Atac. de Frutas, Verduras, Raízes, Tubérculos, Hortaliças e Legumes Frescos",0,1,-1
07/2020,Com. Var. de Madeira e Artefatos,0,1,-1
07/2020,Com. Var. Especial. de Equip. e Suprimentos de Informática,1,0,1
07/2020,Com. Var. de Art. Médicos e Ortopédicos,1,0,1
07/2020,Com. Var. de Art. do Vestuário e Acessórios,0,1,-1
07/2020,Com. Var. de Comb. para Veíc. Autom.,0,1,-1
07/2020,Com. Atac. de Outros Equip. e Art. de Uso Pessoal e Doméstico não Especif. Ant.,0,1,-1
07/2020,"Com. Var. de Cosméticos, Produtos de Perfumaria e de Higiene Pessoal",0,4,-4
07/2020,Com. Var. de Plantas e Flores Naturais,0,1,-1
07/2020,"Com. Var. de Cal, Areia, Pedra Britada, Tijolos e Telhas",0,2,-2
07/2020,Com. Var. de Plantas e Flores Naturais,0,1,-1
07/2020,Com. Var. de Animais Vivos e de Art. e Alimentos para Animais de Estimação,0,1,-1
07/2020,Com. Var. de Comb. para Veíc. Autom.,1,1,0
07/2020,"Lojas de Variedades, Exceto Lojas de Dep. ou Magazines",0,1,-1
07/2020,Com. Var. de Livros,0,3,-3
07/2020,Com. Var. de Art. do Vestuário e Acessórios,0,1,-1
07/2020,"Com. Var. de Merc. em Geral, com Pred. de Produtos Alim. - Minimercados, Mercearias e Armazéns",0,1,-1
07/2020,"Com. Var. de Merc. em Geral, com Pred. de Produtos Alim. - Superm.",0,1,-1
07/2020,"Com. Var. de Merc. em Geral, com Pred. de Produtos Alim. - Minimercados, Mercearias e Armazéns",3,1,2
07/2020,"Serv. de Lavagem, Lubrificação e Polimento de Veíc. Autom.",3,0,3
07/2020,Com. Var. de Ferragens e Ferramentas,2,1,1
07/2020,Serv. de Lanternagem ou Funilaria e Pintura de Veíc. Autom.,0,1,-1
07/2020,Com. Var. de Vidros,2,1,1
07/2020,"Com. Var. de Cosméticos, Produtos de Perfumaria e de Higiene Pessoal",2,0,2
07/2020,"Com. Var. de Cosméticos, Produtos de Perfumaria e de Higiene Pessoal",0,1,-1
07/2020,"Com. Atac. de Merc. em Geral, com Pred. de Produtos Alim.",8,3,5
07/2020,Com. Atac. Especial. em Outros Produtos Alim. não Especif. Ant.,1,0,1
07/2020,Com. Atac. de Produtos Alim. em Geral,0,1,-1
07/2020,Representantes Comerciais e Agentes do Com. de Merc. em Geral não Especial.,1,0,1
07/2020,Com. Var. de Art. de Papelaria,1,0,1
07/2020,Com. Atac. Especial. em Outros Produtos Intermediários não Especif. Ant.,0,1,-1
07/2020,"Com. Var. de Cosméticos, Produtos de Perfumaria e de Higiene Pessoal",0,1,-1
07/2020,"Com. Atac. de Outras Máquinas e Equip. não Especif. Ant., Partes e Peças",1,4,-3
07/2020,Com. Var. de Brinquedos e Art. Recreativos,0,2,-2
07/2020,Com. Var. de Mat. de Const. não Especif. Ant.,0,1,-1
07/2020,Com. Var. de Carnes - Açougues,0,1,-1
07/2020,Com. Var. de Art. do Vestuário e Acessórios,1,0,1
07/2020,Com. Atac. de Embalagens,3,1,2
07/2020,Com. Var. de Comb. para Veíc. Autom.,1,1,0
07/2020,"Com. Var. de Bicicletas e Triciclos, Peças e Acessórios",0,1,-1
07/2020,Com. Var. de Outros Produtos não Especif. Ant.,1,1,0
07/2020,Com. a Var. de Peças e Acessórios Usados para Veíc. Autom.,3,1,2
07/2020,Com. Var. de Móveis,47,5,42
07/2020,Com. Var. de Mat. de Const. em Geral,2,0,2
07/2020,"Com. Var. de Produtos Farmac., com Manip. de Fórmulas",2,3,-1
07/2020,Com. a Var. de Peças e Acessórios Novos para Veíc. Autom.,4,0,4
07/2020,"Lojas de Variedades, Exceto Lojas de Dep. ou Magazines",0,1,-1
07/2020,Com. Var. de Brinquedos e Art. Recreativos,1,0,1
07/2020,Com. Var. de Tintas e Mat. para Pintura,1,0,1
07/2020,"Com. Var. de Cosméticos, Produtos de Perfumaria e de Higiene Pessoal",0,1,-1
07/2020,Com. Var. de Tintas e Mat. para Pintura,2,0,2
07/2020,Com. Var. de Art. de óptica,0,4,-4
07/2020,"Com. Var. de Doces, Balas, Bombons e Semelhantes",8,3,5
07/2020,"Com. Atac. de Chocolates, Confeitos, Balas, Bombons e Semelhantes",1,0,1
07/2020,Com. Var. de Móveis,4,1,3
07/2020,Com. Var. de Mat. de Const. em Geral,6,6,0
07/2020,"Com. Var. de Doces, Balas, Bombons e Semelhantes",0,1,-1
07/2020,"Com. Var. de Doces, Balas, Bombons e Semelhantes",0,2,-2
07/2020,"Com. Atac. de Máquinas e Equip. para Uso Industrial, Partes e Peças",1,0,1
07/2020,Com. Var. de Calçados,1,2,-1
07/2020,"Com. Var. de Merc. em Geral, com Pred. de Produtos Alim. - Minimercados, Mercearias e Armazéns",0,1,-1
07/2020,"Com. Var. de Merc. em Geral, com Pred. de Produtos Alim. - Minimercados, Mercearias e Armazéns",1,0,1
07/2020,"Com. Var. de Cosméticos, Produtos de Perfumaria e de Higiene Pessoal",1,0,1
07/2020,Comercio Var. de Art. de Armarinho,0,1,-1
07/2020,Com. Var. de Móveis,0,1,-1
07/2020,"Com. Var. de Merc. em Geral, com Pred. de Produtos Alim. - Minimercados, Mercearias e Armazéns",1,0,1
07/2020,Padaria e Confeitaria com Pred. de Revenda,1,0,1
07/2020,Com. Var. de Móveis,0,1,-1
07/2020,"Com. Var. de Merc. em Geral, com Pred. de Produtos Alim. - Minimercados, Mercearias e Armazéns",1,3,-2
07/2020,Com. Var. Especial. de Equip. e Suprimentos de Informática,1,0,1
07/2020,Com. Var. de Produtos Alim. em Geral ou Especial. em Produtos Alim. não Especif. Ant.,3,0,3
07/2020,"Serv. de Lavagem, Lubrificação e Polimento de Veíc. Autom.",17,3,14
07/2020,"Com. Var. de Doces, Balas, Bombons e Semelhantes",1,0,1
07/2020,"Com. Var. de Art. de Tapeçaria, Cortinas e Persianas",1,0,1
07/2020,Com. por Atacado de Motocicletas e Motonetas,0,1,-1
07/2020,"Com. Atac. de Máquinas e Equip. para Uso Industrial, Partes e Peças",1,0,1
07/2020,Com. Var. Especial. de Equip. de Telefonia e Comunicação,1,0,1
07/2020,"Com. Var. de Produtos Farmac., com Manip. de Fórmulas",5,3,2
07/2020,Com. Var. de Outros Produtos não Especif. Ant.,1,0,1
07/2020,Com. Var. Especial. de Equip. de Telefonia e Comunicação,5,0,5
07/2020,Com. Var. de Móveis,1,1,0
07/2020,Com. Atac. de Carnes Bovinas e Suínas e Derivados,1,0,1
07/2020,Com. Var. de Animais Vivos e de Art. e Alimentos para Animais de Estimação,2,0,2
07/2020,"Com. Atac. de Resíduos e Sucatas Não-Metálicos, Exceto de Papel e Papelão",0,1,-1
07/2020,"Serv. de Lavagem, Lubrificação e Polimento de Veíc. Autom.",0,2,-2
07/2020,Com. Var. de Comb. para Veíc. Autom.,1,0,1
07/2020,Com. Var. de Calçados,0,1,-1
07/2020,Com. Var. de Carnes - Açougues,0,1,-1
07/2020,Com. Var. de Hortifrutigranjeiros,2,0,2
07/2020,Com. Var. de Bebidas,1,0,1
07/2020,"Serv. de Lavagem, Lubrificação e Polimento de Veíc. Autom.",1,0,1
07/2020,Com. Var. de Produtos Alim. em Geral ou Especial. em Produtos Alim. não Especif. Ant.,0,1,-1
07/2020,Com. Var. de Animais Vivos e de Art. e Alimentos para Animais de Estimação,0,1,-1
07/2020,"Com. Var. de Merc. em Geral, com Pred. de Produtos Alim. - Minimercados, Mercearias e Armazéns",0,1,-1
07/2020,"Com. Var. de Produtos Farmac., sem Manip. de Fórmulas",1,0,1
07/2020,Serv. de Lanternagem ou Funilaria e Pintura de Veíc. Autom.,0,1,-1
07/2020,Com. Var. de Produtos Alim. em Geral ou Especial. em Produtos Alim. não Especif. Ant.,0,1,-1
07/2020,Com. Var. de Livros,0,1,-1
07/2020,Com. Var. Especial. de Equip. de Telefonia e Comunicação,0,1,-1
07/2020,Com. a Var. de Peças e Acessórios Novos para Veíc. Autom.,0,1,-1
07/2020,Com. a Var. de Pneumáticos e Câmaras-De-Ar,1,1,0
07/2020,Com. Var. de Art. de óptica,1,0,1
07/2020,Com. Var. de Plantas e Flores Naturais,0,1,-1
07/2020,"Com. Var. de Merc. em Geral, com Pred. de Produtos Alim. - Minimercados, Mercearias e Armazéns",4,2,2
07/2020,Com. Var. de Comb. para Veíc. Autom.,1,1,0
07/2020,"Com. Atac. de Outras Máquinas e Equip. não Especif. Ant., Partes e Peças",5,1,4
07/2020,"Com. Var. de Merc. em Geral, com Pred. de Produtos Alim. - Minimercados, Mercearias e Armazéns",1,0,1
07/2020,"Com. Var. de Merc. em Geral, com Pred. de Produtos Alim. - Minimercados, Mercearias e Armazéns",2,0,2
07/2020,Com. Var. de Móveis,1,0,1
07/2020,Com. Var. de Outros Produtos não Especif. Ant.,0,1,-1
07/2020,Padaria e Confeitaria com Pred. de Revenda,1,1,0
07/2020,"Com. Var. de Suvenires, Bijuterias e Artesanatos",0,1,-1
07/2020,"Com. Var. de Merc. em Geral, com Pred. de Produtos Alim. - Minimercados, Mercearias e Armazéns",0,2,-2
07/2020,"Com. Atac. de Instrumentos e Mat. para Uso Médico, Cirúrgico, Hospitalar e de Laboratórios",2,20,-18
07/2020,Padaria e Confeitaria com Pred. de Revenda,0,2,-2
07/2020,Com. Var. de Comb. para Veíc. Autom.,3,2,1
07/2020,Com. Var. de Mat. Hidráulicos,1,0,1
07/2020,Com. Var. Especial. de Equip. de Telefonia e Comunicação,0,1,-1
07/2020,"Com. a Var. de Automóveis, Camionetas e Utilitários Novos",0,1,-1
07/2020,Serv. de Manutenção e Reparação Mecânica de Veíc. Autom.,0,1,-1
07/2020,Com. Var. de Móveis,1,0,1
07/2020,Com. Atac. de Outros Equip. e Art. de Uso Pessoal e Doméstico não Especif. Ant.,1,2,-1
07/2020,Com. Var. de Produtos Alim. em Geral ou Especial. em Produtos Alim. não Especif. Ant.,77,4,73
07/2020,Com. Var. de Material Elétrico,2,3,-1
07/2020,Com. Var. de Produtos Alim. em Geral ou Especial. em Produtos Alim. não Especif. Ant.,0,1,-1
07/2020,Com. Atac. de Cosméticos e Produtos de Perfumaria,0,3,-3
07/2020,Serv. de Manutenção e Reparação Mecânica de Veíc. Autom.,1,0,1
07/2020,"Com. Var. de Cosméticos, Produtos de Perfumaria e de Higiene Pessoal",0,1,-1
07/2020,"Com. Atac. de Frutas, Verduras, Raízes, Tubérculos, Hortaliças e Legumes Frescos",1,0,1
07/2020,Com. a Var. de Peças e Acessórios Novos para Veíc. Autom.,0,1,-1
07/2020,"Com. Var. de Merc. em Geral, com Pred. de Produtos Alim. - Superm.",1,1,0
07/2020,Com. Atac. de Produtos Alim. em Geral,17,9,8
07/2020,Com. Var. Especial. de Eletrod. e Equip. de áudio e Vídeo,25,5,20
07/2020,Com. Var. de Outros Art. de Uso Doméstico não Especif. Ant.,0,1,-1
07/2020,"Com. Var. de Produtos Farmac., sem Manip. de Fórmulas",1,0,1
07/2020,Com. Var. de Móveis,0,1,-1
07/2020,Com. Var. de Art. do Vestuário e Acessórios,1,0,1
07/2020,Com. Var. de Mat. de Const. em Geral,0,1,-1
07/2020,Com. Var. de Art. do Vestuário e Acessórios,0,1,-1
07/2020,Com. Var. de Art. de Papelaria,0,1,-1
07/2020,Com. Var. de Mat. de Const. em Geral,1,0,1
07/2020,Com. Var. de Art. do Vestuário e Acessórios,0,1,-1
07/2020,Com. Var. de Outros Produtos não Especif. Ant.,1,0,1
07/2020,Padaria e Confeitaria com Pred. de Revenda,0,1,-1
07/2020,Com. a Var. de Peças e Acessórios Novos para Veíc. Autom.,0,1,-1
07/2020,Com. Var. de Mat. de Const. não Especif. Ant.,1,0,1
07/2020,Serv. de Lanternagem ou Funilaria e Pintura de Veíc. Autom.,0,1,-1
07/2020,Comercio Var. de Art. de Armarinho,1,0,1
07/2020,Com. Var. de Art. de óptica,0,1,-1
07/2020,Com. Var. de Livros,0,4,-4
07/2020,"Com. Var. de Discos, Cds, Dvds e Fitas",0,1,-1
07/2020,Com. Var. de Hortifrutigranjeiros,3,0,3
07/2020,"Lojas de Variedades, Exceto Lojas de Dep. ou Magazines",0,1,-1
07/2020,Serv. de Borracharia para Veíc. Autom.,2,1,1
07/2020,Padaria e Confeitaria com Pred. de Revenda,2,1,1
07/2020,"Com. Var. de Produtos Farmac., sem Manip. de Fórmulas",1,0,1
07/2020,Com. Var. de Animais Vivos e de Art. e Alimentos para Animais de Estimação,2,0,2
07/2020,Com. Var. de Carnes - Açougues,0,1,-1
07/2020,"Com. Atac. de Máquinas e Equip. para Uso Industrial, Partes e Peças",0,1,-1
07/2020,"Com. Atac. de Resíduos e Sucatas Não-Metálicos, Exceto de Papel e Papelão",1,0,1
07/2020,Serv. de Manutenção e Reparação Elétrica de Veíc. Autom.,2,0,2
07/2020,Com. Var. de Mat. de Const. não Especif. Ant.,1,0,1
07/2020,"Com. Var. de Merc. em Geral, com Pred. de Produtos Alim. - Superm.",2,0,2
07/2020,Com. Var. de Mat. de Const. não Especif. Ant.,0,2,-2
07/2020,"Com. Var. de Produtos Farmac., sem Manip. de Fórmulas",1,0,1
07/2020,Com. Atac. de Produtos Alim. em Geral,0,1,-1
07/2020,"Comercio Var. de Art. de Cama, Mesa e Banho",0,1,-1
07/2020,Serv. de Lanternagem ou Funilaria e Pintura de Veíc. Autom.,1,0,1
07/2020,Com. Var. de Animais Vivos e de Art. e Alimentos para Animais de Estimação,1,0,1
07/2020,Com. Var. de Produtos Alim. em Geral ou Especial. em Produtos Alim. não Especif. Ant.,1,0,1
07/2020,Com. Var. de Produtos Alim. em Geral ou Especial. em Produtos Alim. não Especif. Ant.,0,3,-3
07/2020,Com. Var. de Carnes - Açougues,1,1,0
07/2020,Com. Var. de Outros Produtos não Especif. Ant.,1,0,1
07/2020,Com. Var. de Tintas e Mat. para Pintura,0,1,-1
07/2020,Com. a Var. de Motocicletas e Motonetas Novas,1,0,1
07/2020,Com. Var. de Produtos Alim. em Geral ou Especial. em Produtos Alim. não Especif. Ant.,1,0,1
07/2020,"Com. Var. de Cosméticos, Produtos de Perfumaria e de Higiene Pessoal",0,1,-1
07/2020,Serv. de Lanternagem ou Funilaria e Pintura de Veíc. Autom.,0,1,-1
07/2020,Padaria e Confeitaria com Pred. de Revenda,1,0,1
07/2020,Com. Var. Especial. de Eletrod. e Equip. de áudio e Vídeo,0,5,-5
07/2020,"Com. Var. de Merc. em Geral, com Pred. de Produtos Alim. - Minimercados, Mercearias e Armazéns",1,0,1
07/2020,Com. Var. de Outros Produtos não Especif. Ant.,1,2,-1
07/2020,Com. Var. de Calçados,0,1,-1
07/2020,Com. Var. de Mat. de Const. não Especif. Ant.,2,0,2
07/2020,"Com. Var. de Cosméticos, Produtos de Perfumaria e de Higiene Pessoal",3,0,3
07/2020,Padaria e Confeitaria com Pred. de Revenda,1,0,1
07/2020,Com. Var. de Art. do Vestuário e Acessórios,0,1,-1
07/2020,Com. Var. de Mat. de Const. em Geral,3,0,3
07/2020,Com. Var. de Bebidas,1,1,0
07/2020,Com. a Var. de Peças e Acessórios Novos para Veíc. Autom.,0,1,-1
07/2020,"Com. Var. de Suvenires, Bijuterias e Artesanatos",0,1,-1
07/2020,Com. Var. de Art. de óptica,1,0,1
07/2020,Com. Var. de Gás LiqüEfeito de Petróleo (Glp),1,0,1
07/2020,Com. Var. de Art. do Vestuário e Acessórios,0,1,-1
07/2020,Com. Var. de Art. do Vestuário e Acessórios,1,1,0
07/2020,"Com. Var. de Merc. em Geral, com Pred. de Produtos Alim. - Hipermercados",11,8,3
07/2020,Com. Var. de Merc. em Lojas de Conveniência,1,0,1
07/2020,Com. Var. de Art. de Joalheria,0,1,-1
07/2020,"Com. Var. de Merc. em Geral, com Pred. de Produtos Alim. - Superm.",0,1,-1
07/2020,"Serv. de Lavagem, Lubrificação e Polimento de Veíc. Autom.",2,0,2
07/2020,Com. Var. de Art. do Vestuário e Acessórios,0,1,-1
07/2020,Com. por Atacado de Pneumáticos e Câmaras-De-Ar,3,0,3
07/2020,Com. Var. de Art. de óptica,0,1,-1
07/2020,Com. Var. de Art. do Vestuário e Acessórios,0,1,-1
07/2020,"Lojas de Variedades, Exceto Lojas de Dep. ou Magazines",1,0,1
07/2020,Com. Var. de Gás LiqüEfeito de Petróleo (Glp),1,0,1
07/2020,Com. Var. de Plantas e Flores Naturais,2,0,2
07/2020,Com. a Var. de Peças e Acessórios Novos para Veíc. Autom.,1,0,1
07/2020,"Com. Var. de Merc. em Geral, com Pred. de Produtos Alim. - Minimercados, Mercearias e Armazéns",0,1,-1
07/2020,"Com. Var. de Merc. em Geral, com Pred. de Produtos Alim. - Superm.",0,3,-3
07/2020,"Com. Var. Especial. de Peças e Acessórios para Aparelhos Eletroeletrônicos para Uso Doméstico, Exceto Informática e Comunicação",0,1,-1
07/2020,"Com. Atac. de Merc. em Geral, com Pred. de Produtos Alim.",1,0,1
07/2020,"Com. Atac. de Frutas, Verduras, Raízes, Tubérculos, Hortaliças e Legumes Frescos",0,1,-1
07/2020,"Com. Var. de Merc. em Geral, com Pred. de Produtos Alim. - Superm.",0,3,-3
07/2020,Com. Var. Especial. de Eletrod. e Equip. de áudio e Vídeo,0,1,-1
07/2020,Com. Var. Especial. de Eletrod. e Equip. de áudio e Vídeo,128,31,97
07/2020,Com. Var. Especial. de Eletrod. e Equip. de áudio e Vídeo,0,2,-2
07/2020,Com. Var. Especial. de Eletrod. e Equip. de áudio e Vídeo,0,3,-3
07/2020,"Com. Var. de Merc. em Geral, com Pred. de Produtos Alim. - Minimercados, Mercearias e Armazéns",1,0,1
07/2020,Com. Var. de Mat. de Const. em Geral,2,0,2
07/2020,Com. Var. de Art. do Vestuário e Acessórios,0,8,-8
07/2020,Com. Var. de Art. do Vestuário e Acessórios,2,4,-2
07/2020,Com. Var. Especial. de Equip. de Telefonia e Comunicação,1,0,1
07/2020,Com. a Var. de Peças e Acessórios Novos para Veíc. Autom.,2,0,2
07/2020,Com. Atac. de Outros Produtos Químicos e Petroquímicos não Especif. Ant.,1,0,1
07/2020,Serv. de Lanternagem ou Funilaria e Pintura de Veíc. Autom.,1,0,1
07/2020,Com. Var. de Ferragens e Ferramentas,4,0,4
07/2020,Com. Var. de Outros Art. Usados,1,2,-1
07/2020,"Com. Atac. de Outras Máquinas e Equip. não Especif. Ant., Partes e Peças",5,3,2
07/2020,"Com. Atac. de Outras Máquinas e Equip. não Especif. Ant., Partes e Peças",1,1,0
07/2020,Com. Var. de Merc. em Lojas de Conveniência,2,0,2
07/2020,Com. Var. de Art. de Colchoaria,3,0,3
07/2020,"Com. Var. de Produtos Farmac., sem Manip. de Fórmulas",1,0,1
07/2020,Com. Var. de Art. de óptica,1,0,1
07/2020,"Com. Var. de Produtos Farmac., sem Manip. de Fórmulas",1,0,1
07/2020,Com. Var. de Art. de óptica,0,1,-1
07/2020,Padaria e Confeitaria com Pred. de Revenda,2,0,2
07/2020,Com. Var. de Mat. de Const. em Geral,0,1,-1
07/2020,"Com. Var. de Merc. em Geral, com Pred. de Produtos Alim. - Minimercados, Mercearias e Armazéns",1,0,1
07/2020,Com. Var. de Ferragens e Ferramentas,0,2,-2
07/2020,"Com. Var. de Merc. em Geral, com Pred. de Produtos Alim. - Minimercados, Mercearias e Armazéns",0,1,-1
07/2020,Com. Var. de Produtos Alim. em Geral ou Especial. em Produtos Alim. não Especif. Ant.,2,0,2
07/2020,Com. Var. de Bebidas,2,0,2
07/2020,Com. Var. de Art. do Vestuário e Acessórios,1,1,0
07/2020,Com. Var. de Ferragens e Ferramentas,2,0,2
07/2020,Com. Var. de Art. do Vestuário e Acessórios,0,1,-1
07/2020,"Com. Var. de Doces, Balas, Bombons e Semelhantes",0,1,-1
07/2020,Com. Var. Especial. de Eletrod. e Equip. de áudio e Vídeo,0,1,-1
07/2020,Com. Var. de Plantas e Flores Naturais,1,0,1
07/2020,"Com. Var. de Cosméticos, Produtos de Perfumaria e de Higiene Pessoal",0,1,-1
07/2020,Com. Var. de Art. do Vestuário e Acessórios,1,0,1
07/2020,Com. Var. de Art. do Vestuário e Acessórios,0,3,-3
07/2020,Com. Var. de Art. do Vestuário e Acessórios,0,2,-2
07/2020,Com. Atac. de Cereais e Leguminosas Beneficiados,1,0,1
07/2020,Com. Var. de Calçados,0,8,-8
07/2020,Com. Var. de Calçados,0,14,-14
07/2020,Com. Var. de Calçados,0,1,-1
07/2020,Com. Var. de Calçados,0,13,-13
07/2020,Com. Var. de Calçados,0,7,-7
07/2020,Com. Var. de Calçados,0,5,-5
07/2020,Com. Var. de Calçados,0,16,-16
07/2020,Com. Var. de Calçados,0,3,-3
07/2020,"Com. Var. de Merc. em Geral, com Pred. de Produtos Alim. - Hipermercados",23,4,19
07/2020,Com. Var. de Comb. para Veíc. Autom.,3,0,3
07/2020,Com. Var. de Mat. de Const. não Especif. Ant.,1,0,1
07/2020,Com. Var. de Madeira e Artefatos,1,1,0
07/2020,Com. Atac. de Produtos Alim. em Geral,1,1,0
07/2020,Com. Var. de Móveis,0,1,-1
07/2020,"Com. Var. de Merc. em Geral, com Pred. de Produtos Alim. - Superm.",0,4,-4
07/2020,"Com. Var. de Merc. em Geral, com Pred. de Produtos Alim. - Hipermercados",1,0,1
07/2020,Com. Var. de Equip. para Escritório,1,0,1
07/2020,Com. Var. de Plantas e Flores Naturais,1,0,1
07/2020,"Com. Var. de Merc. em Geral, com Pred. de Produtos Alim. - Superm.",1,1,0
07/2020,Lojas de Dep. ou Magazines (Desativado),0,1,-1
07/2020,Com. Var. de Comb. para Veíc. Autom.,0,1,-1
07/2020,Com. Var. de Lubrificantes,1,0,1
07/2020,Com. Var. de Gás LiqüEfeito de Petróleo (Glp),3,2,1
07/2020,Com. a Var. de Peças e Acessórios Novos para Veíc. Autom.,2,0,2
07/2020,"Comercio Var. de Art. de Cama, Mesa e Banho",1,0,1
07/2020,Com. Var. de Comb. para Veíc. Autom.,0,1,-1
07/2020,Com. Var. de Madeira e Artefatos,0,1,-1
07/2020,"Com. Var. de Merc. em Geral, com Pred. de Produtos Alim. - Superm.",1,0,1
07/2020,Com. Var. de Mat. de Const. em Geral,1,0,1
07/2020,"Com. Var. de Produtos Farmac., sem Manip. de Fórmulas",0,1,-1
07/2020,"Com. a Var. de Automóveis, Camionetas e Utilitários Novos",2,2,0
07/2020,Padaria e Confeitaria com Pred. de Revenda,1,1,0
07/2020,Com. Var. de Art. de Joalheria,0,1,-1
07/2020,Com. Var. de Produtos Alim. em Geral ou Especial. em Produtos Alim. não Especif. Ant.,0,1,-1
07/2020,Com. a Var. de Peças e Acessórios Novos para Veíc. Autom.,0,1,-1
07/2020,Com. a Var. de Motocicletas e Motonetas Novas,0,1,-1
07/2020,Padaria e Confeitaria com Pred. de Revenda,1,1,0
07/2020,Com. Var. de Comb. para Veíc. Autom.,1,1,0
07/2020,"Com. Var. de Merc. em Geral, com Pred. de Produtos Alim. - Superm.",0,2,-2
07/2020,"Com. Var. de Merc. em Geral, com Pred. de Produtos Alim. - Superm.",3,2,1
07/2020,"Com. Var. de Merc. em Geral, com Pred. de Produtos Alim. - Superm.",0,4,-4
07/2020,"Com. Var. de Merc. em Geral, com Pred. de Produtos Alim. - Superm.",1,6,-5
07/2020,"Com. Var. de Merc. em Geral, com Pred. de Produtos Alim. - Superm.",15,12,3
07/2020,"Com. Var. de Merc. em Geral, com Pred. de Produtos Alim. - Superm.",2,1,1
07/2020,"Com. Var. de Merc. em Geral, com Pred. de Produtos Alim. - Superm.",2,12,-10
07/2020,Com. Atac. de Produtos Alim. em Geral,0,1,-1
07/2020,"Com. Var. de Merc. em Geral, com Pred. de Produtos Alim. - Superm.",6,4,2
07/2020,"Com. Var. de Merc. em Geral, com Pred. de Produtos Alim. - Superm.",0,1,-1
07/2020,"Com. Var. de Merc. em Geral, com Pred. de Produtos Alim. - Superm.",2,7,-5
07/2020,"Com. Var. de Merc. em Geral, com Pred. de Produtos Alim. - Superm.",3,9,-6
07/2020,"Com. Var. de Merc. em Geral, com Pred. de Produtos Alim. - Superm.",6,15,-9
07/2020,Padaria e Confeitaria com Pred. de Revenda,0,1,-1
07/2020,"Com. a Var. de Automóveis, Camionetas e Utilitários Novos",0,1,-1
07/2020,Padaria e Confeitaria com Pred. de Revenda,0,1,-1
07/2020,Com. Var. de Mat. de Const. não Especif. Ant.,1,0,1
07/2020,Com. a Var. de Peças e Acessórios Novos para Veíc. Autom.,0,1,-1
07/2020,Com. Var. de Mat. de Const. em Geral,1,0,1
07/2020,"Com. Var. de Merc. em Geral, com Pred. de Produtos Alim. - Superm.",4,4,0
07/2020,"Com. Var. de Merc. em Geral, com Pred. de Produtos Alim. - Superm.",6,6,0
07/2020,"Com. Var. de Merc. em Geral, com Pred. de Produtos Alim. - Superm.",3,1,2
07/2020,"Com. Var. de Merc. em Geral, com Pred. de Produtos Alim. - Superm.",2,1,1
07/2020,"Com. Var. de Merc. em Geral, com Pred. de Produtos Alim. - Superm.",3,4,-1
07/2020,"Com. Atac. de Frutas, Verduras, Raízes, Tubérculos, Hortaliças e Legumes Frescos",2,1,1
07/2020,Com. Var. de Produtos Alim. em Geral ou Especial. em Produtos Alim. não Especif. Ant.,0,1,-1
07/2020,Com. Var. de Mat. de Const. em Geral,1,0,1
07/2020,Com. Atac. de Art. de Escritório e de Papelaria,0,1,-1
07/2020,"Com. Atac. de Máquinas, Aparelhos e Equip. para Uso Agropecuário, Partes e Peças",1,5,-4
07/2020,Com. Atac. de Produtos Alim. em Geral,3,4,-1
07/2020,Com. Var. de Art. Fotográficos e para Filmagem,0,1,-1
07/2020,"Com. Var. de Produtos Farmac., com Manip. de Fórmulas",5,4,1
07/2020,Comercio Var. de Art. de Armarinho,1,0,1
07/2020,Com. Var. de Ferragens e Ferramentas,0,1,-1
07/2020,Com. a Var. de Peças e Acessórios Novos para Veíc. Autom.,0,1,-1
07/2020,Padaria e Confeitaria com Pred. de Revenda,0,1,-1
07/2020,"Com. Var. de Produtos Farmac., sem Manip. de Fórmulas",0,1,-1
07/2020,"Com. Atac. de Outras Máquinas e Equip. não Especif. Ant., Partes e Peças",1,0,1
07/2020,Com. Var. de Animais Vivos e de Art. e Alimentos para Animais de Estimação,0,1,-1
07/2020,"Com. Var. de Merc. em Geral, com Pred. de Produtos Alim. - Minimercados, Mercearias e Armazéns",0,1,-1
07/2020,"Com. Var. de Merc. em Geral, com Pred. de Produtos Alim. - Minimercados, Mercearias e Armazéns",0,1,-1
07/2020,"Com. Var. de Merc. em Geral, com Pred. de Produtos Alim. - Minimercados, Mercearias e Armazéns",1,1,0
07/2020,"Com. a Var. de Automóveis, Camionetas e Utilitários Novos",6,2,4
07/2020,Com. Var. de Comb. para Veíc. Autom.,0,1,-1
07/2020,"Com. Atac. de Máquinas, Aparelhos e Equip. para Uso Agropecuário, Partes e Peças",2,0,2
07/2020,Com. Var. Especial. de Eletrod. e Equip. de áudio e Vídeo,1,0,1
07/2020,"Com. a Var. de Automóveis, Camionetas e Utilitários Usados",0,1,-1
07/2020,"Com. a Var. de Automóveis, Camionetas e Utilitários Usados",1,0,1
07/2020,Com. Var. de Mat. de Const. não Especif. Ant.,0,1,-1
07/2020,Serv. de Manutenção e Reparação Mecânica de Veíc. Autom.,0,1,-1
07/2020,Com. a Var. de Peças e Acessórios para Motocicletas e Motonetas (Desativado),1,0,1
07/2020,"Com. Var. de Merc. em Geral, com Pred. de Produtos Alim. - Minimercados, Mercearias e Armazéns",1,1,0
07/2020,Com. Atac. de Cosméticos e Produtos de Perfumaria,0,1,-1
07/2020,Com. Var. de Brinquedos e Art. Recreativos,0,1,-1
07/2020,"Com. Atac. de Cerveja, Chope e Refrigerante",16,6,10
07/2020,Com. Var. de Comb. para Veíc. Autom.,0,1,-1
07/2020,Padaria e Confeitaria com Pred. de Revenda,1,2,-1
07/2020,Com. Var. de Outros Produtos não Especif. Ant.,0,1,-1
07/2020,Com. Var. de Tintas e Mat. para Pintura,0,1,-1
07/2020,Com. Var. de Animais Vivos e de Art. e Alimentos para Animais de Estimação,1,0,1
07/2020,Com. Atac. de Aves Vivas e Ovos,0,1,-1
07/2020,Com. Var. de Comb. para Veíc. Autom.,0,1,-1
07/2020,Com. Atac. de Ferragens e Ferramentas,1,0,1
07/2020,Com. Var. de Produtos Alim. em Geral ou Especial. em Produtos Alim. não Especif. Ant.,0,1,-1
07/2020,"Com. Var. de Produtos Farmac., sem Manip. de Fórmulas",0,2,-2
07/2020,Com. Var. de Mat. de Const. não Especif. Ant.,1,0,1
07/2020,Com. por Atacado de Caminhões Novos e Usados,0,2,-2
07/2020,Com. Atac. de Aves Vivas e Ovos,1,0,1
07/2020,Com. Atac. de Aves Vivas e Ovos,0,1,-1
07/2020,Lojas de Dep. ou Magazines (Desativado),2,1,1
07/2020,"Lojas de Dep. ou Magazines, Exceto Lojas Francas (Duty Free)",16,0,16
07/2020,Com. a Var. de Peças e Acessórios Novos para Veíc. Autom.,0,1,-1
07/2020,"Com. Atac. de Cerveja, Chope e Refrigerante",1,5,-4
07/2020,"Com. Var. de Merc. em Geral, com Pred. de Produtos Alim. - Superm.",9,8,1
07/2020,"Com. Var. de Produtos Farmac., sem Manip. de Fórmulas",0,1,-1
07/2020,"Com. Var. de Produtos Farmac., sem Manip. de Fórmulas",3,1,2
07/2020,"Com. Var. de Produtos Farmac., sem Manip. de Fórmulas",1,1,0
07/2020,"Com. Atac. de Máquinas, Aparelhos e Equip. para Uso Agropecuário, Partes e Peças",0,1,-1
07/2020,"Com. Var. de Produtos Farmac., sem Manip. de Fórmulas",0,1,-1
07/2020,"Com. Var. de Produtos Farmac., sem Manip. de Fórmulas",0,1,-1
07/2020,"Com. Var. de Produtos Farmac., sem Manip. de Fórmulas",0,1,-1
07/2020,"Com. Var. de Produtos Farmac., sem Manip. de Fórmulas",0,1,-1
07/2020,"Com. Var. de Produtos Farmac., sem Manip. de Fórmulas",0,1,-1
07/2020,"Com. Var. de Produtos Farmac., sem Manip. de Fórmulas",1,1,0
07/2020,"Com. Var. de Produtos Farmac., sem Manip. de Fórmulas",0,3,-3
07/2020,"Com. Var. de Produtos Farmac., sem Manip. de Fórmulas",0,1,-1
07/2020,"Com. Var. de Produtos Farmac., sem Manip. de Fórmulas",1,0,1
07/2020,"Com. Atac. de Cerveja, Chope e Refrigerante",3,0,3
07/2020,Com. Var. de Tintas e Mat. para Pintura,1,0,1
07/2020,"Com. Var. de Merc. em Geral, com Pred. de Produtos Alim. - Minimercados, Mercearias e Armazéns",0,1,-1
07/2020,Com. Var. de Plantas e Flores Naturais,5,8,-3
07/2020,Com. Var. de Mat. de Const. em Geral,0,1,-1
07/2020,Com. por Atacado de Peças e Acessórios Novos para Veíc. Autom.,1,0,1
07/2020,"Com. Var. de Produtos Farmac., sem Manip. de Fórmulas",1,1,0
07/2020,Com. Var. de Comb. para Veíc. Autom.,1,0,1
07/2020,"Com. Var. de Merc. em Geral, com Pred. de Produtos Alim. - Superm.",21,21,0
07/2020,Com. Var. de Outros Produtos não Especif. Ant.,1,3,-2
07/2020,"Com. Var. de Produtos Farmac., sem Manip. de Fórmulas",0,3,-3
07/2020,Com. Var. de Mat. de Const. não Especif. Ant.,1,1,0
07/2020,"Com. Var. de Merc. em Geral, com Pred. de Produtos Alim. - Superm.",1,1,0
07/2020,Com. Atac. de Outros Produtos Químicos e Petroquímicos não Especif. Ant.,1,0,1
07/2020,Com. Var. de Produtos Alim. em Geral ou Especial. em Produtos Alim. não Especif. Ant.,0,1,-1
07/2020,Com. Var. de Art. do Vestuário e Acessórios,0,1,-1
07/2020,Com. Var. de Mat. de Const. não Especif. Ant.,6,3,3
07/2020,Com. Var. de Mat. de Const. não Especif. Ant.,0,1,-1
07/2020,Padaria e Confeitaria com Pred. de Revenda,0,1,-1
07/2020,"Com. Var. de Produtos Farmac., sem Manip. de Fórmulas",1,0,1
07/2020,"Com. Var. de Merc. em Geral, com Pred. de Produtos Alim. - Minimercados, Mercearias e Armazéns",1,0,1
07/2020,Padaria e Confeitaria com Pred. de Revenda,3,1,2
07/2020,"Com. Var. de Produtos Farmac., com Manip. de Fórmulas",3,4,-1
07/2020,Com. a Var. de Peças e Acessórios Novos para Veíc. Autom.,0,1,-1
07/2020,"Com. a Var. de Automóveis, Camionetas e Utilitários Novos",1,2,-1
07/2020,Com. Var. de Tintas e Mat. para Pintura,0,1,-1
07/2020,Com. Var. de Tintas e Mat. para Pintura,1,0,1
07/2020,Com. Var. de Tintas e Mat. para Pintura,1,0,1
07/2020,Com. Var. de Tintas e Mat. para Pintura,2,1,1
07/2020,Com. Var. de Outros Produtos não Especif. Ant.,0,1,-1
07/2020,"Com. Atac. de Merc. em Geral, com Pred. de Insumos Agropecuários",1,1,0
07/2020,"Com. Atac. de Cerveja, Chope e Refrigerante",1,6,-5
07/2020,Com. Var. de Ferragens e Ferramentas,1,1,0
07/2020,"Com. Var. de Merc. em Geral, com Pred. de Produtos Alim. - Superm.",1,0,1
07/2020,"Com. Var. de Produtos Farmac., sem Manip. de Fórmulas",1,0,1
07/2020,"Com. Var. de Merc. em Geral, com Pred. de Produtos Alim. - Hipermercados",23,14,9
07/2020,Com. a Var. de Peças e Acessórios Novos para Veíc. Autom.,0,1,-1
07/2020,"Com. Var. de Merc. em Geral, com Pred. de Produtos Alim. - Hipermercados",0,1,-1
07/2020,Com. Atac. Especial. de Mat. de Const. não Especif. Ant.,1,0,1
07/2020,Com. por Atacado de Motocicletas e Motonetas,0,20,-20
07/2020,Com. Var. Especial. de Equip. e Suprimentos de Informática,1,1,0
07/2020,Com. Var. de Art. do Vestuário e Acessórios,0,1,-1
07/2021,Com. Var. Especial. de Equip. e Suprimentos de Informática,0,2,-2
07/2021,Com. Var. Especial. de Equip. de Telefonia e Comunicação,0,1,-1
07/2021,"Com. Var. de Produtos Farmac., sem Manip. de Fórmulas",1,0,1
07/2021,Com. Atac. de Ferragens e Ferramentas,1,0,1
07/2021,Com. Var. Especial. de Eletrod. e Equip. de áudio e Vídeo,1,1,0
07/2021,Com. Var. Especial. de Eletrod. e Equip. de áudio e Vídeo,0,1,-1
07/2021,Padaria e Confeitaria com Pred. de Revenda,0,1,-1
07/2021,Com. Atac. de Ferragens e Ferramentas,2,0,2
07/2021,Com. Var. de Outros Produtos não Especif. Ant.,1,0,1
07/2021,Com. Var. de Outros Produtos não Especif. Ant.,0,1,-1
07/2021,Com. Var. de Móveis,1,0,1
07/2021,Com. a Var. de Peças e Acessórios Novos para Veíc. Autom.,1,1,0
07/2021,Com. a Var. de Peças e Acessórios Novos para Veíc. Autom.,4,1,3
07/2021,"Com. Atac. de Frutas, Verduras, Raízes, Tubérculos, Hortaliças e Legumes Frescos",0,1,-1
07/2021,"Com. Var. de Art. de Caça, Pesca e Camping",0,1,-1
07/2021,"Com. a Var. de Automóveis, Camionetas e Utilitários Usados",1,0,1
07/2021,"Com. Var. de Produtos Farmac., com Manip. de Fórmulas",0,1,-1
07/2021,Com. a Var. de Pneumáticos e Câmaras-De-Ar,0,1,-1
07/2021,"Representantes Comerciais e Agentes do Com. de Têxteis, Vestuário, Calçados e Art. de Viagem",4,0,4
07/2021,Com. Var. de Material Elétrico,1,1,0
07/2021,Com. Var. de Lubrificantes,1,1,0
07/2021,"Com. Var. de Merc. em Geral, com Pred. de Produtos Alim. - Hipermercados",21,14,7
07/2021,"Com. a Var. de Automóveis, Camionetas e Utilitários Novos",1,1,0
07/2021,Com. Var. de Material Elétrico,2,1,1
07/2021,Com. Atac. de Medicamentos e Drogas de Uso Humano,26,36,-10
07/2021,"Com. Var. de Produtos Farmac., sem Manip. de Fórmulas",0,2,-2
07/2021,Com. Var. de Hortifrutigranjeiros,0,1,-1
07/2021,Padaria e Confeitaria com Pred. de Revenda,1,0,1
07/2021,"Com. Var. de Produtos Farmac., sem Manip. de Fórmulas",1,1,0
07/2021,Com. Atac. Especial. em Outros Produtos Intermediários não Especif. Ant.,0,1,-1
07/2021,"Com. Var. de Cosméticos, Produtos de Perfumaria e de Higiene Pessoal",1,0,1
07/2021,Com. a Var. de Peças e Acessórios Novos para Veíc. Autom.,0,1,-1
07/2021,Com. Atac. de Produtos Alim. em Geral,1,1,0
07/2021,Com. Var. de Art. do Vestuário e Acessórios,1,0,1
07/2021,Com. Var. de Outros Produtos não Especif. Ant.,1,0,1
07/2021,"Com. Var. de Doces, Balas, Bombons e Semelhantes",2,1,1
07/2021,Com. Var. de Lubrificantes,0,1,-1
07/2021,Com. Var. de Produtos Alim. em Geral ou Especial. em Produtos Alim. não Especif. Ant.,1,1,0
07/2021,Com. Atac. de Carnes Bovinas e Suínas e Derivados,6,9,-3
07/2021,Com. Var. Especial. de Equip. de Telefonia e Comunicação,0,1,-1
07/2021,Com. a Var. de Peças e Acessórios Novos para Veíc. Autom.,0,1,-1
07/2021,"Com. Atac. de Outras Máquinas e Equip. não Especif. Ant., Partes e Peças",1,0,1
07/2021,"Com. Var. de Merc. em Geral, com Pred. de Produtos Alim. - Minimercados, Mercearias e Armazéns",2,0,2
07/2021,Com. Var. de Outros Produtos não Especif. Ant.,1,0,1
07/2021,Com. por Atacado de Pneumáticos e Câmaras-De-Ar,2,2,0
07/2021,Com. Atac. de Resíduos de Papel e Papelão,1,2,-1
07/2021,Com. Var. de Outros Art. de Uso Doméstico não Especif. Ant.,2,2,0
07/2021,Com. Var. de Comb. para Veíc. Autom.,1,1,0
07/2021,"Com. Atac. de Bicicletas, Triciclos e Outros Veíc. Recreativos",0,1,-1
07/2021,Com. por Atacado de Peças e Acessórios Novos para Veíc. Autom.,0,1,-1
07/2021,Com. Var. de Art. Esportivos,0,1,-1
07/2021,Com. Var. de Outros Produtos não Especif. Ant.,6,0,6
07/2021,Com. Var. de Comb. para Veíc. Autom.,0,2,-2
07/2021,Com. Var. de Art. do Vestuário e Acessórios,1,2,-1
07/2021,Com. Var. de Art. do Vestuário e Acessórios,1,0,1
07/2021,"Com. a Var. de Automóveis, Camionetas e Utilitários Novos",3,3,0
07/2021,Com. Var. de Comb. para Veíc. Autom.,3,1,2
07/2021,Com. Var. de Móveis,0,2,-2
07/2021,Representantes Comerciais e Agentes do Com. de Merc. em Geral não Especial.,1,0,1
07/2021,Com. Var. de Outros Produtos não Especif. Ant.,0,1,-1
07/2021,Com. Var. de Comb. para Veíc. Autom.,0,1,-1
07/2021,"Com. a Var. de Automóveis, Camionetas e Utilitários Novos",1,2,-1
07/2021,Com. Var. de Produtos Alim. em Geral ou Especial. em Produtos Alim. não Especif. Ant.,0,1,-1
07/2021,Com. Var. de Art. do Vestuário e Acessórios,0,1,-1
07/2021,Padaria e Confeitaria com Pred. de Revenda,1,0,1
07/2021,Padaria e Confeitaria com Pred. de Revenda,0,1,-1
07/2021,Com. Var. de Móveis,1,0,1
07/2021,Com. Var. de Art. do Vestuário e Acessórios,1,2,-1
07/2021,Com. Var. de Art. de Colchoaria,2,0,2
07/2021,Com. Var. de Art. de Colchoaria,0,1,-1
07/2021,"Comercio Var. de Art. de Cama, Mesa e Banho",2,1,1
07/2021,"Com. Var. de Suvenires, Bijuterias e Artesanatos",0,1,-1
07/2021,Com. Var. de Outros Produtos não Especif. Ant.,1,2,-1
07/2021,Com. Var. de Animais Vivos e de Art. e Alimentos para Animais de Estimação,1,0,1
07/2021,"Com. Var. de Produtos Farmac., com Manip. de Fórmulas",1,0,1
07/2021,"Com. Var. de Produtos Farmac., sem Manip. de Fórmulas",2,3,-1
07/2021,Com. Var. Especial. de Equip. de Telefonia e Comunicação,1,0,1
07/2021,Com. Var. de Hortifrutigranjeiros,0,1,-1
07/2021,Com. Var. de Hortifrutigranjeiros,0,2,-2
07/2021,Com. Atac. de Produtos Alim. em Geral,4,1,3
07/2021,Com. varejista especializado de equipamentos e suprimentos de informática,1,0,1
07/2021,Com. Var. de Outros Produtos não Especif. Ant.,1,0,1
07/2021,"Com. Atac. de Frutas, Verduras, Raízes, Tubérculos, Hortaliças e Legumes Frescos",1,0,1
07/2021,Com. Var. Especial. de Instrumentos Musicais e Acessórios,1,0,1
07/2021,Com. Atac. de Cosméticos e Produtos de Perfumaria,2,1,1
07/2021,Com. Var. de Art. do Vestuário e Acessórios,0,1,-1
07/2021,Com. Var. de Móveis,0,1,-1
07/2021,Com. a Var. de Peças e Acessórios Novos para Motocicletas e Motonetas,1,0,1
07/2021,Com. Var. de Mat. de Const. em Geral,2,1,1
07/2021,Com. Var. de Art. do Vestuário e Acessórios,3,3,0
07/2021,"Com. Var. de Merc. em Geral, com Pred. de Produtos Alim. - Superm.",2,1,1
07/2021,"Com. Var. de Merc. em Geral, com Pred. de Produtos Alim. - Superm.",2,2,0
07/2021,"Com. Var. de Merc. em Geral, com Pred. de Produtos Alim. - Minimercados, Mercearias e Armazéns",0,1,-1
07/2021,"Com. Atac. de Frutas, Verduras, Raízes, Tubérculos, Hortaliças e Legumes Frescos",1,0,1
07/2021,"Serv. de Lavagem, Lubrificação e Polimento de Veíc. Autom.",0,1,-1
07/2021,Serv. de Manutenção e Reparação Mecânica de Veíc. Autom.,1,0,1
07/2021,Com. Var. de Art. de óptica,0,1,-1
07/2021,Com. Var. de Art. do Vestuário e Acessórios,1,0,1
07/2021,Com. Var. de Mat. de Const. não Especif. Ant.,3,2,1
07/2021,Com. Var. de Outros Produtos não Especif. Ant.,1,1,0
07/2021,Com. Var. de Comb. para Veíc. Autom.,1,2,-1
07/2021,Com. Var. de Mat. de Const. não Especif. Ant.,3,3,0
07/2021,Com. Atac. de Sorvetes,4,5,-1
07/2021,Com. Atac. de Outros Equip. e Art. de Uso Pessoal e Doméstico não Especif. Ant.,0,1,-1
07/2021,Com. Var. de Art. do Vestuário e Acessórios,0,1,-1
07/2021,Com. Atac. de Ferragens e Ferramentas,0,1,-1
07/2021,Com. Var. de Material Elétrico,1,1,0
07/2021,Com. Var. de Outros Produtos não Especif. Ant.,1,0,1
07/2021,Com. Var. de Vidros,0,1,-1
07/2021,Serv. de Manutenção e Reparação Mecânica de Veíc. Autom.,1,1,0
07/2021,Com. Var. de Bebidas,1,0,1
07/2021,"Com. a Var. de Automóveis, Camionetas e Utilitários Novos",1,0,1
07/2021,Com. Atac. de Produtos Alim. em Geral,5,5,0
07/2021,Com. Var. de Art. do Vestuário e Acessórios,0,1,-1
07/2021,"Com. Var. Especial. de Peças e Acessórios para Aparelhos Eletroeletrônicos para Uso Doméstico, Exceto Informática e Comunicação",2,0,2
07/2021,Com. Var. de Equip. para Escritório,0,1,-1
07/2021,Com. Var. de Outros Produtos não Especif. Ant.,2,1,1
07/2021,Serv. de Manutenção e Reparação Mecânica de Veíc. Autom.,1,0,1
07/2021,Com. Var. de Equip. para Escritório,4,0,4
07/2021,Com. Var. Especial. de Eletrod. e Equip. de áudio e Vídeo,2,0,2
07/2021,"Com. Var. Especial. de Peças e Acessórios para Aparelhos Eletroeletrônicos para Uso Doméstico, Exceto Informática e Comunicação",0,2,-2
07/2021,Com. Var. de Art. do Vestuário e Acessórios,1,0,1
07/2021,Com. Var. de Art. Médicos e Ortopédicos,0,1,-1
07/2021,Com. Var. de Hortifrutigranjeiros,5,10,-5
07/2021,Com. Var. de Hortifrutigranjeiros,5,2,3
07/2021,"Com. a Var. de Automóveis, Camionetas e Utilitários Novos",1,1,0
07/2021,Com. Var. de Ferragens e Ferramentas,1,0,1
07/2021,Serv. de Lanternagem ou Funilaria e Pintura de Veíc. Autom.,2,0,2
07/2021,Com. Var. de Gás LiqüEfeito de Petróleo (Glp),0,1,-1
07/2021,Com. Var. de Produtos Alim. em Geral ou Especial. em Produtos Alim. não Especif. Ant.,3,1,2
07/2021,Com. Var. de Jornais e Revistas,1,0,1
07/2021,Com. Var. de Produtos Alim. em Geral ou Especial. em Produtos Alim. não Especif. Ant.,0,1,-1
07/2021,Com. Var. de Brinquedos e Art. Recreativos,0,2,-2
07/2021,Com. Var. de Madeira e Artefatos,0,1,-1
07/2021,Com. a Var. de Peças e Acessórios Novos para Veíc. Autom.,4,3,1
07/2021,"Com. a Var. de Automóveis, Camionetas e Utilitários Novos",8,3,5
07/2021,Com. Var. de Equip. para Escritório,1,0,1
07/2021,Com. Atac. de Resíduos e Sucatas Metálicos,0,1,-1
07/2021,"Com. Var. de Merc. em Geral, com Pred. de Produtos Alim. - Minimercados, Mercearias e Armazéns",1,0,1
07/2021,Com. Var. de Carnes - Açougues,1,0,1
07/2021,Com. Var. de Comb. para Veíc. Autom.,0,1,-1
07/2021,Com. Var. de Art. do Vestuário e Acessórios,1,0,1
07/2021,Com. Var. de Art. do Vestuário e Acessórios,1,0,1
07/2021,Com. Var. Especial. de Equip. de Telefonia e Comunicação,1,1,0
07/2021,Com. Var. de Madeira e Artefatos,1,0,1
07/2021,Com. Atac. de Produtos Alim. em Geral,1,0,1
07/2021,Serv. de Borracharia para Veíc. Autom.,0,1,-1
07/2021,Padaria e Confeitaria com Pred. de Revenda,0,2,-2
07/2021,"Com. Var. de Merc. em Geral, com Pred. de Produtos Alim. - Superm.",7,8,-1
07/2021,Com. Var. de Art. de óptica,1,0,1
07/2021,Com. Var. de Outros Art. de Uso Doméstico não Especif. Ant.,0,1,-1
07/2021,Com. Atac. de Embalagens,0,1,-1
07/2021,"Com. Var. de Cosméticos, Produtos de Perfumaria e de Higiene Pessoal",1,1,0
07/2021,Com. Atac. de Mat. de Const. em Geral,7,0,7
07/2021,Com. Atac. de Alimentos para Animais,2,2,0
07/2021,Com. Var. de Tintas e Mat. para Pintura,1,0,1
07/2021,Com. Atac. de Produtos Alim. em Geral,0,1,-1
07/2021,Com. Var. de Tintas e Mat. para Pintura,0,2,-2
07/2021,Com. Var. de Outros Art. de Uso Doméstico não Especif. Ant.,2,0,2
07/2021,Com. Var. de Outros Art. de Uso Doméstico não Especif. Ant.,4,2,2
07/2021,Com. Var. de Outros Art. de Uso Doméstico não Especif. Ant.,4,2,2
07/2021,Com. Atac. de Outros Equip. e Art. de Uso Pessoal e Doméstico não Especif. Ant.,2,0,2
07/2021,Com. Var. de Mat. de Const. em Geral,1,0,1
07/2021,Com. Var. de Livros,1,0,1
07/2021,Com. Var. de Mat. de Const. em Geral,0,1,-1
07/2021,Serv. de Manutenção e Reparação Mecânica de Veíc. Autom.,1,0,1
07/2021,Com. Var. Especial. de Eletrod. e Equip. de áudio e Vídeo,2,0,2
07/2021,"Com. Var. de Merc. em Geral, com Pred. de Produtos Alim. - Minimercados, Mercearias e Armazéns",0,1,-1
07/2021,"Com. Atac. de Frutas, Verduras, Raízes, Tubérculos, Hortaliças e Legumes Frescos",1,0,1
07/2021,"Com. Var. de Merc. em Geral, com Pred. de Produtos Alim. - Superm.",3,3,0
07/2021,"Com. Var. de Merc. em Geral, com Pred. de Produtos Alim. - Hipermercados",6,8,-2
07/2021,"Com. Var. de Merc. em Geral, com Pred. de Produtos Alim. - Superm.",2,1,1
07/2021,Com. Var. de Livros,1,1,0
07/2021,Com. a Var. de Peças e Acessórios Novos para Veíc. Autom.,0,1,-1
07/2021,Com. Var. de Outros Art. de Uso Doméstico não Especif. Ant.,1,1,0
07/2021,Com. a Var. de Peças e Acessórios Novos para Veíc. Autom.,1,0,1
07/2021,"Com. Var. de Merc. em Geral, com Pred. de Produtos Alim. - Minimercados, Mercearias e Armazéns",3,2,1
07/2021,Com. Var. de Plantas e Flores Naturais,5,0,5
07/2021,Com. Var. de Plantas e Flores Naturais,0,1,-1
07/2021,Com. Var. de Art. Esportivos,2,0,2
07/2021,Com. Var. de Brinquedos e Art. Recreativos,2,2,0
07/2021,"Com. Atac. de Resíduos e Sucatas Não-Metálicos, Exceto de Papel e Papelão",0,1,-1
07/2021,Serv. de Manutenção e Reparação Mecânica de Veíc. Autom.,0,1,-1
07/2021,"Com. Var. de Merc. em Geral, com Pred. de Produtos Alim. - Superm.",10,12,-2
07/2021,Com. Var. de Comb. para Veíc. Autom.,0,1,-1
07/2021,Com. Var. de Art. do Vestuário e Acessórios,0,1,-1
07/2021,"Com. Atac. de Máquinas e Equip. para Uso Industrial, Partes e Peças",0,1,-1
07/2021,Com. Var. de Produtos Alim. em Geral ou Especial. em Produtos Alim. não Especif. Ant.,0,1,-1
07/2021,Com. Var. de Art. do Vestuário e Acessórios,0,5,-5
07/2021,Com. a Var. de Peças e Acessórios Novos para Veíc. Autom.,1,0,1
07/2021,Com. a Var. de Peças e Acessórios Novos para Veíc. Autom.,0,1,-1
07/2021,"Com. Atac. de Frutas, Verduras, Raízes, Tubérculos, Hortaliças e Legumes Frescos",5,4,1
07/2021,Com. Var. de Art. do Vestuário e Acessórios,1,0,1
07/2021,Com. Var. de Mat. de Const. em Geral,0,2,-2
07/2021,"Lojas de Variedades, Exceto Lojas de Dep. ou Magazines",1,0,1
07/2021,Com. a Var. de Peças e Acessórios Novos para Veíc. Autom.,0,1,-1
07/2021,"Com. Var. de Produtos Farmac., sem Manip. de Fórmulas",0,1,-1
07/2021,"Com. Var. de Produtos Farmac., sem Manip. de Fórmulas",0,1,-1
07/2021,Com. Atac. de Componentes Eletrônicos e Equip. de Telefonia e Comunicação,1,1,0
07/2021,Com. Var. de Comb. para Veíc. Autom.,0,1,-1
07/2021,Com. Var. de Produtos Saneantes Domissanitários,0,2,-2
07/2021,Com. Var. de Hortifrutigranjeiros,1,0,1
07/2021,Serv. de Manutenção e Reparação Mecânica de Veíc. Autom.,0,1,-1
07/2021,Com. Var. de Art. de Iluminação,0,1,-1
07/2021,"Representantes Comerciais e Agentes do Com. de Produtos Alim., Bebidas e Fumo",3,1,2
07/2021,Padaria e Confeitaria com Pred. de Revenda,1,2,-1
07/2021,Com. Var. de Carnes - Açougues,1,1,0
07/2021,Serv. de Manutenção e Reparação Mecânica de Veíc. Autom.,1,1,0
07/2021,"Com. Var. de Produtos Farmac., com Manip. de Fórmulas",1,1,0
07/2021,Com. Var. de Art. de Papelaria,0,1,-1
07/2021,Com. Var. de Ferragens e Ferramentas,1,1,0
07/2021,Com. Var. de Comb. para Veíc. Autom.,0,2,-2
07/2021,"Com. Var. de Merc. em Geral, com Pred. de Produtos Alim. - Minimercados, Mercearias e Armazéns",0,1,-1
07/2021,"Com. a Var. de Automóveis, Camionetas e Utilitários Novos",1,2,-1
07/2021,Com. a Var. de Peças e Acessórios Novos para Veíc. Autom.,1,0,1
07/2021,Com. Var. de Calçados,1,1,0
07/2021,Com. Var. de Art. de óptica,2,0,2
07/2021,Com. Var. Especial. de Eletrod. e Equip. de áudio e Vídeo,2,0,2
07/2021,Com. Var. Especial. de Eletrod. e Equip. de áudio e Vídeo,4,1,3
07/2021,Com. Var. de Outros Produtos não Especif. Ant.,3,3,0
07/2021,Com. Var. de Plantas e Flores Naturais,0,2,-2
07/2021,Com. Atac. de Produtos Alim. em Geral,2,1,1
07/2021,Com. Var. Especial. de Equip. e Suprimentos de Informática,3,0,3
07/2021,Com. Var. Especial. de Equip. e Suprimentos de Informática,0,1,-1
07/2021,Com. Var. de Comb. para Veíc. Autom.,1,1,0
07/2021,Com. Atac. de Embalagens,1,0,1
07/2021,Com. Var. de Material Elétrico,2,0,2
07/2021,Com. a Var. de Peças e Acessórios Novos para Veíc. Autom.,1,0,1
07/2021,Com. Var. Especial. de Equip. de Telefonia e Comunicação,0,1,-1
07/2021,Com. Var. de Comb. para Veíc. Autom.,1,1,0
07/2021,Com. a Var. de Peças e Acessórios Novos para Veíc. Autom.,2,1,1
07/2021,Com. Var. de Ferragens e Ferramentas,3,0,3
07/2021,Com. Var. de Mat. de Const. em Geral,0,1,-1
07/2021,"Com. Var. de Cosméticos, Produtos de Perfumaria e de Higiene Pessoal",1,0,1
07/2021,Com. Var. de Animais Vivos e de Art. e Alimentos para Animais de Estimação,1,0,1
07/2021,Com. Var. de Produtos Alim. em Geral ou Especial. em Produtos Alim. não Especif. Ant.,1,0,1
07/2021,Com. Var. de Produtos Alim. em Geral ou Especial. em Produtos Alim. não Especif. Ant.,1,1,0
07/2021,Com. Atac. de Ferragens e Ferramentas,1,1,0
07/2021,"Com. Var. de Suvenires, Bijuterias e Artesanatos",1,0,1
07/2021,Com. Var. de Móveis,1,0,1
07/2021,Com. a Var. de Peças e Acessórios Novos para Veíc. Autom.,0,1,-1
07/2021,Com. a Var. de Peças e Acessórios Novos para Veíc. Autom.,1,0,1
07/2021,Com. Var. de Calçados,1,1,0
07/2021,Com. Var. de Produtos Alim. em Geral ou Especial. em Produtos Alim. não Especif. Ant.,2,3,-1
07/2021,Com. Var. de Outros Produtos não Especif. Ant.,1,1,0
07/2021,Com. Atac. de Embalagens,8,10,-2
07/2021,Com. a Var. de Peças e Acessórios Novos para Veíc. Autom.,0,1,-1
07/2021,"Com. a Var. de Automóveis, Camionetas e Utilitários Novos",2,3,-1
07/2021,Com. Var. de Outros Produtos não Especif. Ant.,5,4,1
07/2021,Com. Var. de Móveis,14,2,12
07/2021,Com. Var. de Móveis,1,0,1
07/2021,Com. Var. Especial. de Equip. de Telefonia e Comunicação,0,1,-1
07/2021,Com. Var. de Outros Art. de Uso Doméstico não Especif. Ant.,1,0,1
07/2021,Com. Var. de Comb. para Veíc. Autom.,4,1,3
07/2021,"Com. Var. de Merc. em Geral, com Pred. de Produtos Alim. - Minimercados, Mercearias e Armazéns",1,0,1
07/2021,Com. Var. de Móveis,1,0,1
07/2021,"Com. Var. de Cosméticos, Produtos de Perfumaria e de Higiene Pessoal",3,3,0
07/2021,Com. Var. de Carnes - Açougues,1,1,0
07/2021,"Lojas de Variedades, Exceto Lojas de Dep. ou Magazines",0,1,-1
07/2021,"Com. a Var. de Automóveis, Camionetas e Utilitários Usados",0,1,-1
07/2021,"Com. a Var. de Automóveis, Camionetas e Utilitários Novos",1,0,1
07/2021,Com. Atac. de Embalagens,3,1,2
07/2021,Com. Var. de Hortifrutigranjeiros,17,10,7
07/2021,"Com. Atac. de Frutas, Verduras, Raízes, Tubérculos, Hortaliças e Legumes Frescos",0,1,-1
07/2021,Com. Var. de Hortifrutigranjeiros,7,7,0
07/2021,Com. Var. de Art. do Vestuário e Acessórios,1,0,1
07/2021,Com. Var. de Animais Vivos e de Art. e Alimentos para Animais de Estimação,1,0,1
07/2021,Padaria e Confeitaria com Pred. de Revenda,1,0,1
07/2021,"Com. Atac. de Merc. em Geral, com Pred. de Produtos Alim.",0,1,-1
07/2021,Com. Var. de Laticínios e Frios,2,0,2
07/2021,Com. Var. de Carnes - Açougues,0,1,-1
07/2021,Com. Var. de Comb. para Veíc. Autom.,1,0,1
07/2021,"Com. Var. de Merc. em Geral, com Pred. de Produtos Alim. - Minimercados, Mercearias e Armazéns",0,1,-1
07/2021,"Com. Atac. de Livros, Jornais e Outras Publicações",0,1,-1
07/2021,"Com. a Var. de Automóveis, Camionetas e Utilitários Novos",1,2,-1
07/2021,Com. Var. de Comb. para Veíc. Autom.,1,0,1
07/2021,Com. Var. de Calçados,0,1,-1
07/2021,Com. Var. de Móveis,15,11,4
07/2021,"Lojas de Variedades, Exceto Lojas de Dep. ou Magazines",1,1,0
07/2021,"Com. Var. de Cosméticos, Produtos de Perfumaria e de Higiene Pessoal",1,0,1
07/2021,Com. Var. de Outros Produtos não Especif. Ant.,1,0,1
07/2021,Com. Var. Especial. de Eletrod. e Equip. de áudio e Vídeo,0,1,-1
07/2021,Representantes Comerciais e Agentes do Com. de Peças e Acessórios Novos e Usados para Veíc. Autom.,1,0,1
07/2021,Com. Var. de Animais Vivos e de Art. e Alimentos para Animais de Estimação,1,0,1
07/2021,Com. Var. de Lubrificantes,1,0,1
07/2021,Com. Var. de Móveis,1,0,1
07/2021,Com. a Var. de Motocicletas e Motonetas Novas,1,0,1
07/2021,Com. Var. Especial. de Equip. e Suprimentos de Informática,1,1,0
07/2021,"Com. Var. de Produtos Farmac., sem Manip. de Fórmulas",1,0,1
07/2021,"Com. a Var. de Automóveis, Camionetas e Utilitários Novos",2,1,1
07/2021,Com. Var. de Produtos Alim. em Geral ou Especial. em Produtos Alim. não Especif. Ant.,0,1,-1
07/2021,Com. Atac. de Equip. de Informática,1,0,1
07/2021,Com. Atac. de Cosméticos e Produtos de Perfumaria,0,1,-1
07/2021,"Com. Var. de Merc. em Geral, com Pred. de Produtos Alim. - Minimercados, Mercearias e Armazéns",1,2,-1
07/2021,"Com. Atac. de Outras Máquinas e Equip. não Especif. Ant., Partes e Peças",1,0,1
07/2021,Com. Atac. de Alimentos para Animais,3,2,1
07/2021,Com. Var. de Art. do Vestuário e Acessórios,0,2,-2
07/2021,Com. por Atacado de Caminhões Novos e Usados,4,2,2
07/2021,Com. Var. de Outros Produtos não Especif. Ant.,3,5,-2
07/2021,Com. Var. de Art. de Papelaria,0,1,-1
07/2021,Com. Var. de Calçados,0,1,-1
07/2021,Com. Var. de Art. do Vestuário e Acessórios,0,2,-2
07/2021,Com. Var. de Art. do Vestuário e Acessórios,0,1,-1
07/2021,"Com. Atac. de Frutas, Verduras, Raízes, Tubérculos, Hortaliças e Legumes Frescos",0,1,-1
07/2021,Com. Var. Especial. de Equip. e Suprimentos de Informática,5,0,5
07/2021,Com. Var. de Mat. de Const. em Geral,1,0,1
07/2021,Com. Var. de Outros Produtos não Especif. Ant.,1,0,1
07/2021,Com. Var. de Art. Médicos e Ortopédicos,1,1,0
07/2021,Com. Var. de Art. do Vestuário e Acessórios,1,0,1
07/2021,"Com. Atac. de Frutas, Verduras, Raízes, Tubérculos, Hortaliças e Legumes Frescos",1,0,1
07/2021,Com. Var. de Comb. para Veíc. Autom.,1,1,0
07/2021,Com. Atac. de Outros Equip. e Art. de Uso Pessoal e Doméstico não Especif. Ant.,1,1,0
07/2021,"Serv. de Instalação, Manutenção e Reparação de Acessórios para Veíc. Autom.",3,2,1
07/2021,Com. Var. de Plantas e Flores Naturais,1,0,1
07/2021,Com. Var. de Calçados,3,0,3
07/2021,Com. Var. de Calçados,1,1,0
07/2021,Com. Var. de Mat. de Const. em Geral,1,1,0
07/2021,Serv. de Manutenção e Reparação Mecânica de Veíc. Autom.,0,1,-1
07/2021,Com. Var. de Mat. de Const. em Geral,1,0,1
07/2021,Com. Var. de Art. do Vestuário e Acessórios,1,1,0
07/2021,Com. Var. de Plantas e Flores Naturais,0,1,-1
07/2021,Com. a Var. de Peças e Acessórios Novos para Veíc. Autom.,0,1,-1
07/2021,Com. Var. de Carnes - Açougues,0,1,-1
07/2021,"Com. a Var. de Automóveis, Camionetas e Utilitários Usados",0,1,-1
07/2021,"Lojas de Variedades, Exceto Lojas de Dep. ou Magazines",1,0,1
07/2021,Com. Var. de Art. do Vestuário e Acessórios,0,1,-1
07/2021,Com. Var. de Comb. para Veíc. Autom.,2,0,2
07/2021,Com. Var. de Livros,1,0,1
07/2021,Com. Var. de Art. do Vestuário e Acessórios,2,1,1
07/2021,Com. Var. de Art. do Vestuário e Acessórios,5,8,-3
07/2021,Com. Var. de Art. do Vestuário e Acessórios,2,2,0
07/2021,Com. Var. de Art. de Joalheria,1,0,1
07/2021,"Com. Var. de Merc. em Geral, com Pred. de Produtos Alim. - Superm.",1,2,-1
07/2021,Com. Var. de Mat. de Const. em Geral,0,4,-4
07/2021,Com. Var. de Art. de Joalheria,1,2,-1
07/2021,Com. Var. de Outros Produtos não Especif. Ant.,1,0,1
07/2021,Com. Var. de Ferragens e Ferramentas,1,0,1
07/2021,Com. Var. de Calçados,2,0,2
07/2021,"Com. Var. de Cosméticos, Produtos de Perfumaria e de Higiene Pessoal",0,1,-1
07/2021,"Com. Var. de Cosméticos, Produtos de Perfumaria e de Higiene Pessoal",1,0,1
07/2021,Com. por Atacado de Peças e Acessórios Novos para Veíc. Autom.,2,0,2
07/2021,Com. Var. de Art. do Vestuário e Acessórios,1,0,1
07/2021,"Com. Atac. de Merc. em Geral, com Pred. de Produtos Alim.",16,4,12
07/2021,"Serv. de Instalação, Manutenção e Reparação de Acessórios para Veíc. Autom.",1,0,1
07/2021,"Com. Atac. de Máquinas e Equip. para Uso Industrial, Partes e Peças",1,1,0
07/2021,Serv. de Lanternagem ou Funilaria e Pintura de Veíc. Autom.,1,0,1
07/2021,Com. Atac. Especial. em Outros Produtos Alim. não Especif. Ant.,2,0,2
07/2021,Serv. de Lanternagem ou Funilaria e Pintura de Veíc. Autom.,2,0,2
07/2021,Com. Var. de Art. de óptica,0,1,-1
07/2021,"Com. Var. de Merc. em Geral, com Pred. de Produtos Alim. - Minimercados, Mercearias e Armazéns",1,0,1
07/2021,Com. Var. de Art. de Papelaria,3,2,1
07/2021,Com. Atac. Especial. em Outros Produtos Intermediários não Especif. Ant.,2,1,1
07/2021,"Com. Atac. de Outras Máquinas e Equip. não Especif. Ant., Partes e Peças",8,1,7
07/2021,Com. Var. de Art. do Vestuário e Acessórios,0,2,-2
07/2021,Com. Var. de Móveis,18,0,18
07/2021,Com. Var. de Art. de Joalheria,2,0,2
07/2021,Com. Var. de Art. do Vestuário e Acessórios,1,0,1
07/2021,Com. Atac. de Cosméticos e Produtos de Perfumaria,0,1,-1
07/2021,Com. Var. de Brinquedos e Art. Recreativos,0,1,-1
07/2021,Com. Var. de Outros Produtos não Especif. Ant.,1,1,0
07/2021,Com. a Var. de Peças e Acessórios Usados para Veíc. Autom.,0,2,-2
07/2021,Com. Var. de Outros Produtos não Especif. Ant.,0,1,-1
07/2021,"Com. Var. de Produtos Farmac., sem Manip. de Fórmulas",0,1,-1
07/2021,Com. Var. de Ferragens e Ferramentas,4,2,2
07/2021,Com. Var. de Móveis,25,8,17
07/2021,Com. Var. de Art. do Vestuário e Acessórios,2,6,-4
07/2021,Com. Var. de Mat. de Const. em Geral,1,0,1
07/2021,"Com. Var. de Produtos Farmac., com Manip. de Fórmulas",1,1,0
07/2021,"Com. Var. de Cosméticos, Produtos de Perfumaria e de Higiene Pessoal",1,0,1
07/2021,Com. a Var. de Peças e Acessórios Novos para Veíc. Autom.,3,1,2
07/2021,Com. Var. de Livros,4,3,1
07/2021,Com. Atac. de Alimentos para Animais,6,2,4
07/2021,"Lojas de Variedades, Exceto Lojas de Dep. ou Magazines",0,1,-1
07/2021,"Com. Var. de Cosméticos, Produtos de Perfumaria e de Higiene Pessoal",2,1,1
07/2021,Serv. de Manutenção e Reparação Mecânica de Veíc. Autom.,0,1,-1
07/2021,"Com. Var. de Doces, Balas, Bombons e Semelhantes",9,6,3
07/2021,"Com. Atac. de Chocolates, Confeitos, Balas, Bombons e Semelhantes",3,1,2
07/2021,Com. Var. de Móveis,4,5,-1
07/2021,Com. Var. de Móveis,0,1,-1
07/2021,Com. Var. Especial. de Equip. de Telefonia e Comunicação,0,1,-1
07/2021,"Com. Var. Especial. de Peças e Acessórios para Aparelhos Eletroeletrônicos para Uso Doméstico, Exceto Informática e Comunicação",1,0,1
07/2021,"Com. Var. de Doces, Balas, Bombons e Semelhantes",1,0,1
07/2021,"Com. Var. de Doces, Balas, Bombons e Semelhantes",1,1,0
07/2021,Com. Var. de Art. de Joalheria,0,1,-1
07/2021,Com. Var. de Art. do Vestuário e Acessórios,1,1,0
07/2021,Com. Var. Especial. de Equip. de Telefonia e Comunicação,2,0,2
07/2021,Serv. de Lanternagem ou Funilaria e Pintura de Veíc. Autom.,1,1,0
07/2021,Com. Var. de Calçados,2,0,2
07/2021,Com. Var. de Calçados,1,0,1
07/2021,"Com. Var. de Merc. em Geral, com Pred. de Produtos Alim. - Minimercados, Mercearias e Armazéns",1,0,1
07/2021,Com. Var. de Outros Art. de Uso Doméstico não Especif. Ant.,1,0,1
07/2021,Com. Var. de Art. de óptica,1,0,1
07/2021,Com. Var. de Art. do Vestuário e Acessórios,0,1,-1
07/2021,"Com. Atac. de Máquinas e Equip. para Uso Industrial, Partes e Peças",1,1,0
07/2021,Com. Var. de Art. de óptica,2,0,2
07/2021,Com. Var. Especial. de Equip. e Suprimentos de Informática,3,2,1
07/2021,Com. Var. de Produtos Alim. em Geral ou Especial. em Produtos Alim. não Especif. Ant.,2,1,1
07/2021,Com. Var. de Brinquedos e Art. Recreativos,0,2,-2
07/2021,"Serv. de Lavagem, Lubrificação e Polimento de Veíc. Autom.",4,5,-1
07/2021,"Com. Var. de Doces, Balas, Bombons e Semelhantes",2,1,1
07/2021,"Com. Atac. de Máquinas e Equip. para Uso Industrial, Partes e Peças",1,0,1
07/2021,Com. Var. de Calçados,0,1,-1
07/2021,"Com. Var. de Produtos Farmac., com Manip. de Fórmulas",4,1,3
07/2021,Com. Var. de Outros Produtos não Especif. Ant.,1,1,0
07/2021,Com. Var. de Móveis,1,0,1
07/2021,Com. Var. de Madeira e Artefatos,1,0,1
07/2021,Com. Var. Especial. de Equip. de Telefonia e Comunicação,1,0,1
07/2021,Com. Atac. de Carnes Bovinas e Suínas e Derivados,0,2,-2
07/2021,Com. Var. de Animais Vivos e de Art. e Alimentos para Animais de Estimação,2,4,-2
07/2021,"Com. Atac. de Resíduos e Sucatas Não-Metálicos, Exceto de Papel e Papelão",1,0,1
07/2021,"Lojas de Variedades, Exceto Lojas de Dep. ou Magazines",1,1,0
07/2021,Com. Var. de Art. de óptica,0,2,-2
07/2021,Com. Var. de Art. do Vestuário e Acessórios,1,1,0
07/2021,Com. Var. de Carnes - Açougues,0,4,-4
07/2021,Com. Var. de Hortifrutigranjeiros,1,0,1
07/2021,"Com. Var. de Cosméticos, Produtos de Perfumaria e de Higiene Pessoal",1,0,1
07/2021,Com. a Var. de Peças e Acessórios Novos para Veíc. Autom.,2,0,2
07/2021,Com. Var. Especial. de Equip. de Telefonia e Comunicação,0,1,-1
07/2021,Serv. de Manutenção e Reparação Mecânica de Veíc. Autom.,0,1,-1
07/2021,Com. Var. Especial. de Eletrod. e Equip. de áudio e Vídeo,0,2,-2
07/2021,Com. Var. de Art. de óptica,0,1,-1
07/2021,Padaria e Confeitaria com Pred. de Revenda,1,0,1
07/2021,Com. Var. de Mat. de Const. em Geral,1,0,1
07/2021,Com. Var. de Carnes - Açougues,0,1,-1
07/2021,Com. Atac. de Componentes Eletrônicos e Equip. de Telefonia e Comunicação,0,1,-1
07/2021,Com. Var. Especial. de Equip. de Telefonia e Comunicação,0,1,-1
07/2021,Com. a Var. de Peças e Acessórios Novos para Veíc. Autom.,0,1,-1
07/2021,Com. a Var. de Peças e Acessórios Novos para Veíc. Autom.,1,0,1
07/2021,Com. a Var. de Pneumáticos e Câmaras-De-Ar,1,0,1
07/2021,Serv. de Manutenção e Reparação Mecânica de Veíc. Autom.,2,0,2
07/2021,Padaria e Confeitaria com Pred. de Revenda,1,2,-1
07/2021,Padaria e Confeitaria com Pred. de Revenda,0,1,-1
07/2021,Com. Var. de Art. do Vestuário e Acessórios,1,1,0
07/2021,Com. Var. de Art. do Vestuário e Acessórios,2,1,1
07/2021,Com. Var. de Móveis,4,1,3
07/2021,Padaria e Confeitaria com Pred. de Revenda,0,1,-1
07/2021,"Com. Atac. de Máquinas e Equip. para Uso Industrial, Partes e Peças",2,0,2
07/2021,Com. Var. de Art. do Vestuário e Acessórios,2,2,0
07/2021,"Com. Var. de Merc. em Geral, com Pred. de Produtos Alim. - Minimercados, Mercearias e Armazéns",2,2,0
07/2021,Com. Var. de Art. do Vestuário e Acessórios,1,0,1
07/2021,Com. Var. de Comb. para Veíc. Autom.,2,5,-3
07/2021,"Lojas de Variedades, Exceto Lojas de Dep. ou Magazines",1,0,1
07/2021,"Com. Atac. de Outras Máquinas e Equip. não Especif. Ant., Partes e Peças",8,4,4
07/2021,Com. Atac. de Ferragens e Ferramentas,1,1,0
07/2021,Com. Var. de Móveis,3,0,3
07/2021,"Com. Var. de Merc. em Geral, com Pred. de Produtos Alim. - Minimercados, Mercearias e Armazéns",0,1,-1
07/2021,Com. Var. de Outros Produtos não Especif. Ant.,0,2,-2
07/2021,Com. Var. de Hortifrutigranjeiros,1,0,1
07/2021,Com. Atac. de Ferragens e Ferramentas,0,1,-1
07/2021,"Com. Var. de Suvenires, Bijuterias e Artesanatos",1,0,1
07/2021,Com. Var. de Brinquedos e Art. Recreativos,1,0,1
07/2021,Com. Var. de Produtos Saneantes Domissanitários,1,0,1
07/2021,Com. a Var. de Peças e Acessórios Novos para Veíc. Autom.,0,1,-1
07/2021,"Com. Atac. de Instrumentos e Mat. para Uso Médico, Cirúrgico, Hospitalar e de Laboratórios",0,30,-30
07/2021,"Com. Var. de Produtos Farmac., sem Manip. de Fórmulas",0,1,-1
07/2021,Com. Var. de Tintas e Mat. para Pintura,1,0,1
07/2021,"Com. Var. de Suvenires, Bijuterias e Artesanatos",0,1,-1
07/2021,Com. Var. de Carnes - Açougues,0,1,-1
07/2021,Padaria e Confeitaria com Pred. de Revenda,1,3,-2
07/2021,Com. Var. de Outros Produtos não Especif. Ant.,0,1,-1
07/2021,Com. Var. de Comb. para Veíc. Autom.,2,5,-3
07/2021,"Lojas de Dep. ou Magazines, Exceto Lojas Francas (Duty Free)",7,4,3
07/2021,Com. Var. de Art. de óptica,1,0,1
07/2021,Com. Var. Especial. de Equip. de Telefonia e Comunicação,1,1,0
07/2021,Serv. de Manutenção e Reparação Mecânica de Veíc. Autom.,0,1,-1
07/2021,Com. Var. de Móveis,1,0,1
07/2021,Com. Var. de Comb. para Veíc. Autom.,1,0,1
07/2021,Com. Atac. de Outros Equip. e Art. de Uso Pessoal e Doméstico não Especif. Ant.,0,1,-1
07/2021,Com. Var. de Produtos Alim. em Geral ou Especial. em Produtos Alim. não Especif. Ant.,0,1,-1
07/2021,Com. Var. de Outros Produtos não Especif. Ant.,1,0,1
07/2021,Com. Var. de Material Elétrico,0,1,-1
07/2021,Com. Var. Especial. de Eletrod. e Equip. de áudio e Vídeo,1,0,1
07/2021,Com. Atac. de Cosméticos e Produtos de Perfumaria,0,1,-1
07/2021,Com. Var. de Móveis,0,1,-1
07/2021,Com. Var. de Calçados,2,3,-1
07/2021,Com. Var. de Art. do Vestuário e Acessórios,1,0,1
07/2021,Com. Var. de Art. do Vestuário e Acessórios,0,1,-1
07/2021,Com. Var. de Art. de Joalheria,0,1,-1
07/2021,Com. Var. de Art. do Vestuário e Acessórios,0,1,-1
07/2021,Com. Var. de Merc. em Lojas de Conveniência,1,1,0
07/2021,Com. Var. de Art. do Vestuário e Acessórios,1,0,1
07/2021,"Com. Atac. de Vidros, Espelhos e Vitrais",1,0,1
07/2021,"Com. Atac. de Frutas, Verduras, Raízes, Tubérculos, Hortaliças e Legumes Frescos",1,0,1
07/2021,Com. a Var. de Peças e Acessórios Novos para Veíc. Autom.,1,2,-1
07/2021,Com. Var. de Art. do Vestuário e Acessórios,1,1,0
07/2021,"Com. Var. de Merc. em Geral, com Pred. de Produtos Alim. - Superm.",1,2,-1
07/2021,Com. Atac. de Produtos Alim. em Geral,7,2,5
07/2021,Com. a Var. de Peças e Acessórios Novos para Veíc. Autom.,0,2,-2
07/2021,"Com. Var. de Merc. em Geral, com Pred. de Produtos Alim. - Minimercados, Mercearias e Armazéns",0,1,-1
07/2021,Com. Var. Especial. de Eletrod. e Equip. de áudio e Vídeo,4,1,3
07/2021,Com. a Var. de Peças e Acessórios Usados para Veíc. Autom.,1,0,1
07/2021,Com. Var. de Móveis,1,0,1
07/2021,Com. Var. de Art. de óptica,1,0,1
07/2021,Com. Var. de Outros Art. de Uso Doméstico não Especif. Ant.,1,0,1
07/2021,"Com. Var. de Produtos Farmac., sem Manip. de Fórmulas",0,1,-1
07/2021,Com. Var. Especial. de Eletrod. e Equip. de áudio e Vídeo,1,0,1
07/2021,"Com. Var. de Suvenires, Bijuterias e Artesanatos",1,0,1
07/2021,"Com. Var. Especial. de Peças e Acessórios para Aparelhos Eletroeletrônicos para Uso Doméstico, Exceto Informática e Comunicação",0,1,-1
07/2021,Com. Atac. Especial. em Outros Produtos Alim. não Especif. Ant.,0,1,-1
07/2021,Com. Var. de Outros Produtos não Especif. Ant.,1,2,-1
07/2021,Com. Var. de Art. de Papelaria,1,0,1
07/2021,Com. Var. de Carnes - Açougues,2,0,2
07/2021,Com. Var. de Hortifrutigranjeiros,0,1,-1
07/2021,Com. Var. de Mat. de Const. em Geral,1,2,-1
07/2021,Com. Var. de Art. do Vestuário e Acessórios,7,0,7
07/2021,Com. Var. de Art. do Vestuário e Acessórios,1,0,1
07/2021,Com. Var. de Art. do Vestuário e Acessórios,1,1,0
07/2021,Com. Var. de Outros Produtos não Especif. Ant.,1,0,1
07/2021,Com. Atac. de Cosméticos e Produtos de Perfumaria,0,1,-1
07/2021,Com. Var. de Outros Art. de Uso Doméstico não Especif. Ant.,0,1,-1
07/2021,Com. a Var. de Peças e Acessórios Novos para Veíc. Autom.,1,0,1
07/2021,Com. Var. de Livros,1,0,1
07/2021,Com. Var. de Mat. de Const. não Especif. Ant.,2,0,2
07/2021,Com. Var. de Produtos Alim. em Geral ou Especial. em Produtos Alim. não Especif. Ant.,1,0,1
07/2021,Com. Var. de Art. de óptica,0,1,-1
07/2021,Com. Var. de Merc. em Lojas de Conveniência,2,0,2
07/2021,"Com. Var. de Merc. em Geral, com Pred. de Produtos Alim. - Minimercados, Mercearias e Armazéns",1,0,1
07/2021,Com. Var. de Laticínios e Frios,1,0,1
07/2021,Com. Var. de Art. do Vestuário e Acessórios,1,1,0
07/2021,Serv. de Borracharia para Veíc. Autom.,0,2,-2
07/2021,Padaria e Confeitaria com Pred. de Revenda,1,2,-1
07/2021,Com. Var. de Carnes - Açougues,1,0,1
07/2021,Com. Var. de Art. de Joalheria,1,0,1
07/2021,Com. Atac. de Embalagens,1,0,1
07/2021,Com. a Var. de Peças e Acessórios Novos para Veíc. Autom.,1,0,1
07/2021,"Com. Var. de Produtos Farmac., sem Manip. de Fórmulas",1,1,0
07/2021,"Com. Var. de Merc. em Geral, com Pred. de Produtos Alim. - Minimercados, Mercearias e Armazéns",1,0,1
07/2021,Com. Var. de Art. do Vestuário e Acessórios,0,1,-1
07/2021,Com. Atac. de Cosméticos e Produtos de Perfumaria,1,0,1
07/2021,Com. Var. de Animais Vivos e de Art. e Alimentos para Animais de Estimação,2,2,0
07/2021,"Com. a Var. de Automóveis, Camionetas e Utilitários Usados",1,0,1
07/2021,Com. Var. de Calçados,0,1,-1
07/2021,Com. Var. de Carnes - Açougues,1,0,1
07/2021,Com. Var. de Carnes - Açougues,1,0,1
07/2021,"Com. Var. de Cosméticos, Produtos de Perfumaria e de Higiene Pessoal",0,1,-1
07/2021,Com. Var. de Art. Esportivos,0,1,-1
07/2021,Com. Var. de Mat. de Const. não Especif. Ant.,0,1,-1
07/2021,Com. Var. de Merc. em Lojas de Conveniência,2,0,2
07/2021,"Com. Var. de Merc. em Geral, com Pred. de Produtos Alim. - Superm.",2,2,0
07/2021,Com. Var. Especial. de Equip. de Telefonia e Comunicação,3,1,2
07/2021,Com. Var. de Medicamentos Veterinários,0,1,-1
07/2021,Com. Var. de Produtos Alim. em Geral ou Especial. em Produtos Alim. não Especif. Ant.,1,0,1
07/2021,"Lojas de Variedades, Exceto Lojas de Dep. ou Magazines",0,1,-1
07/2021,"Com. Atac. de Frutas, Verduras, Raízes, Tubérculos, Hortaliças e Legumes Frescos",1,0,1
07/2021,Serv. de Lanternagem ou Funilaria e Pintura de Veíc. Autom.,0,3,-3
07/2021,Com. Var. de Produtos Alim. em Geral ou Especial. em Produtos Alim. não Especif. Ant.,3,0,3
07/2021,Com. Var. de Carnes - Açougues,1,3,-2
07/2021,Com. Var. de Outros Produtos não Especif. Ant.,0,1,-1
07/2021,Com. Var. de Outros Produtos não Especif. Ant.,2,0,2
07/2021,Com. Var. de Art. de Relojoaria,1,0,1
07/2021,Com. Var. de Merc. em Lojas de Conveniência,0,1,-1
07/2021,Com. Var. de Outros Produtos não Especif. Ant.,2,0,2
07/2021,Com. Var. Especial. de Equip. de Telefonia e Comunicação,2,0,2
07/2021,"Com. Var. de Merc. em Geral, com Pred. de Produtos Alim. - Minimercados, Mercearias e Armazéns",1,0,1
07/2021,Com. Var. de Outros Produtos não Especif. Ant.,0,1,-1
07/2021,Com. Var. de Calçados,2,2,0
07/2021,Com. Var. de Art. do Vestuário e Acessórios,0,1,-1
07/2021,"Com. Var. de Cosméticos, Produtos de Perfumaria e de Higiene Pessoal",9,2,7
07/2021,Com. Var. de Art. do Vestuário e Acessórios,0,1,-1
07/2021,Com. Atac. de Sorvetes,1,0,1
07/2021,Com. Var. de Art. do Vestuário e Acessórios,1,1,0
07/2021,Com. Var. de Art. do Vestuário e Acessórios,1,0,1
07/2021,Com. Var. de Art. do Vestuário e Acessórios,1,0,1
07/2021,"Com. Var. de Produtos Farmac., sem Manip. de Fórmulas",0,1,-1
07/2021,Com. Var. de Art. do Vestuário e Acessórios,0,2,-2
07/2021,Com. Var. de Animais Vivos e de Art. e Alimentos para Animais de Estimação,0,1,-1
07/2021,Com. Var. de Art. do Vestuário e Acessórios,1,0,1
07/2021,Com. Var. de Móveis,1,0,1
07/2021,Com. Var. de Produtos Alim. em Geral ou Especial. em Produtos Alim. não Especif. Ant.,0,1,-1
07/2021,Com. Var. de Mat. de Const. em Geral,0,2,-2
07/2021,"Com. a Var. de Automóveis, Camionetas e Utilitários Novos",2,1,1
07/2021,Com. a Var. de Pneumáticos e Câmaras-De-Ar,3,2,1
07/2021,Com. Var. de Bebidas,1,2,-1
07/2021,Com. Var. de Gás LiqüEfeito de Petróleo (Glp),1,0,1
07/2021,Com. Atac. de Ferragens e Ferramentas,1,0,1
07/2021,Com. Var. de Art. do Vestuário e Acessórios,2,0,2
07/2021,Com. Var. de Art. do Vestuário e Acessórios,2,0,2
07/2021,Com. Var. de Vidros,1,0,1
07/2021,Com. Var. de Art. de óptica,1,1,0
07/2021,Com. Var. de Art. do Vestuário e Acessórios,1,0,1
07/2021,Com. Var. de Produtos Alim. em Geral ou Especial. em Produtos Alim. não Especif. Ant.,0,1,-1
07/2021,"Com. Var. de Merc. em Geral, com Pred. de Produtos Alim. - Minimercados, Mercearias e Armazéns",2,0,2
07/2021,Com. Var. de Calçados,0,1,-1
07/2021,"Com. Var. de Merc. em Geral, com Pred. de Produtos Alim. - Hipermercados",8,15,-7
07/2021,Com. Var. de Mat. de Const. em Geral,0,1,-1
07/2021,Com. Var. de Animais Vivos e de Art. e Alimentos para Animais de Estimação,1,0,1
07/2021,"Com. Var. de Merc. em Geral, com Pred. de Produtos Alim. - Superm.",3,0,3
07/2021,Com. Var. de Art. de Relojoaria,0,1,-1
07/2021,Com. Var. de Comb. para Veíc. Autom.,2,0,2
07/2021,Com. Var. de Móveis,0,1,-1
07/2021,"Serv. de Lavagem, Lubrificação e Polimento de Veíc. Autom.",2,0,2
07/2021,Com. Var. de Art. do Vestuário e Acessórios,3,0,3
07/2021,Com. Var. de Art. do Vestuário e Acessórios,1,0,1
07/2021,Com. Var. de Pedras para Revestimento,0,2,-2
07/2021,Com. Var. de Hortifrutigranjeiros,2,4,-2
07/2021,Com. Var. de Art. do Vestuário e Acessórios,1,0,1
07/2021,Com. Var. de Hortifrutigranjeiros,0,1,-1
07/2021,"Com. Var. de Suvenires, Bijuterias e Artesanatos",1,1,0
07/2021,Com. Var. de Art. de óptica,0,1,-1
07/2021,Com. Var. de Calçados,1,0,1
07/2021,Com. Atac. de Produtos Alim. em Geral,1,2,-1
07/2021,"Lojas de Variedades, Exceto Lojas de Dep. ou Magazines",1,0,1
07/2021,Com. Atac. Especial. em Outros Produtos Alim. não Especif. Ant.,12,7,5
07/2021,Com. Var. de Art. de Papelaria,1,0,1
07/2021,Com. Var. de Hortifrutigranjeiros,1,0,1
07/2021,Com. Var. de Mat. de Const. não Especif. Ant.,0,1,-1
07/2021,Com. Var. de Produtos Alim. em Geral ou Especial. em Produtos Alim. não Especif. Ant.,1,0,1
07/2021,"Com. Atac. de Art. do Vestuário e Acessórios, Exceto Profissionais e de Segurança",0,1,-1
07/2021,Com. Atac. de Tecidos,0,1,-1
07/2021,"Lojas de Variedades, Exceto Lojas de Dep. ou Magazines",1,0,1
07/2021,Com. Var. de Plantas e Flores Naturais,1,2,-1
07/2021,Com. Var. de Art. do Vestuário e Acessórios,1,0,1
07/2021,Com. Var. de Art. do Vestuário e Acessórios,2,0,2
07/2021,Com. Var. de Tintas e Mat. para Pintura,1,0,1
07/2021,Com. Var. de Art. Esportivos,1,1,0
07/2021,Com. Var. de Art. do Vestuário e Acessórios,1,0,1
07/2021,Com. Var. de Mat. de Const. não Especif. Ant.,0,1,-1
07/2021,"Com. Var. de Merc. em Geral, com Pred. de Produtos Alim. - Minimercados, Mercearias e Armazéns",1,1,0
07/2021,Com. Var. de Calçados,0,1,-1
07/2021,"Com. Var. de Merc. em Geral, com Pred. de Produtos Alim. - Superm.",1,1,0
07/2021,"Serv. de Lavagem, Lubrificação e Polimento de Veíc. Autom.",1,0,1
07/2021,Com. Var. de Art. Médicos e Ortopédicos,1,1,0
07/2021,Com. Var. de Outros Art. de Uso Doméstico não Especif. Ant.,1,0,1
07/2021,Com. a Var. de Peças e Acessórios Novos para Veíc. Autom.,1,0,1
07/2021,Com. Var. Especial. de Eletrod. e Equip. de áudio e Vídeo,0,1,-1
07/2021,Com. Var. Especial. de Equip. de Telefonia e Comunicação,0,1,-1
07/2021,Com. Var. de Art. do Vestuário e Acessórios,0,1,-1
07/2021,Serv. de Borracharia para Veíc. Autom.,4,3,1
07/2021,"Com. Var. de Merc. em Geral, com Pred. de Produtos Alim. - Superm.",3,3,0
07/2021,"Com. Var. de Merc. em Geral, com Pred. de Produtos Alim. - Superm.",2,1,1
07/2021,Com. Var. Especial. de Eletrod. e Equip. de áudio e Vídeo,0,1,-1
07/2021,Com. Var. Especial. de Eletrod. e Equip. de áudio e Vídeo,0,21,-21
07/2021,Com. Var. Especial. de Eletrod. e Equip. de áudio e Vídeo,0,1,-1
07/2021,Com. Var. Especial. de Eletrod. e Equip. de áudio e Vídeo,0,2,-2
07/2021,Com. Var. Especial. de Eletrod. e Equip. de áudio e Vídeo,0,3,-3
07/2021,"Com. Var. de Merc. em Geral, com Pred. de Produtos Alim. - Minimercados, Mercearias e Armazéns",3,5,-2
07/2021,"Com. Var. de Merc. em Geral, com Pred. de Produtos Alim. - Minimercados, Mercearias e Armazéns",2,3,-1
07/2021,Com. Var. de Art. do Vestuário e Acessórios,10,7,3
07/2021,Com. Var. de Art. do Vestuário e Acessórios,7,8,-1
07/2021,Com. Var. de Art. do Vestuário e Acessórios,4,0,4
07/2021,Com. Var. de Art. Médicos e Ortopédicos,0,1,-1
07/2021,Com. a Var. de Motocicletas e Motonetas Usadas,1,0,1
07/2021,Com. Var. Especial. de Equip. de Telefonia e Comunicação,1,1,0
07/2021,Com. Atac. Especial. em Outros Produtos Alim. não Especif. Ant.,1,1,0
07/2021,Com. Var. de Hortifrutigranjeiros,1,0,1
07/2021,"Com. a Var. de Automóveis, Camionetas e Utilitários Usados",1,0,1
07/2021,Com. Var. de Produtos Alim. em Geral ou Especial. em Produtos Alim. não Especif. Ant.,2,1,1
07/2021,"Com. Var. de Cosméticos, Produtos de Perfumaria e de Higiene Pessoal",1,0,1
07/2021,Com. Var. de Art. Esportivos,1,0,1
07/2021,Com. Var. de Outros Art. Usados,2,0,2
07/2021,Com. a Var. de Peças e Acessórios Novos para Veíc. Autom.,1,0,1
07/2021,Com. Var. de Produtos Alim. em Geral ou Especial. em Produtos Alim. não Especif. Ant.,1,2,-1
07/2021,Com. Var. de Art. do Vestuário e Acessórios,1,0,1
07/2021,"Com. Var. de Produtos Farmac., sem Manip. de Fórmulas",1,0,1
07/2021,Com. Var. de Animais Vivos e de Art. e Alimentos para Animais de Estimação,1,1,0
07/2021,"Com. Atac. de Outras Máquinas e Equip. não Especif. Ant., Partes e Peças",10,3,7
07/2021,"Com. Atac. de Outras Máquinas e Equip. não Especif. Ant., Partes e Peças",1,2,-1
07/2021,Com. Var. de Art. de Colchoaria,1,0,1
07/2021,Com. Var. de Produtos Alim. em Geral ou Especial. em Produtos Alim. não Especif. Ant.,1,0,1
07/2021,Com. Var. de Calçados,1,1,0
07/2021,"Com. Var. de Produtos Farmac., sem Manip. de Fórmulas",1,1,0
07/2021,Com. Var. de Art. Esportivos,1,0,1
07/2021,Com. Var. de Carnes - Açougues,2,0,2
07/2021,"Com. Var. de Produtos Farmac., sem Manip. de Fórmulas",0,1,-1
07/2021,Com. Var. de Art. de óptica,1,1,0
07/2021,Com. Var. de Art. de óptica,0,1,-1
07/2021,"Com. a Var. de Automóveis, Camionetas e Utilitários Novos",0,1,-1
07/2021,Com. Var. de Art. de óptica,0,1,-1
07/2021,Com. Var. de Comb. para Veíc. Autom.,0,1,-1
07/2021,"Com. Atac. de Frutas, Verduras, Raízes, Tubérculos, Hortaliças e Legumes Frescos",0,2,-2
07/2021,"Com. Var. de Merc. em Geral, com Pred. de Produtos Alim. - Minimercados, Mercearias e Armazéns",0,1,-1
07/2021,Com. Var. de Art. do Vestuário e Acessórios,1,0,1
07/2021,"Lojas de Variedades, Exceto Lojas de Dep. ou Magazines",1,1,0
07/2021,Com. Var. de Produtos Alim. em Geral ou Especial. em Produtos Alim. não Especif. Ant.,3,0,3
07/2021,Com. Var. de Art. do Vestuário e Acessórios,0,1,-1
07/2021,Com. Var. de Calçados,1,0,1
07/2021,"Serv. de Instalação, Manutenção e Reparação de Acessórios para Veíc. Autom.",1,0,1
07/2021,Com. Var. de Outros Art. de Uso Doméstico não Especif. Ant.,0,1,-1
07/2021,Com. Var. de Art. de Papelaria,1,0,1
07/2021,Com. Var. de Outros Produtos não Especif. Ant.,1,0,1
07/2021,Com. a Var. de Peças e Acessórios Novos para Veíc. Autom.,0,1,-1
07/2021,Com. Var. de Calçados,1,1,0
07/2021,Com. Var. de Plantas e Flores Naturais,1,1,0
07/2021,"Com. Var. de Doces, Balas, Bombons e Semelhantes",0,1,-1
07/2021,Com. Var. de Móveis,1,1,0
07/2021,Com. Var. Especial. de Equip. e Suprimentos de Informática,1,0,1
07/2021,Com. Var. de Bebidas,0,1,-1
07/2021,Com. Var. de Art. do Vestuário e Acessórios,1,0,1
07/2021,Com. Var. de Material Elétrico,0,1,-1
07/2021,Com. Var. de Ferragens e Ferramentas,1,1,0
07/2021,Com. Var. de Art. do Vestuário e Acessórios,2,0,2
07/2021,Com. Var. de Outros Art. de Uso Doméstico não Especif. Ant.,2,0,2
07/2021,Padaria e Confeitaria com Pred. de Revenda,1,0,1
07/2021,Com. Var. de Outros Produtos não Especif. Ant.,1,0,1
07/2021,Com. Var. de Produtos Alim. em Geral ou Especial. em Produtos Alim. não Especif. Ant.,1,0,1
07/2021,Com. Var. de Produtos Saneantes Domissanitários,1,0,1
07/2021,Com. Var. de Art. do Vestuário e Acessórios,1,0,1
07/2021,Com. Var. de Outros Art. de Uso Doméstico não Especif. Ant.,3,0,3
07/2021,Com. Var. de Mat. de Const. não Especif. Ant.,1,0,1
07/2021,Com. Var. de Art. do Vestuário e Acessórios,1,0,1
07/2021,Com. Var. de Ferragens e Ferramentas,1,0,1
07/2021,Com. Atac. de Embalagens,6,3,3
07/2021,Com. Var. de Produtos Alim. em Geral ou Especial. em Produtos Alim. não Especif. Ant.,7,0,7
07/2021,Com. a Var. de Peças e Acessórios Novos para Veíc. Autom.,1,0,1
07/2021,"Com. Var. de Merc. em Geral, com Pred. de Produtos Alim. - Superm.",15,4,11
07/2021,Com. Var. de Mat. de Const. não Especif. Ant.,0,1,-1
07/2021,Com. Var. de Ferragens e Ferramentas,1,0,1
07/2021,"Com. Var. de Cosméticos, Produtos de Perfumaria e de Higiene Pessoal",0,4,-4
07/2021,"Lojas de Variedades, Exceto Lojas de Dep. ou Magazines",1,1,0
07/2021,Com. Atac. de Bebidas não Especificadas Ant.,1,0,1
07/2021,Com. Var. de Móveis,1,0,1
07/2021,"Com. Atac. de Frutas, Verduras, Raízes, Tubérculos, Hortaliças e Legumes Frescos",1,0,1
07/2021,"Com. Atac. de Outras Máquinas e Equip. não Especif. Ant., Partes e Peças",1,0,1
07/2021,"Com. Var. de Cosméticos, Produtos de Perfumaria e de Higiene Pessoal",1,0,1
07/2021,"Serv. de Lavagem, Lubrificação e Polimento de Veíc. Autom.",0,1,-1
07/2021,Com. Var. de Art. de óptica,1,1,0
07/2021,"Com. Var. de Bicicletas e Triciclos, Peças e Acessórios",3,0,3
07/2021,Padaria e Confeitaria com Pred. de Revenda,2,0,2
07/2021,"Com. Var. de Bicicletas e Triciclos, Peças e Acessórios",3,0,3
07/2021,Com. Var. de Art. do Vestuário e Acessórios,1,0,1
07/2021,Com. Var. de Produtos Alim. em Geral ou Especial. em Produtos Alim. não Especif. Ant.,1,0,1
07/2021,"Com. Var. de Doces, Balas, Bombons e Semelhantes",1,0,1
07/2021,"Com. Var. de Suvenires, Bijuterias e Artesanatos",1,1,0
07/2021,Com. Atac. Especial. de Mat. de Const. não Especif. Ant.,1,0,1
07/2021,Padaria e Confeitaria com Pred. de Revenda,2,3,-1
07/2021,Com. Var. de Art. de óptica,1,0,1
07/2021,Com. Var. de Art. de Joalheria,1,0,1
07/2021,Com. Var. de Produtos Alim. em Geral ou Especial. em Produtos Alim. não Especif. Ant.,1,0,1
07/2021,"Com. Var. de Cosméticos, Produtos de Perfumaria e de Higiene Pessoal",1,0,1
07/2021,Com. Var. de Ferragens e Ferramentas,1,0,1
07/2021,Com. Var. de Art. de óptica,2,1,1
07/2021,"Com. a Var. de Automóveis, Camionetas e Utilitários Novos",3,0,3
07/2021,Com. Var. de Hortifrutigranjeiros,1,0,1
07/2021,Com. Atac. de Art. de Escritório e de Papelaria,2,1,1
07/2021,Com. Var. de Art. de óptica,2,0,2
07/2021,"Com. Var. de Doces, Balas, Bombons e Semelhantes",2,0,2
07/2021,Com. Var. Especial. de Eletrod. e Equip. de áudio e Vídeo,0,1,-1
07/2021,Com. Atac. de Medicamentos e Drogas de Uso Humano,10,0,10
07/2021,Com. Var. de Mat. de Const. não Especif. Ant.,2,1,1
07/2021,Padaria e Confeitaria com Pred. de Revenda,1,2,-1
07/2021,Com. Var. de Comb. para Veíc. Autom.,1,0,1
07/2021,Com. a Var. de Peças e Acessórios Novos para Veíc. Autom.,1,1,0
07/2021,Com. Var. de Art. do Vestuário e Acessórios,13,4,9
07/2021,Com. Var. de Art. do Vestuário e Acessórios,6,4,2
07/2021,Com. Var. de Calçados,0,1,-1
07/2021,Com. Var. de Calçados,1,2,-1
07/2021,Com. Var. de Calçados,0,1,-1
07/2021,Com. Var. de Calçados,0,1,-1
07/2021,Com. Var. de Calçados,0,9,-9
07/2021,Com. Var. de Calçados,1,0,1
07/2021,"Com. Var. de Merc. em Geral, com Pred. de Produtos Alim. - Hipermercados",16,16,0
07/2021,Com. Var. de Comb. para Veíc. Autom.,4,2,2
07/2021,Com. Var. de Mat. de Const. não Especif. Ant.,2,1,1
07/2021,Com. Var. de Outros Produtos não Especif. Ant.,0,2,-2
07/2021,Com. a Var. de Pneumáticos e Câmaras-De-Ar,1,1,0
07/2021,Com. Var. de Art. do Vestuário e Acessórios,2,0,2
07/2021,Com. Var. de Madeira e Artefatos,4,2,2
07/2021,Com. Atac. de Produtos Alim. em Geral,5,8,-3
07/2021,Com. Var. de Móveis,0,1,-1
07/2021,Com. Var. de Art. do Vestuário e Acessórios,2,2,0
07/2021,Com. Var. de Art. do Vestuário e Acessórios,2,1,1
07/2021,"Com. Var. de Merc. em Geral, com Pred. de Produtos Alim. - Superm.",1,4,-3
07/2021,"Com. Var. de Merc. em Geral, com Pred. de Produtos Alim. - Superm.",4,1,3
07/2021,"Com. Atac. de Chocolates, Confeitos, Balas, Bombons e Semelhantes",1,0,1
07/2021,"Lojas de Dep. ou Magazines, Exceto Lojas Francas (Duty Free)",1,0,1
07/2021,Com. a Var. de Peças e Acessórios Novos para Veíc. Autom.,0,1,-1
07/2021,Com. Var. de Art. de óptica,0,1,-1
07/2021,Com. Var. de Comb. para Veíc. Autom.,1,0,1
07/2021,"Com. Var. de Merc. em Geral, com Pred. de Produtos Alim. - Superm.",0,1,-1
07/2021,Serv. de Borracharia para Veíc. Autom.,0,1,-1
07/2021,Com. Var. de Art. do Vestuário e Acessórios,2,2,0
07/2021,Com. Var. de Art. do Vestuário e Acessórios,1,0,1
07/2021,Com. a Var. de Peças e Acessórios Novos para Veíc. Autom.,4,2,2
07/2021,Com. Var. de Comb. para Veíc. Autom.,1,2,-1
07/2021,"Com. Var. de Merc. em Geral, com Pred. de Produtos Alim. - Minimercados, Mercearias e Armazéns",0,3,-3
07/2021,Com. Var. de Comb. para Veíc. Autom.,0,1,-1
07/2021,Com. a Var. de Peças e Acessórios Novos para Veíc. Autom.,0,1,-1
07/2021,Padaria e Confeitaria com Pred. de Revenda,2,0,2
07/2021,Com. Atac. Especial. em Outros Produtos Intermediários não Especif. Ant.,1,2,-1
07/2021,Com. Var. de Produtos Alim. em Geral ou Especial. em Produtos Alim. não Especif. Ant.,2,1,1
07/2021,Com. a Var. de Peças e Acessórios Novos para Veíc. Autom.,0,1,-1
07/2021,"Com. Var. de Merc. em Geral, com Pred. de Produtos Alim. - Superm.",0,2,-2
07/2021,"Com. Var. de Merc. em Geral, com Pred. de Produtos Alim. - Superm.",0,2,-2
07/2021,"Com. Var. de Merc. em Geral, com Pred. de Produtos Alim. - Superm.",0,7,-7
07/2021,"Com. Var. de Merc. em Geral, com Pred. de Produtos Alim. - Superm.",3,10,-7
07/2021,"Com. Var. de Merc. em Geral, com Pred. de Produtos Alim. - Superm.",3,3,0
07/2021,"Com. Var. de Merc. em Geral, com Pred. de Produtos Alim. - Superm.",6,9,-3
07/2021,"Com. Var. de Merc. em Geral, com Pred. de Produtos Alim. - Superm.",2,8,-6
07/2021,"Com. Var. de Merc. em Geral, com Pred. de Produtos Alim. - Superm.",4,4,0
07/2021,Com. Atac. de Produtos Alim. em Geral,2,4,-2
07/2021,"Com. Var. de Merc. em Geral, com Pred. de Produtos Alim. - Superm.",4,3,1
07/2021,"Com. Var. de Merc. em Geral, com Pred. de Produtos Alim. - Superm.",1,0,1
07/2021,"Com. Var. de Merc. em Geral, com Pred. de Produtos Alim. - Superm.",1,4,-3
07/2021,"Com. Var. de Merc. em Geral, com Pred. de Produtos Alim. - Superm.",2,1,1
07/2021,"Com. Var. de Merc. em Geral, com Pred. de Produtos Alim. - Superm.",2,8,-6
07/2021,Padaria e Confeitaria com Pred. de Revenda,2,0,2
07/2021,Com. Var. de Comb. para Veíc. Autom.,1,1,0
07/2021,"Com. a Var. de Automóveis, Camionetas e Utilitários Novos",3,1,2
07/2021,Padaria e Confeitaria com Pred. de Revenda,0,1,-1
07/2021,Serv. de Lanternagem ou Funilaria e Pintura de Veíc. Autom.,0,2,-2
07/2021,Padaria e Confeitaria com Pred. de Revenda,0,1,-1
07/2021,"Com. Var. de Merc. em Geral, com Pred. de Produtos Alim. - Superm.",5,8,-3
07/2021,"Com. Var. de Merc. em Geral, com Pred. de Produtos Alim. - Superm.",5,9,-4
07/2021,"Com. Var. de Merc. em Geral, com Pred. de Produtos Alim. - Superm.",9,11,-2
07/2021,"Com. Var. de Merc. em Geral, com Pred. de Produtos Alim. - Superm.",1,4,-3
07/2021,"Com. Var. de Merc. em Geral, com Pred. de Produtos Alim. - Superm.",4,3,1
07/2021,Com. Var. de Comb. para Veíc. Autom.,0,1,-1
07/2021,"Com. Atac. de Frutas, Verduras, Raízes, Tubérculos, Hortaliças e Legumes Frescos",1,2,-1
07/2021,Com. Var. de Tecidos,0,1,-1
07/2021,Com. Var. de Outros Produtos não Especif. Ant.,2,1,1
07/2021,Com. a Var. de Motocicletas e Motonetas Novas,1,0,1
07/2021,Com. Var. de Mat. de Const. em Geral,0,1,-1
07/2021,"Com. Atac. de Máquinas, Aparelhos e Equip. para Uso Agropecuário, Partes e Peças",12,5,7
07/2021,Com. Var. de Mat. de Const. em Geral,0,4,-4
07/2021,Com. Var. de Calçados,1,1,0
07/2021,"Com. Var. de Produtos Farmac., com Manip. de Fórmulas",1,2,-1
07/2021,Comercio Var. de Art. de Armarinho,0,1,-1
07/2021,Com. a Var. de Peças e Acessórios Novos para Veíc. Autom.,2,1,1
07/2021,Com. por Atacado de Peças e Acessórios Novos para Veíc. Autom.,1,0,1
07/2021,Com. por Atacado de Peças e Acessórios Novos para Veíc. Autom.,1,0,1
07/2021,Padaria e Confeitaria com Pred. de Revenda,4,2,2
07/2021,Com. Var. de Animais Vivos e de Art. e Alimentos para Animais de Estimação,2,0,2
07/2021,Com. a Var. de Peças e Acessórios Novos para Veíc. Autom.,0,1,-1
07/2021,"Com. Atac. de Outras Máquinas e Equip. não Especif. Ant., Partes e Peças",13,6,7
07/2021,Com. Var. de Comb. para Veíc. Autom.,0,1,-1
07/2021,"Com. Atac. de Máquinas e Equip. para Uso Industrial, Partes e Peças",1,0,1
07/2021,Serv. de Manutenção e Reparação Mecânica de Veíc. Autom.,1,1,0
07/2021,"Com. Var. de Merc. em Geral, com Pred. de Produtos Alim. - Minimercados, Mercearias e Armazéns",2,2,0
07/2021,"Com. Var. de Merc. em Geral, com Pred. de Produtos Alim. - Minimercados, Mercearias e Armazéns",0,1,-1
07/2021,"Com. a Var. de Automóveis, Camionetas e Utilitários Novos",8,9,-1
07/2021,Padaria e Confeitaria com Pred. de Revenda,0,1,-1
07/2021,Serv. de Manutenção e Reparação Mecânica de Veíc. Autom.,0,1,-1
07/2021,Com. Atac. de Outros Equip. e Art. de Uso Pessoal e Doméstico não Especif. Ant.,4,3,1
07/2021,"Com. Atac. de Máquinas, Aparelhos e Equip. para Uso Agropecuário, Partes e Peças",2,4,-2
07/2021,Com. Var. de Mat. de Const. não Especif. Ant.,0,1,-1
07/2021,Com. Var. de Outros Produtos não Especif. Ant.,1,0,1
07/2021,Com. Var. Especial. de Eletrod. e Equip. de áudio e Vídeo,2,0,2
07/2021,Com. Var. Especial. de Eletrod. e Equip. de áudio e Vídeo,2,1,1
07/2021,"Com. a Var. de Automóveis, Camionetas e Utilitários Usados",1,0,1
07/2021,Com. Var. de Art. de Papelaria,0,1,-1
07/2021,Com. Var. de Comb. para Veíc. Autom.,0,1,-1
07/2021,Com. a Var. de Peças e Acessórios para Motocicletas e Motonetas (Desativado),5,2,3
07/2021,Com. Var. de Art. de Joalheria,1,0,1
07/2021,Com. Var. de Art. de óptica,1,0,1
07/2021,Com. Var. de Art. Esportivos,2,0,2
07/2021,Com. Var. de Laticínios e Frios,1,0,1
07/2021,"Com. Var. de Produtos Farmac., sem Manip. de Fórmulas",0,1,-1
07/2021,Com. Var. de Brinquedos e Art. Recreativos,2,1,1
07/2021,"Com. Atac. de Cerveja, Chope e Refrigerante",13,5,8
07/2021,Com. Var. de Mat. de Const. em Geral,0,1,-1
07/2021,Serv. de Manutenção e Reparação Mecânica de Veíc. Autom.,2,0,2
07/2021,Padaria e Confeitaria com Pred. de Revenda,0,1,-1
07/2021,Comercio Var. de Art. de Armarinho,2,0,2
07/2021,Com. Var. de Tintas e Mat. para Pintura,1,1,0
07/2021,Com. Atac. de Aves Vivas e Ovos,0,1,-1
07/2021,Com. Var. de Comb. para Veíc. Autom.,1,0,1
07/2021,Com. a Var. de Peças e Acessórios Novos para Veíc. Autom.,0,1,-1
07/2021,Com. Var. de Mat. de Const. não Especif. Ant.,0,1,-1
07/2021,Com. Atac. de Ferragens e Ferramentas,1,0,1
07/2021,Com. Var. de Madeira e Artefatos,2,0,2
07/2021,Com. Var. de Produtos Alim. em Geral ou Especial. em Produtos Alim. não Especif. Ant.,1,0,1
07/2021,Com. por Atacado de Peças e Acessórios Novos para Veíc. Autom.,2,0,2
07/2021,Com. a Var. de Peças e Acessórios Novos para Veíc. Autom.,3,0,3
07/2021,Com. Var. de Mat. de Const. não Especif. Ant.,2,1,1
07/2021,Com. por Atacado de Caminhões Novos e Usados,1,1,0
07/2021,Com. a Var. de Peças e Acessórios Novos para Veíc. Autom.,1,0,1
07/2021,"Lojas de Dep. ou Magazines, Exceto Lojas Francas (Duty Free)",2,1,1
07/2021,"Lojas de Dep. ou Magazines, Exceto Lojas Francas (Duty Free)",1,0,1
07/2021,"Com. Atac. de Cerveja, Chope e Refrigerante",4,8,-4
07/2021,Com. Var. de Art. do Vestuário e Acessórios,1,0,1
07/2021,Com. Var. de Art. do Vestuário e Acessórios,2,1,1
07/2021,Com. Atac. de Art. de Escritório e de Papelaria,0,2,-2
07/2021,"Com. Var. de Merc. em Geral, com Pred. de Produtos Alim. - Superm.",8,5,3
07/2021,Com. a Var. de Pneumáticos e Câmaras-De-Ar,0,1,-1
07/2021,Com. Var. de Livros,2,0,2
07/2021,"Com. Var. de Produtos Farmac., sem Manip. de Fórmulas",2,1,1
07/2021,"Com. Var. de Produtos Farmac., sem Manip. de Fórmulas",1,1,0
07/2021,"Com. Var. de Produtos Farmac., sem Manip. de Fórmulas",0,1,-1
07/2021,"Com. Var. de Produtos Farmac., sem Manip. de Fórmulas",1,0,1
07/2021,"Com. Var. de Produtos Farmac., sem Manip. de Fórmulas",1,0,1
07/2021,"Com. Atac. de Instrumentos e Mat. para Uso Médico, Cirúrgico, Hospitalar e de Laboratórios",0,1,-1
07/2021,Com. Var. de Comb. para Veíc. Autom.,1,0,1
07/2021,"Com. Var. de Produtos Farmac., sem Manip. de Fórmulas",0,1,-1
07/2021,"Com. Var. de Produtos Farmac., sem Manip. de Fórmulas",0,1,-1
07/2021,"Com. Var. de Produtos Farmac., sem Manip. de Fórmulas",1,1,0
07/2021,"Com. Var. de Produtos Farmac., sem Manip. de Fórmulas",0,1,-1
07/2021,"Com. Var. de Produtos Farmac., sem Manip. de Fórmulas",0,1,-1
07/2021,"Com. Var. de Produtos Farmac., sem Manip. de Fórmulas",1,0,1
07/2021,"Com. Var. de Produtos Farmac., sem Manip. de Fórmulas",1,0,1
07/2021,"Com. Var. de Produtos Farmac., sem Manip. de Fórmulas",2,2,0
07/2021,"Com. Var. de Produtos Farmac., sem Manip. de Fórmulas",1,0,1
07/2021,"Com. Var. de Produtos Farmac., sem Manip. de Fórmulas",0,1,-1
07/2021,"Com. Var. de Produtos Farmac., sem Manip. de Fórmulas",2,0,2
07/2021,"Com. Var. de Produtos Farmac., sem Manip. de Fórmulas",0,1,-1
07/2021,"Com. Var. de Produtos Farmac., sem Manip. de Fórmulas",1,1,0
07/2021,"Com. Var. de Produtos Farmac., sem Manip. de Fórmulas",1,0,1
07/2021,"Com. Var. de Produtos Farmac., sem Manip. de Fórmulas",2,0,2
07/2021,Com. Var. de Art. de Viagem,1,0,1
07/2021,Com. Var. de Art. do Vestuário e Acessórios,1,0,1
07/2021,Com. Var. Especial. de Eletrod. e Equip. de áudio e Vídeo,1,0,1
07/2021,Com. Var. de Outros Art. de Uso Doméstico não Especif. Ant.,2,3,-1
07/2021,"Com. Atac. de Chocolates, Confeitos, Balas, Bombons e Semelhantes",5,1,4
07/2021,Com. Var. de Plantas e Flores Naturais,5,3,2
07/2021,Com. Var. de Mat. de Const. em Geral,0,1,-1
07/2021,Com. por Atacado de Peças e Acessórios Novos para Veíc. Autom.,1,0,1
07/2021,Com. Var. de Mat. de Const. não Especif. Ant.,0,2,-2
07/2021,Com. Atac. de Art. de Armarinho,0,1,-1
07/2021,Com. Var. de Comb. para Veíc. Autom.,0,1,-1
07/2021,Com. Var. de Calçados,2,2,0
07/2021,"Com. Var. de Merc. em Geral, com Pred. de Produtos Alim. - Superm.",19,35,-16
07/2021,"Com. Var. de Produtos Farmac., sem Manip. de Fórmulas",0,3,-3
07/2021,Com. Var. de Mat. de Const. não Especif. Ant.,2,1,1
07/2021,Com. a Var. de Peças e Acessórios Novos para Veíc. Autom.,0,1,-1
07/2021,"Com. Var. de Merc. em Geral, com Pred. de Produtos Alim. - Superm.",6,3,3
07/2021,Com. Var. de Produtos Alim. em Geral ou Especial. em Produtos Alim. não Especif. Ant.,2,2,0
07/2021,Serv. de Manutenção e Reparação Mecânica de Veíc. Autom.,0,1,-1
07/2021,Com. Var. de Mat. de Const. não Especif. Ant.,6,4,2
07/2021,Com. Atac. de Matérias-Primas Agrícolas não Especificadas Ant.,12,2,10
07/2021,Com. Var. de Brinquedos e Art. Recreativos,1,1,0
07/2021,"Com. Var. de Merc. em Geral, com Pred. de Produtos Alim. - Minimercados, Mercearias e Armazéns",1,0,1
07/2021,Com. Atac. Especial. em Outros Produtos Alim. não Especif. Ant.,3,2,1
07/2021,Padaria e Confeitaria com Pred. de Revenda,0,1,-1
07/2021,"Com. Var. de Produtos Farmac., com Manip. de Fórmulas",0,4,-4
07/2021,Com. Var. de Outros Art. de Uso Doméstico não Especif. Ant.,1,0,1
07/2021,"Com. Var. de Produtos Farmac., sem Manip. de Fórmulas",0,1,-1
07/2021,Com. Var. de Mat. de Const. não Especif. Ant.,0,1,-1
07/2021,Com. Var. de Tintas e Mat. para Pintura,2,0,2
07/2021,Com. Var. de Tintas e Mat. para Pintura,2,0,2
07/2021,Com. Var. de Tintas e Mat. para Pintura,1,1,0
07/2021,Com. Var. de Mat. de Const. não Especif. Ant.,1,0,1
07/2021,Com. Var. de Art. do Vestuário e Acessórios,0,1,-1
07/2021,Com. Var. de Madeira e Artefatos,0,1,-1
07/2021,"Com. Atac. de Máquinas e Equip. para Uso Industrial, Partes e Peças",2,0,2
07/2021,Com. Var. de Livros,0,2,-2
07/2021,Com. Var. de Outros Produtos não Especif. Ant.,2,0,2
07/2021,Com. Var. de Comb. para Veíc. Autom.,1,0,1
07/2021,"Com. Atac. de Merc. em Geral, com Pred. de Insumos Agropecuários",6,2,4
07/2021,"Serv. de Lavagem, Lubrificação e Polimento de Veíc. Autom.",8,4,4
07/2021,"Com. Atac. de Cerveja, Chope e Refrigerante",5,2,3
07/2021,Com. Var. de Mat. de Const. em Geral,0,1,-1
07/2021,"Com. Var. de Produtos Farmac., sem Manip. de Fórmulas",1,0,1
07/2021,Com. Var. de Art. de Iluminação,1,0,1
07/2021,"Com. Var. de Merc. em Geral, com Pred. de Produtos Alim. - Hipermercados",11,3,8
07/2021,Com. Atac. de Ferragens e Ferramentas,5,3,2
07/2021,"Com. Var. Especial. de Peças e Acessórios para Aparelhos Eletroeletrônicos para Uso Doméstico, Exceto Informática e Comunicação",1,1,0
07/2021,Com. a Var. de Peças e Acessórios Novos para Veíc. Autom.,2,1,1
07/2021,"Com. Var. de Merc. em Geral, com Pred. de Produtos Alim. - Hipermercados",7,1,6
07/2021,Com. Atac. de Produtos Alim. em Geral,1,2,-1
07/2021,Com. Atac. Especial. de Mat. de Const. não Especif. Ant.,5,4,1
07/2021,Com. por Atacado de Motocicletas e Motonetas,0,1,-1
07/2021,Com. Var. de Art. de Joalheria,1,0,1
07/2021,"Com. Atac. de Máquinas, Aparelhos e Equip. para Uso Agropecuário, Partes e Peças",0,2,-2
07/2021,Com. Var. de Art. do Vestuário e Acessórios,3,3,0
07/2021,Com. Var. de Art. do Vestuário e Acessórios,1,0,1
07/2021,"Com. Var. de Produtos Farmac., com Manip. de Fórmulas",1,0,1
04/2021,Com. Var. de Gás LiqüEfeito de Petróleo (Glp),1,0,1
04/2021,Com. Var. Especial. de Equip. e Suprimentos de Informática,0,2,-2
04/2021,"Com. Atac. de Frutas, Verduras, Raízes, Tubérculos, Hortaliças e Legumes Frescos",1,0,1
04/2021,Com. a Var. de Peças e Acessórios Novos para Veíc. Autom.,1,0,1
04/2021,Com. Atac. de Ferragens e Ferramentas,0,1,-1
04/2021,Com. Var. de Ferragens e Ferramentas,1,0,1
04/2021,Com. Var. Especial. de Eletrod. e Equip. de áudio e Vídeo,4,3,1
04/2021,"Com. Var. de Merc. em Geral, com Pred. de Produtos Alim. - Minimercados, Mercearias e Armazéns",0,1,-1
04/2021,Com. Var. de Madeira e Artefatos,1,0,1
04/2021,"Com. Atac. de Lustres, Luminárias e Abajures",0,1,-1
04/2021,Com. Atac. de Ferragens e Ferramentas,3,0,3
04/2021,Com. Var. de Equip. para Escritório,0,1,-1
04/2021,Com. Var. de Outros Produtos não Especif. Ant.,0,1,-1
04/2021,Com. a Var. de Peças e Acessórios Novos para Veíc. Autom.,1,0,1
04/2021,"Com. a Var. de Automóveis, Camionetas e Utilitários Usados",1,0,1
04/2021,Serv. de Manutenção e Reparação Mecânica de Veíc. Autom.,0,1,-1
04/2021,Com. Var. de Lubrificantes,0,1,-1
04/2021,"Com. Var. de Merc. em Geral, com Pred. de Produtos Alim. - Hipermercados",3,9,-6
04/2021,"Com. a Var. de Automóveis, Camionetas e Utilitários Novos",1,2,-1
04/2021,Com. Var. de Material Elétrico,0,2,-2
04/2021,Com. Atac. de Medicamentos e Drogas de Uso Humano,49,43,6
04/2021,Com. Var. de Art. do Vestuário e Acessórios,0,1,-1
04/2021,"Com. Var. de Produtos Farmac., sem Manip. de Fórmulas",1,1,0
04/2021,"Com. a Var. de Automóveis, Camionetas e Utilitários Usados",1,0,1
04/2021,Com. Var. de Hortifrutigranjeiros,1,0,1
04/2021,Padaria e Confeitaria com Pred. de Revenda,0,1,-1
04/2021,Com. Var. de Art. do Vestuário e Acessórios,0,1,-1
04/2021,Com. Atac. Especial. em Outros Produtos Intermediários não Especif. Ant.,6,0,6
04/2021,"Com. Atac. de Instrumentos e Mat. para Uso Médico, Cirúrgico, Hospitalar e de Laboratórios",0,1,-1
04/2021,Com. Atac. de Componentes Eletrônicos e Equip. de Telefonia e Comunicação,4,0,4
04/2021,Com. Var. Especial. de Equip. e Suprimentos de Informática,3,0,3
04/2021,"Com. Var. de Produtos Farmac., sem Manip. de Fórmulas",0,1,-1
04/2021,Com. Atac. de Outros Equip. e Art. de Uso Pessoal e Doméstico não Especif. Ant.,0,1,-1
04/2021,Com. Atac. de Produtos Alim. em Geral,1,1,0
04/2021,Com. a Var. de Peças e Acessórios Novos para Veíc. Autom.,2,0,2
04/2021,"Com. Var. de Doces, Balas, Bombons e Semelhantes",0,1,-1
04/2021,Com. Atac. de Carnes Bovinas e Suínas e Derivados,15,13,2
04/2021,"Com. Var. de Merc. em Geral, com Pred. de Produtos Alim. - Minimercados, Mercearias e Armazéns",1,1,0
04/2021,Com. por Atacado de Peças e Acessórios Novos para Veíc. Autom.,0,4,-4
04/2021,Com. Atac. de Resíduos de Papel e Papelão,1,2,-1
04/2021,Com. Var. de Outros Art. de Uso Doméstico não Especif. Ant.,1,3,-2
04/2021,Com. Var. de Mat. de Const. não Especif. Ant.,0,1,-1
04/2021,Com. Var. de Art. do Vestuário e Acessórios,1,0,1
04/2021,Com. Var. Especial. de Equip. e Suprimentos de Informática,1,1,0
04/2021,Com. Var. de Comb. para Veíc. Autom.,1,1,0
04/2021,Com. Var. de Móveis,0,2,-2
04/2021,Com. Var. de Art. do Vestuário e Acessórios,0,1,-1
04/2021,Com. Var. de Art. do Vestuário e Acessórios,0,1,-1
04/2021,Com. Var. de Comb. para Veíc. Autom.,1,1,0
04/2021,Com. a Var. de Peças e Acessórios Novos para Veíc. Autom.,0,1,-1
04/2021,Com. Var. de Comb. para Veíc. Autom.,1,1,0
04/2021,Com. Var. de Art. de óptica,0,1,-1
04/2021,Com. Var. de Brinquedos e Art. Recreativos,0,1,-1
04/2021,Padaria e Confeitaria com Pred. de Revenda,0,1,-1
04/2021,"Com. a Var. de Automóveis, Camionetas e Utilitários Usados",0,1,-1
04/2021,Com. Var. de Carnes - Açougues,1,1,0
04/2021,Com. Var. de Outros Produtos não Especif. Ant.,1,0,1
04/2021,Com. a Var. de Pneumáticos e Câmaras-De-Ar,0,1,-1
04/2021,Padaria e Confeitaria com Pred. de Revenda,1,1,0
04/2021,Com. Var. de Comb. para Veíc. Autom.,2,0,2
04/2021,Com. Var. de Carnes - Açougues,1,0,1
04/2021,Com. Var. de Outros Produtos não Especif. Ant.,2,0,2
04/2021,Com. Var. de Art. de Colchoaria,0,1,-1
04/2021,"Comercio Var. de Art. de Cama, Mesa e Banho",0,1,-1
04/2021,"Com. Atac. de Tintas, Vernizes e Similares",3,2,1
04/2021,"Com. Var. de Suvenires, Bijuterias e Artesanatos",0,1,-1
04/2021,Com. Var. de Outros Produtos não Especif. Ant.,2,0,2
04/2021,"Com. Var. de Produtos Farmac., com Manip. de Fórmulas",0,2,-2
04/2021,"Com. Var. de Produtos Farmac., sem Manip. de Fórmulas",0,1,-1
04/2021,Com. Var. Especial. de Equip. de Telefonia e Comunicação,0,2,-2
04/2021,Com. Atac. Especial. em Outros Produtos Intermediários não Especif. Ant.,0,1,-1
04/2021,Com. Atac. de Produtos Alim. em Geral,1,4,-3
04/2021,Com. Atac. de Cosméticos e Produtos de Perfumaria,5,9,-4
04/2021,Com. Var. de Mat. de Const. em Geral,1,1,0
04/2021,"Com. Var. de Produtos Farmac., com Manip. de Fórmulas",1,0,1
04/2021,Com. Var. de Art. do Vestuário e Acessórios,1,2,-1
04/2021,"Com. Var. de Merc. em Geral, com Pred. de Produtos Alim. - Superm.",3,0,3
04/2021,"Com. Var. de Merc. em Geral, com Pred. de Produtos Alim. - Minimercados, Mercearias e Armazéns",1,0,1
04/2021,Com. Var. de Móveis,0,2,-2
04/2021,"Serv. de Lavagem, Lubrificação e Polimento de Veíc. Autom.",0,1,-1
04/2021,Com. Var. de Outros Produtos não Especif. Ant.,0,2,-2
04/2021,"Com. Var. de Art. de Tapeçaria, Cortinas e Persianas",0,1,-1
04/2021,Com. Var. de Mat. de Const. não Especif. Ant.,0,4,-4
04/2021,Com. Var. de Outros Produtos não Especif. Ant.,0,1,-1
04/2021,Com. Var. de Mat. de Const. não Especif. Ant.,3,0,3
04/2021,Com. Atac. de Sorvetes,3,2,1
04/2021,Com. Var. de Ferragens e Ferramentas,1,0,1
04/2021,Com. Atac. de Cosméticos e Produtos de Perfumaria,3,0,3
04/2021,Com. Atac. de Outros Equip. e Art. de Uso Pessoal e Doméstico não Especif. Ant.,0,2,-2
04/2021,Com. Atac. de Ferragens e Ferramentas,2,3,-1
04/2021,Com. Var. de Material Elétrico,0,1,-1
04/2021,Com. a Var. de Peças e Acessórios Novos para Veíc. Autom.,0,1,-1
04/2021,Serv. de Manutenção e Reparação Mecânica de Veíc. Autom.,0,1,-1
04/2021,"Com. Var. de Produtos Farmac., sem Manip. de Fórmulas",0,1,-1
04/2021,Com. por Atacado de Peças e Acessórios para Motocicletas e Motonetas,0,1,-1
04/2021,"Com. a Var. de Automóveis, Camionetas e Utilitários Novos",1,2,-1
04/2021,Com. Var. Especial. de Eletrod. e Equip. de áudio e Vídeo,1,0,1
04/2021,Com. Var. de Comb. para Veíc. Autom.,3,2,1
04/2021,Com. Atac. de Produtos Alim. em Geral,9,7,2
04/2021,Com. Var. de Comb. para Veíc. Autom.,1,1,0
04/2021,"Com. Var. de Produtos Farmac., sem Manip. de Fórmulas",0,1,-1
04/2021,"Com. Var. de Merc. em Geral, com Pred. de Produtos Alim. - Minimercados, Mercearias e Armazéns",1,0,1
04/2021,Com. Var. de Outros Produtos não Especif. Ant.,0,2,-2
04/2021,Com. Var. de Comb. para Veíc. Autom.,0,1,-1
04/2021,Serv. de Manutenção e Reparação Mecânica de Veíc. Autom.,1,0,1
04/2021,Com. Var. de Equip. para Escritório,3,0,3
04/2021,Com. Var. Especial. de Eletrod. e Equip. de áudio e Vídeo,1,1,0
04/2021,Com. Var. de Mat. de Const. não Especif. Ant.,1,0,1
04/2021,Com. Var. de Hortifrutigranjeiros,1,4,-3
04/2021,Com. Var. de Hortifrutigranjeiros,0,2,-2
04/2021,"Com. Var. de Merc. em Geral, com Pred. de Produtos Alim. - Minimercados, Mercearias e Armazéns",0,1,-1
04/2021,"Com. Var. de Merc. em Geral, com Pred. de Produtos Alim. - Minimercados, Mercearias e Armazéns",1,0,1
04/2021,Serv. de Lanternagem ou Funilaria e Pintura de Veíc. Autom.,2,1,1
04/2021,Com. Var. de Produtos Alim. em Geral ou Especial. em Produtos Alim. não Especif. Ant.,1,2,-1
04/2021,Serv. de Manutenção e Reparação Mecânica de Veíc. Autom.,0,1,-1
04/2021,Com. Var. Especial. de Equip. e Suprimentos de Informática,0,1,-1
04/2021,Com. a Var. de Peças e Acessórios Novos para Veíc. Autom.,8,2,6
04/2021,Com. Var. de Comb. para Veíc. Autom.,1,1,0
04/2021,Com. Var. de Calçados,1,1,0
04/2021,Com. Var. de Outros Produtos não Especif. Ant.,0,1,-1
04/2021,"Com. a Var. de Automóveis, Camionetas e Utilitários Novos",4,5,-1
04/2021,"Com. Var. de Suvenires, Bijuterias e Artesanatos",2,0,2
04/2021,Com. Atac. de Resíduos e Sucatas Metálicos,2,1,1
04/2021,Com. Var. de Produtos Alim. em Geral ou Especial. em Produtos Alim. não Especif. Ant.,1,0,1
04/2021,Comercio Var. de Art. de Armarinho,0,2,-2
04/2021,Com. Var. de Art. do Vestuário e Acessórios,1,0,1
04/2021,"Com. Var. de Cosméticos, Produtos de Perfumaria e de Higiene Pessoal",0,1,-1
04/2021,Com. a Var. de Peças e Acessórios Novos para Veíc. Autom.,0,1,-1
04/2021,Com. a Var. de Motocicletas e Motonetas Novas,1,1,0
04/2021,Padaria e Confeitaria com Pred. de Revenda,1,1,0
04/2021,Com. Var. de Art. de óptica,0,1,-1
04/2021,Padaria e Confeitaria com Pred. de Revenda,0,2,-2
04/2021,"Com. Atac. de Resíduos e Sucatas Não-Metálicos, Exceto de Papel e Papelão",0,1,-1
04/2021,"Com. Var. de Merc. em Geral, com Pred. de Produtos Alim. - Superm.",9,9,0
04/2021,Com. Var. de Art. de óptica,0,3,-3
04/2021,Com. Var. Especial. de Eletrod. e Equip. de áudio e Vídeo,0,1,-1
04/2021,Com. Atac. de Outros Equip. e Art. de Uso Pessoal e Doméstico não Especif. Ant.,0,1,-1
04/2021,Com. a Var. de Peças e Acessórios Novos para Veíc. Autom.,0,1,-1
04/2021,Com. Var. de Outros Art. de Uso Doméstico não Especif. Ant.,0,1,-1
04/2021,Com. Var. de Mat. de Const. em Geral,0,1,-1
04/2021,"Com. Var. de Cosméticos, Produtos de Perfumaria e de Higiene Pessoal",0,2,-2
04/2021,"Com. Var. de Cosméticos, Produtos de Perfumaria e de Higiene Pessoal",0,1,-1
04/2021,Com. Atac. de Produtos Alim. em Geral,1,2,-1
04/2021,Com. a Var. de Peças e Acessórios Novos para Veíc. Autom.,1,0,1
04/2021,Com. Var. de Outros Art. de Uso Doméstico não Especif. Ant.,0,3,-3
04/2021,Com. Var. de Outros Art. de Uso Doméstico não Especif. Ant.,1,4,-3
04/2021,Com. Atac. de Outros Equip. e Art. de Uso Pessoal e Doméstico não Especif. Ant.,3,7,-4
04/2021,Com. Var. de Mat. de Const. em Geral,1,1,0
04/2021,Serv. de Manutenção e Reparação Mecânica de Veíc. Autom.,1,0,1
04/2021,Com. Var. Especial. de Eletrod. e Equip. de áudio e Vídeo,0,2,-2
04/2021,Com. Var. de Madeira e Artefatos,0,1,-1
04/2021,"Com. Atac. de Instrumentos e Mat. para Uso Médico, Cirúrgico, Hospitalar e de Laboratórios",1,0,1
04/2021,"Com. Var. de Merc. em Geral, com Pred. de Produtos Alim. - Superm.",1,6,-5
04/2021,"Com. Var. de Merc. em Geral, com Pred. de Produtos Alim. - Hipermercados",10,8,2
04/2021,"Com. Var. de Merc. em Geral, com Pred. de Produtos Alim. - Superm.",2,0,2
04/2021,Com. Var. de Outros Produtos não Especif. Ant.,0,1,-1
04/2021,Com. Var. de Plantas e Flores Naturais,1,0,1
04/2021,Com. Var. de Livros,0,2,-2
04/2021,"Com. Var. de Suvenires, Bijuterias e Artesanatos",0,2,-2
04/2021,Com. a Var. de Peças e Acessórios Novos para Veíc. Autom.,2,0,2
04/2021,Com. Var. de Outros Art. de Uso Doméstico não Especif. Ant.,0,1,-1
04/2021,Padaria e Confeitaria com Pred. de Revenda,0,1,-1
04/2021,Com. Var. Especial. de Eletrod. e Equip. de áudio e Vídeo,0,1,-1
04/2021,Com. Var. de Art. do Vestuário e Acessórios,0,1,-1
04/2021,Com. Var. de Mat. de Const. em Geral,0,1,-1
04/2021,"Com. Var. de Merc. em Geral, com Pred. de Produtos Alim. - Minimercados, Mercearias e Armazéns",2,3,-1
04/2021,Com. a Var. de Peças e Acessórios Novos para Veíc. Autom.,1,1,0
04/2021,Com. Var. de Plantas e Flores Naturais,3,0,3
04/2021,Com. Var. de Plantas e Flores Naturais,0,8,-8
04/2021,Com. Var. Especial. de Equip. e Suprimentos de Informática,1,2,-1
04/2021,Com. Var. de Art. Esportivos,0,1,-1
04/2021,Padaria e Confeitaria com Pred. de Revenda,0,1,-1
04/2021,Com. Var. de Outros Art. de Uso Doméstico não Especif. Ant.,1,0,1
04/2021,Com. Var. de Brinquedos e Art. Recreativos,0,1,-1
04/2021,Outros Representantes Comerciais e Agentes do Com. Especial. em Produtos não Especif. Ant.,1,0,1
04/2021,"Com. Atac. de Frutas, Verduras, Raízes, Tubérculos, Hortaliças e Legumes Frescos",0,1,-1
04/2021,"Com. Var. de Merc. em Geral, com Pred. de Produtos Alim. - Superm.",7,11,-4
04/2021,"Lojas de Variedades, Exceto Lojas de Dep. ou Magazines",0,2,-2
04/2021,"Com. Var. de Bicicletas e Triciclos, Peças e Acessórios",2,1,1
04/2021,"Com. Var. de Produtos Farmac., sem Manip. de Fórmulas",0,1,-1
04/2021,Com. Var. de Produtos Alim. em Geral ou Especial. em Produtos Alim. não Especif. Ant.,0,3,-3
04/2021,Com. a Var. de Peças e Acessórios Novos para Veíc. Autom.,0,1,-1
04/2021,Com. Var. de Art. do Vestuário e Acessórios,0,3,-3
04/2021,Com. a Var. de Peças e Acessórios Novos para Veíc. Autom.,1,0,1
04/2021,Com. Var. de Carnes - Açougues,0,1,-1
04/2021,"Com. Atac. de Frutas, Verduras, Raízes, Tubérculos, Hortaliças e Legumes Frescos",4,2,2
04/2021,Com. Var. de Mat. de Const. em Geral,1,2,-1
04/2021,Com. Var. Especial. de Equip. e Suprimentos de Informática,1,0,1
04/2021,"Com. Atac. de Produtos Siderúrgicos e Metalúrgicos, Exceto para Const.",0,2,-2
04/2021,"Com. Var. de Produtos Farmac., sem Manip. de Fórmulas",0,1,-1
04/2021,"Com. Var. de Produtos Farmac., sem Manip. de Fórmulas",0,2,-2
04/2021,"Com. Var. de Produtos Farmac., sem Manip. de Fórmulas",0,1,-1
04/2021,Com. Atac. de Componentes Eletrônicos e Equip. de Telefonia e Comunicação,1,0,1
04/2021,Com. Var. Especial. de Equip. de Telefonia e Comunicação,0,1,-1
04/2021,Com. Var. de Carnes - Açougues,1,1,0
04/2021,Com. Var. de Tintas e Mat. para Pintura,0,1,-1
04/2021,Com. Var. de Comb. para Veíc. Autom.,0,2,-2
04/2021,"Com. Atac. de Cerveja, Chope e Refrigerante",4,2,2
04/2021,Com. Var. de Art. de Iluminação,1,1,0
04/2021,Com. Var. de Carnes - Açougues,1,0,1
04/2021,Com. Var. de Outros Art. de Uso Doméstico não Especif. Ant.,1,0,1
04/2021,Serv. de Manutenção e Reparação Mecânica de Veíc. Autom.,1,0,1
04/2021,"Com. Var. de Produtos Farmac., com Manip. de Fórmulas",1,1,0
04/2021,"Com. Var. de Cosméticos, Produtos de Perfumaria e de Higiene Pessoal",0,1,-1
04/2021,Com. Var. de Art. de Colchoaria,0,1,-1
04/2021,"Com. Var. de Merc. em Geral, com Pred. de Produtos Alim. - Minimercados, Mercearias e Armazéns",1,0,1
04/2021,Com. a Var. de Motocicletas e Motonetas Novas,0,1,-1
04/2021,"Com. Var. de Suvenires, Bijuterias e Artesanatos",0,2,-2
04/2021,Com. Var. Especial. de Eletrod. e Equip. de áudio e Vídeo,0,5,-5
04/2021,Com. Var. Especial. de Eletrod. e Equip. de áudio e Vídeo,0,1,-1
04/2021,Com. Var. de Outros Produtos não Especif. Ant.,0,1,-1
04/2021,Com. Var. de Plantas e Flores Naturais,1,0,1
04/2021,Com. Atac. de Produtos Alim. em Geral,2,2,0
04/2021,Com. Var. de Art. do Vestuário e Acessórios,0,1,-1
04/2021,Com. Var. de Comb. para Veíc. Autom.,0,1,-1
04/2021,Com. Var. de Outros Art. de Uso Doméstico não Especif. Ant.,0,1,-1
04/2021,Com. Var. de Produtos Alim. em Geral ou Especial. em Produtos Alim. não Especif. Ant.,1,0,1
04/2021,Com. a Var. de Peças e Acessórios Novos para Veíc. Autom.,0,2,-2
04/2021,Com. Var. de Comb. para Veíc. Autom.,1,0,1
04/2021,Com. Atac. de Resíduos e Sucatas Metálicos,0,1,-1
04/2021,Com. Var. de Comb. para Veíc. Autom.,0,2,-2
04/2021,Com. Atac. de Embalagens,0,1,-1
04/2021,Com. a Var. de Peças e Acessórios Usados para Veíc. Autom.,0,1,-1
04/2021,Com. Var. de Produtos Alim. em Geral ou Especial. em Produtos Alim. não Especif. Ant.,0,1,-1
04/2021,Com. a Var. de Peças e Acessórios Novos para Veíc. Autom.,8,1,7
04/2021,Com. Var. de Ferragens e Ferramentas,0,2,-2
04/2021,Com. Var. de Mat. de Const. em Geral,1,0,1
04/2021,Com. Var. de Art. do Vestuário e Acessórios,0,1,-1
04/2021,Com. Var. de Produtos Alim. em Geral ou Especial. em Produtos Alim. não Especif. Ant.,1,1,0
04/2021,"Com. Var. de Doces, Balas, Bombons e Semelhantes",1,2,-1
04/2021,Com. Atac. de Ferragens e Ferramentas,1,0,1
04/2021,"Com. Var. de Suvenires, Bijuterias e Artesanatos",0,2,-2
04/2021,"Com. a Var. de Automóveis, Camionetas e Utilitários Novos",1,0,1
04/2021,Com. Var. de Calçados,1,0,1
04/2021,Com. Var. de Produtos Alim. em Geral ou Especial. em Produtos Alim. não Especif. Ant.,1,5,-4
04/2021,Com. Var. de Ferragens e Ferramentas,1,0,1
04/2021,Com. Var. de Outros Produtos não Especif. Ant.,1,0,1
04/2021,Com. Atac. de Embalagens,16,4,12
04/2021,"Com. a Var. de Automóveis, Camionetas e Utilitários Novos",1,3,-2
04/2021,Com. Var. de Outros Produtos não Especif. Ant.,0,1,-1
04/2021,Com. Var. de Art. de óptica,0,2,-2
04/2021,Com. Var. de Móveis,2,0,2
04/2021,Com. Var. de Comb. para Veíc. Autom.,0,1,-1
04/2021,Com. Var. de Comb. para Veíc. Autom.,5,2,3
04/2021,Com. Var. de Produtos Saneantes Domissanitários,0,3,-3
04/2021,Com. Var. de Móveis,2,1,1
04/2021,Com. Var. de Art. do Vestuário e Acessórios,1,0,1
04/2021,"Com. Var. de Produtos Farmac., sem Manip. de Fórmulas",1,0,1
04/2021,"Com. Var. de Cosméticos, Produtos de Perfumaria e de Higiene Pessoal",1,0,1
04/2021,Com. Var. de Carnes - Açougues,2,2,0
04/2021,Com. Var. de Outros Produtos não Especif. Ant.,1,0,1
04/2021,Com. a Var. de Peças e Acessórios Novos para Veíc. Autom.,0,1,-1
04/2021,Com. Atac. de Embalagens,4,2,2
04/2021,Com. Var. de Hortifrutigranjeiros,3,4,-1
04/2021,"Com. Atac. de Frutas, Verduras, Raízes, Tubérculos, Hortaliças e Legumes Frescos",0,1,-1
04/2021,Com. Var. de Hortifrutigranjeiros,10,3,7
04/2021,"Com. Atac. de Máquinas e Equip. para Uso Industrial, Partes e Peças",1,0,1
04/2021,Com. Var. de Outros Produtos não Especif. Ant.,1,0,1
04/2021,Padaria e Confeitaria com Pred. de Revenda,1,0,1
04/2021,Com. Var. de Madeira e Artefatos,0,1,-1
04/2021,"Com. Atac. de Merc. em Geral, com Pred. de Produtos Alim.",6,9,-3
04/2021,Serv. de Borracharia para Veíc. Autom.,2,0,2
04/2021,Com. Var. de Comb. para Veíc. Autom.,1,0,1
04/2021,"Com. a Var. de Automóveis, Camionetas e Utilitários Novos",0,1,-1
04/2021,Com. Var. de Comb. para Veíc. Autom.,1,1,0
04/2021,"Com. Var. Especial. de Peças e Acessórios para Aparelhos Eletroeletrônicos para Uso Doméstico, Exceto Informática e Comunicação",0,1,-1
04/2021,"Com. Var. de Produtos Farmac., sem Manip. de Fórmulas",1,0,1
04/2021,"Com. Var. de Merc. em Geral, com Pred. de Produtos Alim. - Minimercados, Mercearias e Armazéns",2,1,1
04/2021,"Com. Atac. de Frutas, Verduras, Raízes, Tubérculos, Hortaliças e Legumes Frescos",0,1,-1
04/2021,"Com. a Var. de Automóveis, Camionetas e Utilitários Novos",0,1,-1
04/2021,Com. Var. de Produtos Alim. em Geral ou Especial. em Produtos Alim. não Especif. Ant.,1,0,1
04/2021,Com. Var. de Art. do Vestuário e Acessórios,0,2,-2
04/2021,Com. Var. de Comb. para Veíc. Autom.,0,1,-1
04/2021,Com. Var. de Calçados,0,1,-1
04/2021,Serv. de Alinhamento e Balanceamento de Veíc. Autom.,2,0,2
04/2021,Com. Var. de Móveis,14,5,9
04/2021,Com. Var. de Móveis,0,1,-1
04/2021,Com. a Var. de Peças e Acessórios Novos para Veíc. Autom.,1,0,1
04/2021,Com. Var. de Mat. Hidráulicos,0,1,-1
04/2021,Com. Var. de Outros Produtos não Especif. Ant.,1,1,0
04/2021,Com. Var. de Art. Médicos e Ortopédicos,1,0,1
04/2021,Com. Var. de Material Elétrico,0,1,-1
04/2021,Com. Var. de Outros Produtos não Especif. Ant.,0,1,-1
04/2021,Com. Var. de Móveis,0,1,-1
04/2021,Com. Var. de Comb. para Veíc. Autom.,2,2,0
04/2021,"Com. Var. de Merc. em Geral, com Pred. de Produtos Alim. - Minimercados, Mercearias e Armazéns",0,1,-1
04/2021,"Com. a Var. de Automóveis, Camionetas e Utilitários Novos",1,2,-1
04/2021,Com. Var. de Outros Produtos não Especif. Ant.,1,0,1
04/2021,"Com. Var. de Cosméticos, Produtos de Perfumaria e de Higiene Pessoal",0,1,-1
04/2021,Com. a Var. de Peças e Acessórios Novos para Veíc. Autom.,1,0,1
04/2021,"Com. Var. de Merc. em Geral, com Pred. de Produtos Alim. - Minimercados, Mercearias e Armazéns",1,1,0
04/2021,"Com. Atac. de Outras Máquinas e Equip. não Especif. Ant., Partes e Peças",1,0,1
04/2021,Com. Atac. de Alimentos para Animais,9,0,9
04/2021,Com. Var. de Art. do Vestuário e Acessórios,5,10,-5
04/2021,Com. por Atacado de Caminhões Novos e Usados,1,2,-1
04/2021,Com. Var. de Outros Produtos não Especif. Ant.,2,6,-4
04/2021,Com. Var. de Art. de Papelaria,0,1,-1
04/2021,"Com. Atac. de Frutas, Verduras, Raízes, Tubérculos, Hortaliças e Legumes Frescos",0,1,-1
04/2021,Padaria e Confeitaria com Pred. de Revenda,0,1,-1
04/2021,Com. Var. Especial. de Equip. e Suprimentos de Informática,0,2,-2
04/2021,"Com. Var. de Produtos Farmac., sem Manip. de Fórmulas",1,0,1
04/2021,Com. Var. de Produtos Saneantes Domissanitários,1,1,0
04/2021,Com. Var. de Art. Médicos e Ortopédicos,3,0,3
04/2021,Com. Var. de Móveis,0,1,-1
04/2021,Com. Var. de Art. do Vestuário e Acessórios,0,1,-1
04/2021,"Com. Atac. de Frutas, Verduras, Raízes, Tubérculos, Hortaliças e Legumes Frescos",1,1,0
04/2021,Com. Var. de Comb. para Veíc. Autom.,1,0,1
04/2021,Com. Atac. de Outros Equip. e Art. de Uso Pessoal e Doméstico não Especif. Ant.,1,0,1
04/2021,Com. Var. de Calçados,1,1,0
04/2021,Com. Var. de Calçados,0,1,-1
04/2021,Com. Var. de Calçados,6,0,6
04/2021,"Lojas de Variedades, Exceto Lojas de Dep. ou Magazines",1,1,0
04/2021,Com. Var. de Comb. para Veíc. Autom.,0,1,-1
04/2021,Com. Var. de Animais Vivos e de Art. e Alimentos para Animais de Estimação,0,1,-1
04/2021,Com. Var. de Vidros,0,2,-2
04/2021,Com. Var. de Produtos Alim. em Geral ou Especial. em Produtos Alim. não Especif. Ant.,0,1,-1
04/2021,Com. a Var. de Peças e Acessórios Novos para Veíc. Autom.,1,0,1
04/2021,Com. Var. de Art. do Vestuário e Acessórios,0,1,-1
04/2021,Com. Var. de Calçados,0,2,-2
04/2021,Com. Var. de Art. do Vestuário e Acessórios,0,3,-3
04/2021,Com. Var. de Art. do Vestuário e Acessórios,0,1,-1
04/2021,"Com. Var. de Merc. em Geral, com Pred. de Produtos Alim. - Minimercados, Mercearias e Armazéns",1,0,1
04/2021,Com. Var. de Art. de Joalheria,0,1,-1
04/2021,"Com. Var. de Merc. em Geral, com Pred. de Produtos Alim. - Superm.",0,1,-1
04/2021,"Com. Var. de Merc. em Geral, com Pred. de Produtos Alim. - Minimercados, Mercearias e Armazéns",1,1,0
04/2021,Com. Var. de Mat. de Const. em Geral,2,1,1
04/2021,Com. Var. de Art. de Joalheria,1,0,1
04/2021,Com. Var. de Art. de óptica,0,1,-1
04/2021,Com. Var. de Outros Art. de Uso Doméstico não Especif. Ant.,1,0,1
04/2021,Com. Var. de Vidros,0,1,-1
04/2021,"Com. Var. de Cosméticos, Produtos de Perfumaria e de Higiene Pessoal",1,0,1
04/2021,"Com. Var. de Cosméticos, Produtos de Perfumaria e de Higiene Pessoal",0,1,-1
04/2021,"Com. Var. de Cosméticos, Produtos de Perfumaria e de Higiene Pessoal",0,1,-1
04/2021,Com. por Atacado de Peças e Acessórios Novos para Veíc. Autom.,0,1,-1
04/2021,Com. a Var. de Peças e Acessórios Novos para Veíc. Autom.,0,2,-2
04/2021,"Com. Atac. de Merc. em Geral, com Pred. de Produtos Alim.",7,2,5
04/2021,Com. Atac. Especial. em Outros Produtos Alim. não Especif. Ant.,0,3,-3
04/2021,"Com. Atac. de Resíduos e Sucatas Não-Metálicos, Exceto de Papel e Papelão",0,2,-2
04/2021,"Com. Atac. de Máquinas e Equip. para Uso Industrial, Partes e Peças",2,0,2
04/2021,Com. Atac. Especial. em Outros Produtos Alim. não Especif. Ant.,0,1,-1
04/2021,Com. Var. de Art. de Papelaria,2,0,2
04/2021,Com. Atac. Especial. em Outros Produtos Intermediários não Especif. Ant.,2,3,-1
04/2021,"Com. Atac. de Outras Máquinas e Equip. não Especif. Ant., Partes e Peças",6,4,2
04/2021,Com. Var. de Carnes - Açougues,0,1,-1
04/2021,Manutenção e Reparação de Motocicletas e Motonetas,1,0,1
04/2021,Com. Var. de Art. do Vestuário e Acessórios,0,2,-2
04/2021,Com. a Var. de Peças e Acessórios Novos para Veíc. Autom.,1,0,1
04/2021,Com. Atac. de Cosméticos e Produtos de Perfumaria,0,1,-1
04/2021,Com. Var. de Outros Produtos não Especif. Ant.,2,0,2
04/2021,Com. a Var. de Peças e Acessórios Usados para Veíc. Autom.,3,3,0
04/2021,Com. Var. Especial. de Eletrod. e Equip. de áudio e Vídeo,0,1,-1
04/2021,Com. a Var. de Pneumáticos e Câmaras-De-Ar,0,1,-1
04/2021,"Com. Var. de Produtos Farmac., sem Manip. de Fórmulas",1,0,1
04/2021,Com. Var. de Ferragens e Ferramentas,1,1,0
04/2021,Com. Var. de Móveis,7,8,-1
04/2021,Com. Var. de Mat. de Const. em Geral,4,0,4
04/2021,"Com. Var. de Produtos Farmac., com Manip. de Fórmulas",3,0,3
04/2021,Com. Var. de Outros Art. de Uso Doméstico não Especif. Ant.,0,1,-1
04/2021,Com. Var. de Art. do Vestuário e Acessórios,0,1,-1
04/2021,"Com. Var. de Cosméticos, Produtos de Perfumaria e de Higiene Pessoal",0,2,-2
04/2021,Com. a Var. de Peças e Acessórios Novos para Veíc. Autom.,2,3,-1
04/2021,Com. Var. de Livros,0,1,-1
04/2021,Com. Atac. de Alimentos para Animais,1,1,0
04/2021,Com. Var. de Tintas e Mat. para Pintura,0,1,-1
04/2021,"Com. Var. de Cosméticos, Produtos de Perfumaria e de Higiene Pessoal",0,1,-1
04/2021,Com. Var. de Tintas e Mat. para Pintura,1,1,0
04/2021,"Com. Var. de Doces, Balas, Bombons e Semelhantes",3,9,-6
04/2021,"Com. Atac. de Chocolates, Confeitos, Balas, Bombons e Semelhantes",1,2,-1
04/2021,Com. Var. de Móveis,0,2,-2
04/2021,Com. Var. de Móveis,1,2,-1
04/2021,"Com. Var. de Cosméticos, Produtos de Perfumaria e de Higiene Pessoal",0,2,-2
04/2021,"Com. Var. Especial. de Peças e Acessórios para Aparelhos Eletroeletrônicos para Uso Doméstico, Exceto Informática e Comunicação",2,0,2
04/2021,Com. Var. de Calçados,0,1,-1
04/2021,Com. Var. de Art. do Vestuário e Acessórios,0,1,-1
04/2021,Com. Var. de Art. do Vestuário e Acessórios,0,1,-1
04/2021,"Com. Var. de Merc. em Geral, com Pred. de Produtos Alim. - Minimercados, Mercearias e Armazéns",0,1,-1
04/2021,Com. Var. de Calçados,0,2,-2
04/2021,Com. Var. de Calçados,1,0,1
04/2021,Com. Var. de Outros Art. de Uso Doméstico não Especif. Ant.,1,0,1
04/2021,Com. Var. de Móveis,1,0,1
04/2021,"Com. Var. de Cal, Areia, Pedra Britada, Tijolos e Telhas",0,1,-1
04/2021,"Com. Var. de Merc. em Geral, com Pred. de Produtos Alim. - Minimercados, Mercearias e Armazéns",1,0,1
04/2021,Com. Var. de Art. do Vestuário e Acessórios,0,1,-1
04/2021,Com. Var. de Art. de óptica,3,0,3
04/2021,Com. Var. de Material Elétrico,0,1,-1
04/2021,Com. Var. Especial. de Equip. e Suprimentos de Informática,1,0,1
04/2021,"Serv. de Lavagem, Lubrificação e Polimento de Veíc. Autom.",14,19,-5
04/2021,"Com. Var. de Doces, Balas, Bombons e Semelhantes",0,1,-1
04/2021,"Com. Var. de Doces, Balas, Bombons e Semelhantes",0,3,-3
04/2021,"Com. Atac. de Máquinas e Equip. para Uso Industrial, Partes e Peças",3,3,0
04/2021,"Com. a Var. de Automóveis, Camionetas e Utilitários Usados",1,0,1
04/2021,"Com. Atac. de Máquinas e Equip. para Uso Industrial, Partes e Peças",1,1,0
04/2021,"Com. Var. de Merc. em Geral, com Pred. de Produtos Alim. - Superm.",0,1,-1
04/2021,"Com. Var. de Doces, Balas, Bombons e Semelhantes",0,2,-2
04/2021,"Representantes Comerciais e Agentes do Com. de Máquinas, Equip., Embarcações e Aeronaves",1,1,0
04/2021,"Com. Var. de Produtos Farmac., com Manip. de Fórmulas",4,5,-1
04/2021,Com. Var. de Outros Produtos não Especif. Ant.,0,1,-1
04/2021,Com. Var. de Móveis,0,1,-1
04/2021,Com. Var. de Madeira e Artefatos,0,1,-1
04/2021,Com. Var. Especial. de Equip. de Telefonia e Comunicação,1,0,1
04/2021,Com. Var. de Animais Vivos e de Art. e Alimentos para Animais de Estimação,0,2,-2
04/2021,Com. Var. de Mat. de Const. não Especif. Ant.,1,0,1
04/2021,Com. Var. de Lubrificantes,0,1,-1
04/2021,Com. Var. de Calçados,0,1,-1
04/2021,Com. Var. Especial. de Equip. e Suprimentos de Informática,2,2,0
04/2021,Com. Var. de Animais Vivos e de Art. e Alimentos para Animais de Estimação,0,1,-1
04/2021,Com. Var. de Art. de óptica,2,1,1
04/2021,"Com. Atac. de Máquinas e Equip. para Uso Industrial, Partes e Peças",2,1,1
04/2021,Com. Var. de Hortifrutigranjeiros,1,1,0
04/2021,Com. Var. de Calçados,0,1,-1
04/2021,Com. Var. de Art. do Vestuário e Acessórios,0,1,-1
04/2021,Com. Var. de Art. de Joalheria,0,1,-1
04/2021,Com. a Var. de Peças e Acessórios Usados para Veíc. Autom.,1,0,1
04/2021,Com. Var. Especial. de Eletrod. e Equip. de áudio e Vídeo,0,3,-3
04/2021,Serv. de Lanternagem ou Funilaria e Pintura de Veíc. Autom.,0,4,-4
04/2021,Com. Var. de Livros,0,2,-2
04/2021,Serv. de Lanternagem ou Funilaria e Pintura de Veíc. Autom.,2,0,2
04/2021,Com. Atac. de Componentes Eletrônicos e Equip. de Telefonia e Comunicação,0,2,-2
04/2021,Com. Var. de Madeira e Artefatos,2,2,0
04/2021,Com. a Var. de Peças e Acessórios Novos para Veíc. Autom.,1,0,1
04/2021,Com. a Var. de Peças e Acessórios Novos para Veíc. Autom.,1,2,-1
04/2021,Com. a Var. de Pneumáticos e Câmaras-De-Ar,1,0,1
04/2021,Padaria e Confeitaria com Pred. de Revenda,2,0,2
04/2021,Padaria e Confeitaria com Pred. de Revenda,0,1,-1
04/2021,Padaria e Confeitaria com Pred. de Revenda,1,0,1
04/2021,Com. Var. de Móveis,4,0,4
04/2021,Com. Var. Especial. de Equip. de Telefonia e Comunicação,0,1,-1
04/2021,Com. Var. de Art. do Vestuário e Acessórios,0,1,-1
04/2021,"Com. Var. de Merc. em Geral, com Pred. de Produtos Alim. - Minimercados, Mercearias e Armazéns",1,1,0
04/2021,Com. Var. de Art. do Vestuário e Acessórios,1,1,0
04/2021,Com. Var. de Comb. para Veíc. Autom.,1,2,-1
04/2021,Com. Var. de Bebidas,0,1,-1
04/2021,Com. Var. de Art. do Vestuário e Acessórios,0,1,-1
04/2021,"Lojas de Variedades, Exceto Lojas de Dep. ou Magazines",0,1,-1
04/2021,"Com. Atac. de Outras Máquinas e Equip. não Especif. Ant., Partes e Peças",5,2,3
04/2021,Com. Atac. de Ferragens e Ferramentas,0,1,-1
04/2021,Com. Var. de Móveis,1,1,0
04/2021,Com. Var. de Móveis,0,1,-1
04/2021,"Com. Var. de Produtos Farmac., sem Manip. de Fórmulas",0,1,-1
04/2021,Com. Var. de Art. do Vestuário e Acessórios,2,0,2
04/2021,Com. Atac. de Ferragens e Ferramentas,1,0,1
04/2021,Com. Var. de Bebidas,2,0,2
04/2021,Com. Var. de Objetos de Arte,0,1,-1
04/2021,"Com. Var. Especial. de Peças e Acessórios para Aparelhos Eletroeletrônicos para Uso Doméstico, Exceto Informática e Comunicação",0,1,-1
04/2021,Com. a Var. de Peças e Acessórios Novos para Veíc. Autom.,0,1,-1
04/2021,"Com. Atac. de Instrumentos e Mat. para Uso Médico, Cirúrgico, Hospitalar e de Laboratórios",35,1,34
04/2021,Com. Var. de Art. de Joalheria,0,1,-1
04/2021,Com. Var. de Tintas e Mat. para Pintura,0,2,-2
04/2021,Com. Var. de Carnes - Açougues,0,2,-2
04/2021,Com. Var. de Comb. para Veíc. Autom.,0,1,-1
04/2021,"Lojas de Dep. ou Magazines, Exceto Lojas Francas (Duty Free)",0,1,-1
04/2021,Serv. de Manutenção e Reparação Mecânica de Veíc. Autom.,0,1,-1
04/2021,Com. Var. de Outros Art. de Uso Doméstico não Especif. Ant.,1,1,0
04/2021,Com. Var. de Móveis,1,1,0
04/2021,Com. Var. de Comb. para Veíc. Autom.,1,1,0
04/2021,Com. Var. de Produtos Alim. em Geral ou Especial. em Produtos Alim. não Especif. Ant.,1,33,-32
04/2021,Com. Var. Especial. de Eletrod. e Equip. de áudio e Vídeo,0,3,-3
04/2021,"Com. Atac. de Frutas, Verduras, Raízes, Tubérculos, Hortaliças e Legumes Frescos",1,0,1
04/2021,Com. Var. de Móveis,1,0,1
04/2021,Com. Var. de Art. de óptica,0,1,-1
04/2021,"Com. Var. de Cosméticos, Produtos de Perfumaria e de Higiene Pessoal",1,0,1
04/2021,Com. Var. de Merc. em Lojas de Conveniência,0,1,-1
04/2021,Com. a Var. de Peças e Acessórios Novos para Veíc. Autom.,1,0,1
04/2021,Com. a Var. de Peças e Acessórios Novos para Veíc. Autom.,0,1,-1
04/2021,"Com. Var. de Merc. em Geral, com Pred. de Produtos Alim. - Superm.",1,2,-1
04/2021,Com. Atac. de Produtos Alim. em Geral,3,8,-5
04/2021,"Serv. de Instalação, Manutenção e Reparação de Acessórios para Veíc. Autom.",1,1,0
04/2021,Serv. de Alinhamento e Balanceamento de Veíc. Autom.,0,1,-1
04/2021,"Com. Var. de Merc. em Geral, com Pred. de Produtos Alim. - Minimercados, Mercearias e Armazéns",0,1,-1
04/2021,Com. Var. Especial. de Eletrod. e Equip. de áudio e Vídeo,0,16,-16
04/2021,Com. Var. de Outros Art. de Uso Doméstico não Especif. Ant.,0,1,-1
04/2021,Com. Var. de Outros Art. de Uso Doméstico não Especif. Ant.,0,2,-2
04/2021,"Com. Var. de Produtos Farmac., sem Manip. de Fórmulas",1,0,1
04/2021,Com. Var. Especial. de Eletrod. e Equip. de áudio e Vídeo,0,1,-1
04/2021,Com. Var. de Comb. para Veíc. Autom.,0,1,-1
04/2021,Com. Var. de Art. do Vestuário e Acessórios,2,1,1
04/2021,"Com. a Var. de Automóveis, Camionetas e Utilitários Usados",1,0,1
04/2021,Com. Atac. Especial. em Outros Produtos Alim. não Especif. Ant.,4,1,3
04/2021,Com. Var. de Calçados,0,1,-1
04/2021,Com. Var. de Outros Produtos não Especif. Ant.,2,0,2
04/2021,Com. Var. de Carnes - Açougues,3,0,3
04/2021,Com. Var. de Carnes - Açougues,0,2,-2
04/2021,Com. Var. de Art. do Vestuário e Acessórios,0,1,-1
04/2021,Com. Var. de Produtos Alim. em Geral ou Especial. em Produtos Alim. não Especif. Ant.,1,1,0
04/2021,"Serv. de Instalação, Manutenção e Reparação de Acessórios para Veíc. Autom.",1,0,1
04/2021,Com. Var. de Outros Produtos não Especif. Ant.,1,1,0
04/2021,Comercio Var. de Art. de Armarinho,0,1,-1
04/2021,Com. Var. de Outros Produtos não Especif. Ant.,0,1,-1
04/2021,Com. Var. de Produtos Alim. em Geral ou Especial. em Produtos Alim. não Especif. Ant.,2,0,2
04/2021,Com. Var. de Art. de óptica,1,0,1
04/2021,Com. a Var. de Peças e Acessórios Novos para Veíc. Autom.,1,0,1
04/2021,Com. Var. de Art. de óptica,0,1,-1
04/2021,Com. Var. de Hortifrutigranjeiros,1,0,1
04/2021,Com. Var. de Merc. em Lojas de Conveniência,1,0,1
04/2021,Com. Var. de Merc. em Lojas de Conveniência,1,0,1
04/2021,Com. Var. de Hortifrutigranjeiros,0,1,-1
04/2021,Serv. de Borracharia para Veíc. Autom.,1,0,1
04/2021,Com. Var. de Art. Médicos e Ortopédicos,0,1,-1
04/2021,Com. Atac. de Embalagens,2,2,0
04/2021,Com. Var. de Comb. para Veíc. Autom.,1,0,1
04/2021,Com. Var. de Art. do Vestuário e Acessórios,0,1,-1
04/2021,"Com. Var. de Merc. em Geral, com Pred. de Produtos Alim. - Superm.",1,0,1
04/2021,Com. Var. de Tecidos,1,0,1
04/2021,Com. a Var. de Peças e Acessórios Novos para Veíc. Autom.,0,1,-1
04/2021,Com. Var. de Carnes - Açougues,1,0,1
04/2021,"Com. Atac. de Merc. em Geral, sem Pred. de Alimentos ou de Insumos Agropecuários",0,1,-1
04/2021,Serv. de Manutenção e Reparação Elétrica de Veíc. Autom.,0,1,-1
04/2021,Com. Var. de Merc. em Lojas de Conveniência,1,0,1
04/2021,"Com. Var. de Merc. em Geral, com Pred. de Produtos Alim. - Superm.",2,3,-1
04/2021,Padaria e Confeitaria com Pred. de Revenda,1,1,0
04/2021,Com. Var. de Produtos Alim. em Geral ou Especial. em Produtos Alim. não Especif. Ant.,0,1,-1
04/2021,Com. Var. de Produtos Alim. em Geral ou Especial. em Produtos Alim. não Especif. Ant.,0,1,-1
04/2021,Com. Var. de Art. do Vestuário e Acessórios,0,1,-1
04/2021,Com. Var. de Outros Produtos não Especif. Ant.,1,0,1
04/2021,"Lojas de Variedades, Exceto Lojas de Dep. ou Magazines",2,0,2
04/2021,Com. Var. de Art. Médicos e Ortopédicos,0,1,-1
04/2021,Serv. de Lanternagem ou Funilaria e Pintura de Veíc. Autom.,2,0,2
04/2021,Com. Var. de Produtos Alim. em Geral ou Especial. em Produtos Alim. não Especif. Ant.,1,0,1
04/2021,"Com. Var. de Cosméticos, Produtos de Perfumaria e de Higiene Pessoal",0,1,-1
04/2021,Com. Var. de Carnes - Açougues,3,1,2
04/2021,Com. Var. de Produtos Alim. em Geral ou Especial. em Produtos Alim. não Especif. Ant.,1,0,1
04/2021,Com. Var. de Merc. em Lojas de Conveniência,1,0,1
04/2021,Serv. de Lanternagem ou Funilaria e Pintura de Veíc. Autom.,0,1,-1
04/2021,Com. Var. Especial. de Equip. e Suprimentos de Informática,1,0,1
04/2021,Padaria e Confeitaria com Pred. de Revenda,0,6,-6
04/2021,Com. a Var. de Pneumáticos e Câmaras-De-Ar,0,1,-1
04/2021,"Com. Var. de Merc. em Geral, com Pred. de Produtos Alim. - Minimercados, Mercearias e Armazéns",2,0,2
04/2021,Com. Var. de Outros Produtos não Especif. Ant.,0,3,-3
04/2021,Com. Var. de Mat. de Const. não Especif. Ant.,0,1,-1
04/2021,"Com. Var. de Cosméticos, Produtos de Perfumaria e de Higiene Pessoal",1,2,-1
04/2021,"Com. Var. de Produtos Farmac., sem Manip. de Fórmulas",0,1,-1
04/2021,Com. Var. de Art. do Vestuário e Acessórios,0,1,-1
04/2021,Com. Var. de Art. do Vestuário e Acessórios,1,0,1
04/2021,Com. Var. de Animais Vivos e de Art. e Alimentos para Animais de Estimação,1,1,0
04/2021,Com. Var. de Produtos Alim. em Geral ou Especial. em Produtos Alim. não Especif. Ant.,2,0,2
04/2021,Com. Var. de Produtos Alim. em Geral ou Especial. em Produtos Alim. não Especif. Ant.,0,4,-4
04/2021,"Com. a Var. de Automóveis, Camionetas e Utilitários Novos",1,1,0
04/2021,Com. a Var. de Pneumáticos e Câmaras-De-Ar,1,0,1
04/2021,"Com. Var. de Doces, Balas, Bombons e Semelhantes",0,1,-1
04/2021,Com. Var. de Bebidas,0,2,-2
04/2021,Com. Var. de Gás LiqüEfeito de Petróleo (Glp),0,1,-1
04/2021,Com. Var. de Art. do Vestuário e Acessórios,1,0,1
04/2021,"Com. Var. de Produtos Farmac., sem Manip. de Fórmulas",1,0,1
04/2021,"Com. Var. de Merc. em Geral, com Pred. de Produtos Alim. - Hipermercados",5,8,-3
04/2021,Com. Var. de Art. de Joalheria,0,1,-1
04/2021,"Com. Var. de Merc. em Geral, com Pred. de Produtos Alim. - Superm.",3,0,3
04/2021,Com. Var. de Outros Produtos não Especif. Ant.,2,0,2
04/2021,"Serv. de Lavagem, Lubrificação e Polimento de Veíc. Autom.",1,1,0
04/2021,Com. Var. de Art. do Vestuário e Acessórios,0,1,-1
04/2021,Com. Var. de Art. do Vestuário e Acessórios,0,2,-2
04/2021,Com. a Var. de Peças e Acessórios Novos para Veíc. Autom.,0,1,-1
04/2021,Com. Var. de Produtos Alim. em Geral ou Especial. em Produtos Alim. não Especif. Ant.,0,1,-1
04/2021,Serv. de Lanternagem ou Funilaria e Pintura de Veíc. Autom.,0,1,-1
04/2021,Com. Var. de Calçados,0,1,-1
04/2021,Com. Atac. de Produtos Alim. em Geral,6,8,-2
04/2021,Com. Var. Especial. de Equip. de Telefonia e Comunicação,0,1,-1
04/2021,Com. Atac. Especial. em Outros Produtos Alim. não Especif. Ant.,9,1,8
04/2021,Peixaria,0,1,-1
04/2021,Com. Var. de Plantas e Flores Naturais,2,3,-1
04/2021,Com. Var. de Art. do Vestuário e Acessórios,0,1,-1
04/2021,"Com. Var. de Doces, Balas, Bombons e Semelhantes",1,0,1
04/2021,Com. Var. de Art. do Vestuário e Acessórios,1,2,-1
04/2021,Com. Var. de Mat. de Const. não Especif. Ant.,1,0,1
04/2021,"Com. Var. de Merc. em Geral, com Pred. de Produtos Alim. - Minimercados, Mercearias e Armazéns",2,0,2
04/2021,"Com. Var. de Merc. em Geral, com Pred. de Produtos Alim. - Superm.",3,2,1
04/2021,Com. Var. de Art. do Vestuário e Acessórios,1,0,1
04/2021,"Com. Var. de Suvenires, Bijuterias e Artesanatos",1,1,0
04/2021,Com. Var. de Produtos Alim. em Geral ou Especial. em Produtos Alim. não Especif. Ant.,0,1,-1
04/2021,Serv. de Borracharia para Veíc. Autom.,2,1,1
04/2021,"Com. Var. de Suvenires, Bijuterias e Artesanatos",0,1,-1
04/2021,"Com. Var. de Merc. em Geral, com Pred. de Produtos Alim. - Superm.",0,2,-2
04/2021,Com. Var. Especial. de Eletrod. e Equip. de áudio e Vídeo,22,53,-31
04/2021,Com. Var. Especial. de Eletrod. e Equip. de áudio e Vídeo,0,1,-1
04/2021,Com. Var. Especial. de Eletrod. e Equip. de áudio e Vídeo,0,3,-3
04/2021,Com. Var. Especial. de Eletrod. e Equip. de áudio e Vídeo,0,3,-3
04/2021,Com. Var. Especial. de Eletrod. e Equip. de áudio e Vídeo,18,16,2
04/2021,Com. Var. Especial. de Equip. de Telefonia e Comunicação,1,0,1
04/2021,"Com. Var. de Merc. em Geral, com Pred. de Produtos Alim. - Minimercados, Mercearias e Armazéns",0,3,-3
04/2021,"Com. Var. de Merc. em Geral, com Pred. de Produtos Alim. - Minimercados, Mercearias e Armazéns",0,1,-1
04/2021,Com. Var. de Art. do Vestuário e Acessórios,0,1,-1
04/2021,Com. Var. de Art. do Vestuário e Acessórios,2,1,1
04/2021,Com. Var. de Art. do Vestuário e Acessórios,0,2,-2
04/2021,Com. Var. de Art. do Vestuário e Acessórios,0,1,-1
04/2021,Com. a Var. de Motocicletas e Motonetas Usadas,0,1,-1
04/2021,Com. Var. de Art. de óptica,2,0,2
04/2021,Com. Var. de Hortifrutigranjeiros,2,0,2
04/2021,Com. Var. de Art. Esportivos,0,3,-3
04/2021,Com. Var. de Art. do Vestuário e Acessórios,0,1,-1
04/2021,"Com. Var. de Produtos Farmac., sem Manip. de Fórmulas",1,0,1
04/2021,"Com. Atac. de Outras Máquinas e Equip. não Especif. Ant., Partes e Peças",13,3,10
04/2021,"Com. Atac. de Outras Máquinas e Equip. não Especif. Ant., Partes e Peças",2,0,2
04/2021,Com. Var. de Merc. em Lojas de Conveniência,0,1,-1
04/2021,Com. a Var. de Motocicletas e Motonetas Novas,0,1,-1
04/2021,"Com. Var. de Produtos Farmac., sem Manip. de Fórmulas",2,1,1
04/2021,"Serv. de Instalação, Manutenção e Reparação de Acessórios para Veíc. Autom.",1,0,1
04/2021,Com. Var. de Art. do Vestuário e Acessórios,0,1,-1
04/2021,Padaria e Confeitaria com Pred. de Revenda,0,1,-1
04/2021,Com. Var. de Comb. para Veíc. Autom.,3,0,3
04/2021,Com. Var. de Móveis,0,1,-1
04/2021,Com. Var. de Produtos Alim. em Geral ou Especial. em Produtos Alim. não Especif. Ant.,1,0,1
04/2021,Com. Var. de Art. do Vestuário e Acessórios,0,1,-1
04/2021,"Com. Atac. de Frutas, Verduras, Raízes, Tubérculos, Hortaliças e Legumes Frescos",0,2,-2
04/2021,"Com. Var. de Merc. em Geral, com Pred. de Produtos Alim. - Minimercados, Mercearias e Armazéns",0,1,-1
04/2021,Com. Var. de Produtos Alim. em Geral ou Especial. em Produtos Alim. não Especif. Ant.,0,1,-1
04/2021,"Lojas de Variedades, Exceto Lojas de Dep. ou Magazines",0,1,-1
04/2021,Com. Var. de Art. de óptica,1,0,1
04/2021,Com. Var. de Produtos Alim. em Geral ou Especial. em Produtos Alim. não Especif. Ant.,2,0,2
04/2021,Com. Var. de Bebidas,1,0,1
04/2021,Com. Var. de Art. do Vestuário e Acessórios,0,1,-1
04/2021,Serv. de Manutenção e Reparação Mecânica de Veíc. Autom.,0,1,-1
04/2021,Com. Var. de Art. de Papelaria,1,0,1
04/2021,Com. Var. de Gás LiqüEfeito de Petróleo (Glp),2,0,2
04/2021,Com. Var. de Móveis,0,1,-1
04/2021,Com. Var. de Art. do Vestuário e Acessórios,0,1,-1
04/2021,Com. Var. de Ferragens e Ferramentas,2,1,1
04/2021,Com. Var. de Art. do Vestuário e Acessórios,0,1,-1
04/2021,Com. Var. de Produtos Alim. em Geral ou Especial. em Produtos Alim. não Especif. Ant.,1,0,1
04/2021,Com. Var. de Merc. em Lojas de Conveniência,1,0,1
04/2021,Com. Var. de Art. do Vestuário e Acessórios,0,1,-1
04/2021,Com. Var. de Outros Art. de Uso Doméstico não Especif. Ant.,7,4,3
04/2021,Com. Var. de Mat. de Const. não Especif. Ant.,1,0,1
04/2021,Com. Var. de Art. do Vestuário e Acessórios,2,1,1
04/2021,Com. Atac. de Embalagens,4,5,-1
04/2021,Com. a Var. de Peças e Acessórios Novos para Veíc. Autom.,2,0,2
04/2021,Com. Var. de Bebidas,1,1,0
04/2021,Com. Var. de Art. do Vestuário e Acessórios,0,1,-1
04/2021,Com. Var. de Art. de óptica,1,0,1
04/2021,Com. Var. de Outros Art. de Uso Doméstico não Especif. Ant.,0,1,-1
04/2021,Com. Var. de Produtos Alim. em Geral ou Especial. em Produtos Alim. não Especif. Ant.,1,0,1
04/2021,Com. Var. de Ferragens e Ferramentas,1,0,1
04/2021,"Serv. de Lavagem, Lubrificação e Polimento de Veíc. Autom.",2,0,2
04/2021,"Com. Var. de Cosméticos, Produtos de Perfumaria e de Higiene Pessoal",0,2,-2
04/2021,Com. Atac. de Bebidas não Especificadas Ant.,1,0,1
04/2021,Com. Var. de Produtos Alim. em Geral ou Especial. em Produtos Alim. não Especif. Ant.,1,1,0
04/2021,"Com. Atac. de Frutas, Verduras, Raízes, Tubérculos, Hortaliças e Legumes Frescos",5,0,5
04/2021,"Com. Atac. de Outras Máquinas e Equip. não Especif. Ant., Partes e Peças",3,0,3
04/2021,Com. Var. de Art. de óptica,2,0,2
04/2021,Com. Var. de Art. de óptica,2,0,2
04/2021,"Com. Var. de Produtos Farmac., sem Manip. de Fórmulas",1,0,1
04/2021,Padaria e Confeitaria com Pred. de Revenda,4,1,3
04/2021,"Com. Var. de Cosméticos, Produtos de Perfumaria e de Higiene Pessoal",1,0,1
04/2021,"Com. Var. de Produtos Farmac., sem Manip. de Fórmulas",1,0,1
04/2021,"Com. Var. de Suvenires, Bijuterias e Artesanatos",3,0,3
04/2021,"Com. Var. de Merc. em Geral, com Pred. de Produtos Alim. - Superm.",0,1,-1
04/2021,Com. Var. Especial. de Eletrod. e Equip. de áudio e Vídeo,2,2,0
04/2021,Com. Var. Especial. de Eletrod. e Equip. de áudio e Vídeo,1,1,0
04/2021,Com. Var. de Outros Produtos não Especif. Ant.,0,1,-1
04/2021,Com. Var. de Mat. de Const. não Especif. Ant.,0,1,-1
04/2021,Com. a Var. de Peças e Acessórios Novos para Veíc. Autom.,1,0,1
04/2021,Com. Var. de Art. do Vestuário e Acessórios,0,1,-1
04/2021,Com. Var. de Art. do Vestuário e Acessórios,0,1,-1
04/2021,Com. Var. de Calçados,0,1,-1
04/2021,Com. Var. de Calçados,1,1,0
04/2021,Com. Var. de Calçados,0,9,-9
04/2021,Com. Var. de Calçados,0,1,-1
04/2021,Com. Var. de Calçados,0,1,-1
04/2021,"Com. Var. de Merc. em Geral, com Pred. de Produtos Alim. - Hipermercados",11,15,-4
04/2021,Com. Var. de Comb. para Veíc. Autom.,1,2,-1
04/2021,"Com. Var. de Produtos Farmac., sem Manip. de Fórmulas",2,0,2
04/2021,Com. Var. de Mat. de Const. não Especif. Ant.,1,0,1
04/2021,Com. Var. de Carnes - Açougues,0,1,-1
04/2021,Com. a Var. de Pneumáticos e Câmaras-De-Ar,1,0,1
04/2021,Com. Var. de Madeira e Artefatos,5,0,5
04/2021,Com. Atac. de Produtos Alim. em Geral,16,5,11
04/2021,Com. Var. de Comb. para Veíc. Autom.,1,0,1
04/2021,Com. Var. de Art. do Vestuário e Acessórios,0,1,-1
04/2021,"Com. Var. de Merc. em Geral, com Pred. de Produtos Alim. - Superm.",4,2,2
04/2021,"Com. Var. de Merc. em Geral, com Pred. de Produtos Alim. - Superm.",3,3,0
04/2021,Com. Var. de Plantas e Flores Naturais,0,1,-1
04/2021,"Com. Atac. de Chocolates, Confeitos, Balas, Bombons e Semelhantes",0,1,-1
04/2021,"Lojas de Dep. ou Magazines, Exceto Lojas Francas (Duty Free)",1,1,0
04/2021,"Com. Var. de Merc. em Geral, com Pred. de Produtos Alim. - Minimercados, Mercearias e Armazéns",1,0,1
04/2021,Com. Var. de Comb. para Veíc. Autom.,0,1,-1
04/2021,Com. Var. de Comb. para Veíc. Autom.,0,1,-1
04/2021,Com. Var. de Art. do Vestuário e Acessórios,0,1,-1
04/2021,Com. Var. de Art. do Vestuário e Acessórios,1,0,1
04/2021,"Com. Var. de Cosméticos, Produtos de Perfumaria e de Higiene Pessoal",0,1,-1
04/2021,"Com. a Var. de Automóveis, Camionetas e Utilitários Usados",0,1,-1
04/2021,Com. a Var. de Peças e Acessórios Novos para Veíc. Autom.,2,1,1
04/2021,"Representantes Comerciais e Agentes do Com. de Têxteis, Vestuário, Calçados e Art. de Viagem",1,1,0
04/2021,Com. Var. de Comb. para Veíc. Autom.,1,1,0
04/2021,Com. Var. de Mat. de Const. em Geral,1,1,0
04/2021,Com. a Var. de Peças e Acessórios Novos para Veíc. Autom.,0,2,-2
04/2021,Com. Atac. Especial. em Outros Produtos Intermediários não Especif. Ant.,1,0,1
04/2021,Com. Var. de Produtos Alim. em Geral ou Especial. em Produtos Alim. não Especif. Ant.,0,3,-3
04/2021,Com. por Atacado de Caminhões Novos e Usados,2,2,0
04/2021,Com. a Var. de Pneumáticos e Câmaras-De-Ar,1,0,1
04/2021,Com. a Var. de Peças e Acessórios Novos para Veíc. Autom.,0,1,-1
04/2021,Com. Var. de Comb. para Veíc. Autom.,1,0,1
04/2021,"Com. Var. de Merc. em Geral, com Pred. de Produtos Alim. - Superm.",0,2,-2
04/2021,"Com. Var. de Merc. em Geral, com Pred. de Produtos Alim. - Superm.",0,3,-3
04/2021,"Com. Var. de Merc. em Geral, com Pred. de Produtos Alim. - Superm.",0,1,-1
04/2021,"Com. Var. de Merc. em Geral, com Pred. de Produtos Alim. - Superm.",0,6,-6
04/2021,"Com. Var. de Merc. em Geral, com Pred. de Produtos Alim. - Superm.",5,5,0
04/2021,"Com. Var. de Merc. em Geral, com Pred. de Produtos Alim. - Superm.",1,0,1
04/2021,"Com. Var. de Merc. em Geral, com Pred. de Produtos Alim. - Superm.",7,12,-5
04/2021,"Com. Var. de Merc. em Geral, com Pred. de Produtos Alim. - Superm.",1,4,-3
04/2021,"Com. Var. de Merc. em Geral, com Pred. de Produtos Alim. - Superm.",7,7,0
04/2021,Com. Atac. de Produtos Alim. em Geral,7,7,0
04/2021,"Com. Var. de Merc. em Geral, com Pred. de Produtos Alim. - Superm.",1,2,-1
04/2021,"Com. Var. de Merc. em Geral, com Pred. de Produtos Alim. - Superm.",3,3,0
04/2021,"Com. Var. de Merc. em Geral, com Pred. de Produtos Alim. - Superm.",1,2,-1
04/2021,"Com. Var. de Merc. em Geral, com Pred. de Produtos Alim. - Superm.",1,1,0
04/2021,"Com. Var. de Merc. em Geral, com Pred. de Produtos Alim. - Superm.",10,11,-1
04/2021,Padaria e Confeitaria com Pred. de Revenda,0,1,-1
04/2021,Com. Var. de Mat. de Const. não Especif. Ant.,1,1,0
04/2021,Com. a Var. de Peças e Acessórios Novos para Veíc. Autom.,0,1,-1
04/2021,Com. Var. de Mat. de Const. em Geral,0,1,-1
04/2021,Com. Var. de Comb. para Veíc. Autom.,1,0,1
04/2021,"Com. Var. de Merc. em Geral, com Pred. de Produtos Alim. - Superm.",4,7,-3
04/2021,"Com. Var. de Merc. em Geral, com Pred. de Produtos Alim. - Superm.",2,4,-2
04/2021,"Com. Var. de Merc. em Geral, com Pred. de Produtos Alim. - Superm.",7,2,5
04/2021,"Com. Var. de Merc. em Geral, com Pred. de Produtos Alim. - Superm.",3,1,2
04/2021,"Com. Var. de Merc. em Geral, com Pred. de Produtos Alim. - Superm.",4,4,0
04/2021,"Com. Atac. de Frutas, Verduras, Raízes, Tubérculos, Hortaliças e Legumes Frescos",3,2,1
04/2021,"Com. Var. de Produtos Farmac., sem Manip. de Fórmulas",0,1,-1
04/2021,Com. Var. de Mat. de Const. em Geral,0,1,-1
04/2021,"Com. Atac. de Máquinas, Aparelhos e Equip. para Uso Agropecuário, Partes e Peças",8,7,1
04/2021,Com. Atac. de Produtos Alim. em Geral,0,1,-1
04/2021,Com. Var. de Mat. de Const. em Geral,1,3,-2
04/2021,Com. Var. de Calçados,0,1,-1
04/2021,Com. Var. de Calçados,0,1,-1
04/2021,"Com. Var. de Produtos Farmac., com Manip. de Fórmulas",6,4,2
04/2021,Comercio Var. de Art. de Armarinho,2,0,2
04/2021,Com. Var. de Ferragens e Ferramentas,1,0,1
04/2021,Com. a Var. de Peças e Acessórios Novos para Veíc. Autom.,0,1,-1
04/2021,Com. por Atacado de Peças e Acessórios Novos para Veíc. Autom.,0,1,-1
04/2021,Padaria e Confeitaria com Pred. de Revenda,1,5,-4
04/2021,Com. Var. de Animais Vivos e de Art. e Alimentos para Animais de Estimação,1,3,-2
04/2021,"Com. Atac. de Outras Máquinas e Equip. não Especif. Ant., Partes e Peças",4,1,3
04/2021,Com. a Var. de Peças e Acessórios Usados para Veíc. Autom.,1,0,1
04/2021,"Com. Var. de Produtos Farmac., sem Manip. de Fórmulas",1,0,1
04/2021,Com. a Var. de Motocicletas e Motonetas Novas,0,1,-1
04/2021,Serv. de Borracharia para Veíc. Autom.,0,1,-1
04/2021,Com. Var. de Art. do Vestuário e Acessórios,0,1,-1
04/2021,"Com. Var. de Merc. em Geral, com Pred. de Produtos Alim. - Minimercados, Mercearias e Armazéns",1,1,0
04/2021,"Com. Var. de Merc. em Geral, com Pred. de Produtos Alim. - Minimercados, Mercearias e Armazéns",0,2,-2
04/2021,"Com. Var. de Merc. em Geral, com Pred. de Produtos Alim. - Minimercados, Mercearias e Armazéns",0,3,-3
04/2021,Com. Atac. de Outros Equip. e Art. de Uso Pessoal e Doméstico não Especif. Ant.,0,1,-1
04/2021,"Com. a Var. de Automóveis, Camionetas e Utilitários Novos",2,3,-1
04/2021,Com. Var. de Equip. para Escritório,0,1,-1
04/2021,Padaria e Confeitaria com Pred. de Revenda,2,0,2
04/2021,Com. Atac. de Outros Equip. e Art. de Uso Pessoal e Doméstico não Especif. Ant.,0,1,-1
04/2021,"Com. Atac. de Máquinas, Aparelhos e Equip. para Uso Agropecuário, Partes e Peças",4,0,4
04/2021,Com. Var. de Mat. de Const. não Especif. Ant.,1,0,1
04/2021,Com. Var. Especial. de Eletrod. e Equip. de áudio e Vídeo,0,1,-1
04/2021,Com. Var. de Art. de Papelaria,1,2,-1
04/2021,Com. Var. de Art. de Joalheria,0,1,-1
04/2021,Com. a Var. de Peças e Acessórios Novos para Veíc. Autom.,1,0,1
04/2021,Com. Atac. de Tecidos,0,1,-1
04/2021,Com. Var. de Art. do Vestuário e Acessórios,0,1,-1
04/2021,Com. Var. de Art. do Vestuário e Acessórios,1,0,1
04/2021,Com. Var. de Brinquedos e Art. Recreativos,0,1,-1
04/2021,"Com. Atac. de Cerveja, Chope e Refrigerante",8,14,-6
04/2021,Serv. de Manutenção e Reparação Mecânica de Veíc. Autom.,0,1,-1
04/2021,Serv. de Manutenção e Reparação Mecânica de Veíc. Autom.,1,2,-1
04/2021,Padaria e Confeitaria com Pred. de Revenda,0,3,-3
04/2021,Comercio Var. de Art. de Armarinho,0,1,-1
04/2021,Com. Var. de Tintas e Mat. para Pintura,1,0,1
04/2021,Com. Atac. de Aves Vivas e Ovos,0,1,-1
04/2021,Com. a Var. de Peças e Acessórios Novos para Veíc. Autom.,0,1,-1
04/2021,Com. Var. de Produtos Alim. em Geral ou Especial. em Produtos Alim. não Especif. Ant.,0,1,-1
04/2021,Com. por Atacado de Peças e Acessórios Novos para Veíc. Autom.,3,1,2
04/2021,Com. a Var. de Peças e Acessórios Novos para Veíc. Autom.,3,0,3
04/2021,Com. por Atacado de Caminhões Novos e Usados,2,0,2
04/2021,Com. a Var. de Peças e Acessórios Novos para Veíc. Autom.,1,0,1
04/2021,Com. Atac. de Cosméticos e Produtos de Perfumaria,0,1,-1
04/2021,"Com. Atac. de Cerveja, Chope e Refrigerante",3,4,-1
04/2021,Com. Var. de Art. do Vestuário e Acessórios,1,0,1
04/2021,Com. Atac. de Art. de Escritório e de Papelaria,5,2,3
04/2021,"Com. Var. de Merc. em Geral, com Pred. de Produtos Alim. - Superm.",4,5,-1
04/2021,Com. Var. de Livros,0,4,-4
04/2021,"Com. Var. de Produtos Farmac., sem Manip. de Fórmulas",1,1,0
04/2021,"Com. Var. de Produtos Farmac., sem Manip. de Fórmulas",0,1,-1
04/2021,"Com. Var. de Produtos Farmac., sem Manip. de Fórmulas",1,0,1
04/2021,Com. Var. de Comb. para Veíc. Autom.,0,1,-1
04/2021,"Com. Var. de Produtos Farmac., sem Manip. de Fórmulas",2,2,0
04/2021,"Com. Var. de Produtos Farmac., sem Manip. de Fórmulas",1,1,0
04/2021,"Com. Var. de Produtos Farmac., sem Manip. de Fórmulas",0,1,-1
04/2021,"Com. Var. de Produtos Farmac., sem Manip. de Fórmulas",1,0,1
04/2021,"Com. Var. de Produtos Farmac., sem Manip. de Fórmulas",1,1,0
04/2021,"Com. Var. de Produtos Farmac., sem Manip. de Fórmulas",0,1,-1
04/2021,"Com. Var. de Produtos Farmac., sem Manip. de Fórmulas",0,1,-1
04/2021,"Com. Var. de Produtos Farmac., sem Manip. de Fórmulas",1,0,1
04/2021,"Com. Var. de Produtos Farmac., sem Manip. de Fórmulas",1,2,-1
04/2021,"Com. Var. de Produtos Farmac., sem Manip. de Fórmulas",1,1,0
04/2021,"Com. Var. de Produtos Farmac., sem Manip. de Fórmulas",2,1,1
04/2021,"Com. Var. de Produtos Farmac., sem Manip. de Fórmulas",1,0,1
04/2021,"Com. Var. de Produtos Farmac., sem Manip. de Fórmulas",0,2,-2
04/2021,"Com. Var. de Produtos Farmac., sem Manip. de Fórmulas",1,0,1
04/2021,Com. Var. de Vidros,1,0,1
04/2021,Com. Var. de Art. de Viagem,0,1,-1
04/2021,Com. Var. de Art. do Vestuário e Acessórios,0,1,-1
04/2021,"Com. Atac. de Chocolates, Confeitos, Balas, Bombons e Semelhantes",0,1,-1
04/2021,Com. Var. de Outros Art. de Uso Doméstico não Especif. Ant.,1,0,1
04/2021,Com. Var. de Plantas e Flores Naturais,3,3,0
04/2021,Com. Var. de Mat. de Const. em Geral,0,2,-2
04/2021,Com. Var. de Comb. para Veíc. Autom.,1,1,0
04/2021,Com. Var. de Comb. para Veíc. Autom.,2,0,2
04/2021,Com. Var. de Comb. para Veíc. Autom.,1,1,0
04/2021,"Com. Var. de Merc. em Geral, com Pred. de Produtos Alim. - Superm.",35,25,10
04/2021,Com. Var. de Art. de Joalheria,0,1,-1
04/2021,Com. Var. de Outros Produtos não Especif. Ant.,1,0,1
04/2021,Com. Var. de Outros Produtos não Especif. Ant.,1,1,0
04/2021,Com. Var. de Comb. para Veíc. Autom.,0,1,-1
04/2021,"Com. Var. de Produtos Farmac., sem Manip. de Fórmulas",2,1,1
04/2021,"Com. Var. de Produtos Farmac., sem Manip. de Fórmulas",1,0,1
04/2021,"Com. Var. de Produtos Farmac., sem Manip. de Fórmulas",1,0,1
04/2021,Com. Var. de Mat. de Const. não Especif. Ant.,2,0,2
04/2021,"Com. Var. de Merc. em Geral, com Pred. de Produtos Alim. - Superm.",1,0,1
04/2021,Com. Var. de Carnes - Açougues,0,1,-1
04/2021,Com. Var. de Produtos Alim. em Geral ou Especial. em Produtos Alim. não Especif. Ant.,1,0,1
04/2021,Serv. de Manutenção e Reparação Mecânica de Veíc. Autom.,0,1,-1
04/2021,Com. Var. de Tintas e Mat. para Pintura,1,1,0
04/2021,Com. Var. de Mat. de Const. não Especif. Ant.,6,1,5
04/2021,Com. Var. de Art. do Vestuário e Acessórios,0,1,-1
04/2021,Com. Atac. de Matérias-Primas Agrícolas não Especificadas Ant.,4,0,4
04/2021,Com. Var. de Produtos Alim. em Geral ou Especial. em Produtos Alim. não Especif. Ant.,0,2,-2
04/2021,Com. a Var. de Peças e Acessórios Novos para Veíc. Autom.,1,0,1
04/2021,Com. Var. de Brinquedos e Art. Recreativos,0,1,-1
04/2021,Com. a Var. de Peças e Acessórios Novos para Veíc. Autom.,0,1,-1
04/2021,"Com. Var. de Merc. em Geral, com Pred. de Produtos Alim. - Minimercados, Mercearias e Armazéns",3,0,3
04/2021,"Com. Var. de Merc. em Geral, com Pred. de Produtos Alim. - Minimercados, Mercearias e Armazéns",1,0,1
04/2021,Padaria e Confeitaria com Pred. de Revenda,0,1,-1
04/2021,Com. Var. Especial. de Eletrod. e Equip. de áudio e Vídeo,0,1,-1
04/2021,"Com. Var. de Produtos Farmac., com Manip. de Fórmulas",0,2,-2
04/2021,Com. Var. de Art. de Viagem,0,1,-1
04/2021,Com. Var. de Art. de Colchoaria,0,1,-1
04/2021,Com. Var. de Tintas e Mat. para Pintura,1,1,0
04/2021,Com. Var. de Tintas e Mat. para Pintura,0,1,-1
04/2021,Com. Var. de Tintas e Mat. para Pintura,0,2,-2
04/2021,Com. Var. de Tintas e Mat. para Pintura,1,1,0
04/2021,Com. Var. de Tintas e Mat. para Pintura,1,0,1
04/2021,Com. Var. de Tintas e Mat. para Pintura,1,0,1
04/2021,Com. Var. de Mat. de Const. não Especif. Ant.,0,1,-1
04/2021,Com. Var. de Art. do Vestuário e Acessórios,2,1,1
04/2021,Com. Var. de Madeira e Artefatos,0,1,-1
04/2021,Com. a Var. de Peças e Acessórios Novos para Veíc. Autom.,0,1,-1
04/2021,Com. Var. de Outros Produtos não Especif. Ant.,0,1,-1
04/2021,Com. Var. de Comb. para Veíc. Autom.,0,1,-1
04/2021,Com. Var. de Comb. para Veíc. Autom.,0,1,-1
04/2021,"Com. Atac. de Merc. em Geral, com Pred. de Insumos Agropecuários",12,6,6
04/2021,"Serv. de Lavagem, Lubrificação e Polimento de Veíc. Autom.",0,1,-1
04/2021,Com. Var. de Vidros,1,0,1
04/2021,"Com. Atac. de Cerveja, Chope e Refrigerante",0,1,-1
04/2021,Com. Var. de Mat. de Const. em Geral,2,0,2
04/2021,"Com. Var. de Merc. em Geral, com Pred. de Produtos Alim. - Superm.",1,1,0
04/2021,"Com. Var. de Merc. em Geral, com Pred. de Produtos Alim. - Hipermercados",5,10,-5
04/2021,Com. Atac. de Ferragens e Ferramentas,4,4,0
04/2021,"Com. Var. Especial. de Peças e Acessórios para Aparelhos Eletroeletrônicos para Uso Doméstico, Exceto Informática e Comunicação",0,1,-1
04/2021,Com. a Var. de Peças e Acessórios Novos para Veíc. Autom.,0,1,-1
04/2021,"Com. Var. de Merc. em Geral, com Pred. de Produtos Alim. - Hipermercados",3,0,3
04/2021,Com. Atac. de Produtos Alim. em Geral,3,0,3
04/2021,Com. Atac. Especial. de Mat. de Const. não Especif. Ant.,10,1,9
04/2021,Com. por Atacado de Motocicletas e Motonetas,0,1,-1
04/2021,"Com. Atac. de Máquinas, Aparelhos e Equip. para Uso Agropecuário, Partes e Peças",0,2,-2
04/2021,Com. Var. de Art. do Vestuário e Acessórios,2,1,1
04/2021,Com. Var. de Art. do Vestuário e Acessórios,1,1,0
04/2021,"Com. Var. de Produtos Farmac., com Manip. de Fórmulas",1,0,1
04/2021,Com. Var. de Art. do Vestuário e Acessórios,0,1,-1
04/2021,Com. Atac. de Roupas e Acessórios para Uso Profissional e de Segurança do Trabalho,0,1,-1
09/2020,Com. Var. de Outros Produtos não Especif. Ant.,0,1,-1
09/2020,Com. Var. Especial. de Equip. e Suprimentos de Informática,1,1,0
09/2020,Com. Var. Especial. de Equip. de Telefonia e Comunicação,1,1,0
09/2020,"Com. Var. de Merc. em Geral, com Pred. de Produtos Alim. - Minimercados, Mercearias e Armazéns",0,1,-1
09/2020,Com. Var. de Outros Produtos não Especif. Ant.,2,1,1
09/2020,Com. Var. de Art. do Vestuário e Acessórios,0,1,-1
09/2020,Com. Var. de Outros Produtos não Especif. Ant.,1,1,0
09/2020,Com. Var. de Lubrificantes,0,1,-1
09/2020,Com. Var. Especial. de Eletrod. e Equip. de áudio e Vídeo,5,7,-2
09/2020,Com. Var. Especial. de Eletrod. e Equip. de áudio e Vídeo,1,0,1
09/2020,Com. Var. Especial. de Eletrod. e Equip. de áudio e Vídeo,1,1,0
09/2020,Com. Atac. de Ferragens e Ferramentas,1,0,1
09/2020,Com. Var. de Equip. para Escritório,0,1,-1
09/2020,Com. Var. de Outros Produtos não Especif. Ant.,1,0,1
09/2020,Com. Var. de Móveis,1,1,0
09/2020,"Com. Var. de Cosméticos, Produtos de Perfumaria e de Higiene Pessoal",0,1,-1
09/2020,"Com. Atac. de Frutas, Verduras, Raízes, Tubérculos, Hortaliças e Legumes Frescos",1,1,0
09/2020,"Com. a Var. de Automóveis, Camionetas e Utilitários Usados",2,1,1
09/2020,Com. Var. de Outros Produtos não Especif. Ant.,1,0,1
09/2020,"Com. Atac. de Merc. em Geral, sem Pred. de Alimentos ou de Insumos Agropecuários",14,15,-1
09/2020,"Com. a Var. de Automóveis, Camionetas e Utilitários Novos",6,2,4
09/2020,Com. Atac. de Medicamentos e Drogas de Uso Humano,27,19,8
09/2020,Com. Var. Especial. de Equip. de Telefonia e Comunicação,1,0,1
09/2020,Com. Var. de Outros Produtos não Especif. Ant.,1,0,1
09/2020,Padaria e Confeitaria com Pred. de Revenda,2,0,2
09/2020,Com. Var. de Art. do Vestuário e Acessórios,0,1,-1
09/2020,Com. Atac. Especial. em Outros Produtos Intermediários não Especif. Ant.,1,0,1
09/2020,"Com. Atac. de Instrumentos e Mat. para Uso Médico, Cirúrgico, Hospitalar e de Laboratórios",1,0,1
09/2020,Com. Atac. de Componentes Eletrônicos e Equip. de Telefonia e Comunicação,0,1,-1
09/2020,Com. Var. Especial. de Equip. e Suprimentos de Informática,0,1,-1
09/2020,Com. Var. de Ferragens e Ferramentas,0,1,-1
09/2020,Com. a Var. de Peças e Acessórios Novos para Veíc. Autom.,1,0,1
09/2020,Com. Atac. de Produtos Alim. em Geral,0,1,-1
09/2020,Com. Var. de Art. do Vestuário e Acessórios,1,0,1
09/2020,"Com. Var. de Doces, Balas, Bombons e Semelhantes",1,0,1
09/2020,Com. Atac. de Carnes Bovinas e Suínas e Derivados,10,8,2
09/2020,Com. Var. Especial. de Equip. de Telefonia e Comunicação,1,1,0
09/2020,Com. a Var. de Peças e Acessórios Novos para Veíc. Autom.,1,0,1
09/2020,"Com. Var. de Merc. em Geral, com Pred. de Produtos Alim. - Minimercados, Mercearias e Armazéns",1,1,0
09/2020,Com. por Atacado de Peças e Acessórios Novos para Veíc. Autom.,3,0,3
09/2020,Com. por Atacado de Pneumáticos e Câmaras-De-Ar,5,2,3
09/2020,Com. Atac. de Resíduos e Sucatas Metálicos,0,2,-2
09/2020,Com. Var. de Outros Art. de Uso Doméstico não Especif. Ant.,2,2,0
09/2020,Com. Var. de Comb. para Veíc. Autom.,0,1,-1
09/2020,Com. Var. de Comb. para Veíc. Autom.,1,0,1
09/2020,Com. Var. de Art. do Vestuário e Acessórios,0,1,-1
09/2020,Com. Atac. de Produtos Alim. em Geral,7,1,6
09/2020,Com. Var. Especial. de Equip. e Suprimentos de Informática,1,1,0
09/2020,"Com. a Var. de Automóveis, Camionetas e Utilitários Novos",2,5,-3
09/2020,Com. Var. de Comb. para Veíc. Autom.,1,2,-1
09/2020,"Com. a Var. de Automóveis, Camionetas e Utilitários Usados",0,1,-1
09/2020,"Com. a Var. de Automóveis, Camionetas e Utilitários Novos",0,1,-1
09/2020,"Com. a Var. de Automóveis, Camionetas e Utilitários Novos",0,1,-1
09/2020,Com. Atac. de Carnes Bovinas e Suínas e Derivados,0,1,-1
09/2020,"Com. Var. de Doces, Balas, Bombons e Semelhantes",0,1,-1
09/2020,Com. Var. de Art. do Vestuário e Acessórios,1,0,1
09/2020,Com. Var. de Móveis,2,0,2
09/2020,Com. Var. de Outros Produtos não Especif. Ant.,0,1,-1
09/2020,Lojas de Dep. ou Magazines (Desativado),0,1,-1
09/2020,"Com. Var. de Produtos Farmac., com Manip. de Fórmulas",1,0,1
09/2020,Com. Var. de Comb. para Veíc. Autom.,0,1,-1
09/2020,Com. Var. Especial. de Equip. de Telefonia e Comunicação,0,1,-1
09/2020,Com. Var. Especial. de Equip. de Telefonia e Comunicação,1,1,0
09/2020,Com. Var. Especial. de Equip. de Telefonia e Comunicação,2,0,2
09/2020,Com. Var. de Hortifrutigranjeiros,0,1,-1
09/2020,Com. Var. de Hortifrutigranjeiros,1,2,-1
09/2020,"Com. Var. de Produtos Farmac., sem Manip. de Fórmulas",0,1,-1
09/2020,Com. Atac. de Produtos Alim. em Geral,3,2,1
09/2020,Com. Atac. de Cosméticos e Produtos de Perfumaria,12,1,11
09/2020,Com. Var. de Art. do Vestuário e Acessórios,1,0,1
09/2020,Com. Var. de Outros Art. de Uso Doméstico não Especif. Ant.,0,1,-1
09/2020,Com. Var. de Móveis,1,0,1
09/2020,"Com. Atac. de Máquinas e Equip. para Uso Comercial, Partes e Peças",1,0,1
09/2020,Com. Var. de Mat. de Const. em Geral,0,1,-1
09/2020,"Com. Var. de Merc. em Geral, com Pred. de Produtos Alim. - Superm.",1,1,0
09/2020,"Com. Var. de Merc. em Geral, com Pred. de Produtos Alim. - Superm.",0,1,-1
09/2020,Com. Var. de Hortifrutigranjeiros,0,1,-1
09/2020,Com. Var. de Mat. de Const. não Especif. Ant.,0,1,-1
09/2020,Com. Var. de Móveis,1,0,1
09/2020,"Com. Atac. de Frutas, Verduras, Raízes, Tubérculos, Hortaliças e Legumes Frescos",0,7,-7
09/2020,Com. Var. de Art. de óptica,1,0,1
09/2020,Com. Var. de Mat. de Const. não Especif. Ant.,0,2,-2
09/2020,Com. Var. de Art. de Joalheria,0,1,-1
09/2020,Com. Var. de Produtos Saneantes Domissanitários,0,1,-1
09/2020,Com. Atac. de Sorvetes,9,6,3
09/2020,Com. Var. de Ferragens e Ferramentas,1,0,1
09/2020,"Com. Var. de Produtos Farmac., sem Manip. de Fórmulas",2,0,2
09/2020,Com. Var. de Art. do Vestuário e Acessórios,1,0,1
09/2020,Com. Var. de Art. do Vestuário e Acessórios,1,0,1
09/2020,Com. a Var. de Peças e Acessórios Novos para Veíc. Autom.,6,5,1
09/2020,Com. Atac. de Ferragens e Ferramentas,2,0,2
09/2020,Com. Atac. de Produtos Alim. em Geral,0,1,-1
09/2020,Com. Var. de Outros Produtos não Especif. Ant.,1,0,1
09/2020,Com. Atac. de Ferragens e Ferramentas,0,1,-1
09/2020,Serv. de Manutenção e Reparação Mecânica de Veíc. Autom.,0,1,-1
09/2020,Com. por Atacado de Peças e Acessórios para Motocicletas e Motonetas,0,1,-1
09/2020,"Com. a Var. de Automóveis, Camionetas e Utilitários Novos",4,1,3
09/2020,Com. Var. de Vidros,1,0,1
09/2020,Com. Var. de Comb. para Veíc. Autom.,0,1,-1
09/2020,Com. Atac. de Produtos Alim. em Geral,10,11,-1
09/2020,Com. Var. de Comb. para Veíc. Autom.,1,0,1
09/2020,Com. Var. de Equip. para Escritório,1,0,1
09/2020,"Com. Var. de Produtos Farmac., com Manip. de Fórmulas",1,1,0
09/2020,Com. Var. de Outros Produtos não Especif. Ant.,0,1,-1
09/2020,Com. Var. de Art. de Papelaria,1,0,1
09/2020,Com. Var. de Comb. para Veíc. Autom.,1,1,0
09/2020,"Com. Var. de Suvenires, Bijuterias e Artesanatos",1,0,1
09/2020,Serv. de Manutenção e Reparação Mecânica de Veíc. Autom.,0,1,-1
09/2020,Com. Var. de Equip. para Escritório,2,2,0
09/2020,Com. Var. de Art. do Vestuário e Acessórios,0,1,-1
09/2020,Com. Var. Especial. de Eletrod. e Equip. de áudio e Vídeo,3,1,2
09/2020,"Com. Var. de Produtos Farmac., sem Manip. de Fórmulas",1,0,1
09/2020,Com. Var. de Hortifrutigranjeiros,69,0,69
09/2020,Com. Var. de Vidros,0,1,-1
09/2020,"Com. Var. de Merc. em Geral, com Pred. de Produtos Alim. - Minimercados, Mercearias e Armazéns",0,1,-1
09/2020,Serv. de Lanternagem ou Funilaria e Pintura de Veíc. Autom.,2,0,2
09/2020,Com. Var. de Ferragens e Ferramentas,1,1,0
09/2020,Com. Var. de Produtos Alim. em Geral ou Especial. em Produtos Alim. não Especif. Ant.,2,0,2
09/2020,Com. Var. de Produtos Alim. em Geral ou Especial. em Produtos Alim. não Especif. Ant.,0,1,-1
09/2020,Com. Var. de Art. do Vestuário e Acessórios,0,1,-1
09/2020,Com. a Var. de Peças e Acessórios Novos para Veíc. Autom.,6,4,2
09/2020,Com. Atac. de Resíduos de Papel e Papelão,0,2,-2
09/2020,Com. Var. de Comb. para Veíc. Autom.,1,0,1
09/2020,Com. Var. de Calçados,0,2,-2
09/2020,"Com. a Var. de Automóveis, Camionetas e Utilitários Novos",14,8,6
09/2020,Com. Var. de Mat. de Const. em Geral,1,0,1
09/2020,Com. Var. Especial. de Equip. e Suprimentos de Informática,0,1,-1
09/2020,Com. Var. de Art. do Vestuário e Acessórios,0,3,-3
09/2020,Com. Var. de Art. do Vestuário e Acessórios,0,2,-2
09/2020,Com. Var. de Art. do Vestuário e Acessórios,0,1,-1
09/2020,Com. Var. de Comb. para Veíc. Autom.,0,1,-1
09/2020,Com. Var. de Art. do Vestuário e Acessórios,1,0,1
09/2020,"Com. Var. de Cosméticos, Produtos de Perfumaria e de Higiene Pessoal",1,0,1
09/2020,Com. Var. Especial. de Equip. de Telefonia e Comunicação,0,1,-1
09/2020,"Com. Var. de Cosméticos, Produtos de Perfumaria e de Higiene Pessoal",0,1,-1
09/2020,Com. a Var. de Motocicletas e Motonetas Novas,0,1,-1
09/2020,"Com. Atac. de Resíduos e Sucatas Não-Metálicos, Exceto de Papel e Papelão",1,0,1
09/2020,"Com. Atac. de Merc. em Geral, sem Pred. de Alimentos ou de Insumos Agropecuários",1,0,1
09/2020,"Com. Var. de Merc. em Geral, com Pred. de Produtos Alim. - Superm.",5,3,2
09/2020,Com. Var. Especial. de Eletrod. e Equip. de áudio e Vídeo,1,0,1
09/2020,Com. Atac. de Outros Equip. e Art. de Uso Pessoal e Doméstico não Especif. Ant.,1,0,1
09/2020,"Com. Var. de Produtos Farmac., sem Manip. de Fórmulas",0,1,-1
09/2020,Com. Var. Especial. de Equip. e Suprimentos de Informática,0,1,-1
09/2020,Com. Var. de Mat. de Const. em Geral,1,1,0
09/2020,"Com. Var. de Cosméticos, Produtos de Perfumaria e de Higiene Pessoal",1,1,0
09/2020,"Com. Var. de Cosméticos, Produtos de Perfumaria e de Higiene Pessoal",1,3,-2
09/2020,Com. Var. de Art. do Vestuário e Acessórios,1,0,1
09/2020,Com. Var. de Tintas e Mat. para Pintura,0,1,-1
09/2020,Com. a Var. de Peças e Acessórios Novos para Veíc. Autom.,0,1,-1
09/2020,Com. Var. de Outros Art. de Uso Doméstico não Especif. Ant.,5,3,2
09/2020,Com. Var. de Outros Art. de Uso Doméstico não Especif. Ant.,2,0,2
09/2020,Com. Atac. de Outros Equip. e Art. de Uso Pessoal e Doméstico não Especif. Ant.,7,4,3
09/2020,Com. Var. de Livros,0,1,-1
09/2020,Serv. de Manutenção e Reparação Mecânica de Veíc. Autom.,1,1,0
09/2020,Com. Var. de Madeira e Artefatos,2,0,2
09/2020,"Com. Var. de Merc. em Geral, com Pred. de Produtos Alim. - Minimercados, Mercearias e Armazéns",0,1,-1
09/2020,"Com. Atac. de Instrumentos e Mat. para Uso Médico, Cirúrgico, Hospitalar e de Laboratórios",1,0,1
09/2020,"Com. Var. de Merc. em Geral, com Pred. de Produtos Alim. - Superm.",13,13,0
09/2020,"Com. Var. de Merc. em Geral, com Pred. de Produtos Alim. - Hipermercados",7,23,-16
09/2020,"Com. Var. de Merc. em Geral, com Pred. de Produtos Alim. - Superm.",1,1,0
09/2020,Com. varejista especializado de equipamentos e suprimentos de informática,0,1,-1
09/2020,Com. Var. de Ferragens e Ferramentas,0,1,-1
09/2020,Com. Var. Especial. de Eletrod. e Equip. de áudio e Vídeo,1,0,1
09/2020,Com. Var. de Plantas e Flores Naturais,3,1,2
09/2020,Com. Var. de Livros,1,1,0
09/2020,Com. a Var. de Peças e Acessórios Novos para Veíc. Autom.,0,3,-3
09/2020,Com. a Var. de Peças e Acessórios Novos para Veíc. Autom.,1,0,1
09/2020,"Com. Var. de Merc. em Geral, com Pred. de Produtos Alim. - Minimercados, Mercearias e Armazéns",1,4,-3
09/2020,Com. Var. de Plantas e Flores Naturais,2,1,1
09/2020,Com. Var. de Art. Esportivos,1,2,-1
09/2020,Com. Var. de Comb. para Veíc. Autom.,0,3,-3
09/2020,Com. Atac. de Componentes Eletrônicos e Equip. de Telefonia e Comunicação,0,19,-19
09/2020,"Com. Atac. de Resíduos e Sucatas Não-Metálicos, Exceto de Papel e Papelão",0,1,-1
09/2020,Serv. de Manutenção e Reparação Mecânica de Veíc. Autom.,1,1,0
09/2020,"Com. Var. de Merc. em Geral, com Pred. de Produtos Alim. - Superm.",17,8,9
09/2020,Com. Var. de Art. do Vestuário e Acessórios,0,1,-1
09/2020,Com. Var. de Comb. para Veíc. Autom.,2,0,2
09/2020,Com. Var. de Art. do Vestuário e Acessórios,0,1,-1
09/2020,Com. Var. de Art. de Colchoaria,0,1,-1
09/2020,Com. Var. de Produtos Alim. em Geral ou Especial. em Produtos Alim. não Especif. Ant.,0,1,-1
09/2020,Com. a Var. de Peças e Acessórios Novos para Veíc. Autom.,2,0,2
09/2020,Com. Var. de Art. do Vestuário e Acessórios,7,6,1
09/2020,Com. Var. de Mat. de Const. em Geral,3,0,3
09/2020,Com. a Var. de Peças e Acessórios Novos para Veíc. Autom.,1,1,0
09/2020,"Com. Atac. de Frutas, Verduras, Raízes, Tubérculos, Hortaliças e Legumes Frescos",10,5,5
09/2020,Com. Var. de Mat. de Const. em Geral,0,2,-2
09/2020,"Com. Atac. de Produtos Siderúrgicos e Metalúrgicos, Exceto para Const.",0,1,-1
09/2020,"Lojas de Variedades, Exceto Lojas de Dep. ou Magazines",2,0,2
09/2020,"Lojas de Variedades, Exceto Lojas de Dep. ou Magazines",0,3,-3
09/2020,Com. a Var. de Peças e Acessórios Novos para Veíc. Autom.,1,0,1
09/2020,"Com. Var. de Produtos Farmac., sem Manip. de Fórmulas",0,1,-1
09/2020,Com. Atac. de Componentes Eletrônicos e Equip. de Telefonia e Comunicação,1,2,-1
09/2020,Com. Var. de Comb. para Veíc. Autom.,0,1,-1
09/2020,"Com. Atac. de Cerveja, Chope e Refrigerante",1,1,0
09/2020,Com. Var. de Madeira e Artefatos,1,0,1
09/2020,Com. Var. de Produtos Saneantes Domissanitários,1,0,1
09/2020,"Com. Var. de Cosméticos, Produtos de Perfumaria e de Higiene Pessoal",0,1,-1
09/2020,Com. Var. de Art. de Iluminação,1,2,-1
09/2020,"Serv. de Lavagem, Lubrificação e Polimento de Veíc. Autom.",1,0,1
09/2020,"Representantes Comerciais e Agentes do Com. de Produtos Alim., Bebidas e Fumo",1,1,0
09/2020,Com. Var. de Carnes - Açougues,0,1,-1
09/2020,Com. Var. de Art. do Vestuário e Acessórios,0,1,-1
09/2020,"Com. Var. de Produtos Farmac., com Manip. de Fórmulas",0,1,-1
09/2020,"Com. Var. de Cosméticos, Produtos de Perfumaria e de Higiene Pessoal",0,1,-1
09/2020,"Com. Var. de Merc. em Geral, com Pred. de Produtos Alim. - Minimercados, Mercearias e Armazéns",3,2,1
09/2020,Serv. de Manutenção e Reparação Mecânica de Veíc. Autom.,1,0,1
09/2020,"Com. Var. de Produtos Farmac., com Manip. de Fórmulas",1,0,1
09/2020,Com. Var. de Art. do Vestuário e Acessórios,0,1,-1
09/2020,"Com. a Var. de Automóveis, Camionetas e Utilitários Novos",1,0,1
09/2020,Com. a Var. de Peças e Acessórios Novos para Veíc. Autom.,1,0,1
09/2020,Com. Var. Especial. de Eletrod. e Equip. de áudio e Vídeo,1,2,-1
09/2020,Com. Var. Especial. de Eletrod. e Equip. de áudio e Vídeo,3,2,1
09/2020,Com. Var. de Outros Produtos não Especif. Ant.,1,1,0
09/2020,Com. Atac. de Produtos Alim. em Geral,1,1,0
09/2020,"Com. Var. de Doces, Balas, Bombons e Semelhantes",0,1,-1
09/2020,Com. Var. Especial. de Equip. e Suprimentos de Informática,0,1,-1
09/2020,Com. Var. de Produtos Alim. em Geral ou Especial. em Produtos Alim. não Especif. Ant.,1,1,0
09/2020,Com. Var. de Comb. para Veíc. Autom.,2,1,1
09/2020,Com. Var. de Mat. de Const. em Geral,1,0,1
09/2020,Com. Var. de Outros Art. de Uso Doméstico não Especif. Ant.,0,1,-1
09/2020,Com. Var. de Comb. para Veíc. Autom.,2,0,2
09/2020,Com. Atac. de Bebidas não Especificadas Ant.,0,5,-5
09/2020,Com. Var. de Ferragens e Ferramentas,3,0,3
09/2020,Com. Var. de Produtos Alim. em Geral ou Especial. em Produtos Alim. não Especif. Ant.,2,1,1
09/2020,Com. Var. de Brinquedos e Art. Recreativos,0,2,-2
09/2020,Com. Var. de Ferragens e Ferramentas,1,0,1
09/2020,Com. Var. de Produtos Alim. em Geral ou Especial. em Produtos Alim. não Especif. Ant.,3,10,-7
09/2020,Com. Var. de Mat. Hidráulicos,1,0,1
09/2020,Com. Var. de Art. de óptica,0,1,-1
09/2020,Com. Var. de Outros Produtos não Especif. Ant.,2,2,0
09/2020,Com. Atac. de Embalagens,4,2,2
09/2020,Com. Var. de Outros Art. de Uso Doméstico não Especif. Ant.,3,1,2
09/2020,"Com. a Var. de Automóveis, Camionetas e Utilitários Novos",4,2,2
09/2020,Com. Var. de Art. de óptica,1,0,1
09/2020,Com. Var. de Móveis,14,2,12
09/2020,Com. Var. de Móveis,2,1,1
09/2020,Com. Var. de Comb. para Veíc. Autom.,1,0,1
09/2020,Com. Var. de Outros Art. de Uso Doméstico não Especif. Ant.,0,1,-1
09/2020,Com. Var. de Comb. para Veíc. Autom.,1,1,0
09/2020,Com. Var. de Produtos Saneantes Domissanitários,1,0,1
09/2020,Serv. de Manutenção e Reparação Mecânica de Veíc. Autom.,0,1,-1
09/2020,Com. Var. de Móveis,3,1,2
09/2020,Com. Var. de Calçados,1,0,1
09/2020,Com. Var. de Art. do Vestuário e Acessórios,1,0,1
09/2020,Com. a Var. de Peças e Acessórios Novos para Veíc. Autom.,0,1,-1
09/2020,Com. Var. de Carnes - Açougues,1,0,1
09/2020,Com. a Var. de Motocicletas e Motonetas Novas,1,0,1
09/2020,"Com. Atac. de Máquinas e Equip. para Uso Industrial, Partes e Peças",1,0,1
09/2020,"Lojas de Variedades, Exceto Lojas de Dep. ou Magazines",4,0,4
09/2020,"Com. Var. de Merc. em Geral, com Pred. de Produtos Alim. - Superm.",1,0,1
09/2020,Serv. de Lanternagem ou Funilaria e Pintura de Veíc. Autom.,0,1,-1
09/2020,Com. Var. de Hortifrutigranjeiros,12,9,3
09/2020,Com. Var. de Hortifrutigranjeiros,14,13,1
09/2020,Com. Var. de Art. do Vestuário e Acessórios,2,0,2
09/2020,Padaria e Confeitaria com Pred. de Revenda,1,0,1
09/2020,"Com. Atac. de Merc. em Geral, com Pred. de Produtos Alim.",7,4,3
09/2020,Com. Var. de Laticínios e Frios,2,1,1
09/2020,Com. Var. de Comb. para Veíc. Autom.,1,0,1
09/2020,"Serv. de Lavagem, Lubrificação e Polimento de Veíc. Autom.",0,1,-1
09/2020,Representantes Comerciais e Agentes do Com. de Instrumentos e Mat. Odonto-Médico-Hospitalares,0,1,-1
09/2020,Com. Var. de Art. de óptica,0,1,-1
09/2020,"Com. Var. de Produtos Farmac., sem Manip. de Fórmulas",1,0,1
09/2020,"Com. Var. de Merc. em Geral, com Pred. de Produtos Alim. - Minimercados, Mercearias e Armazéns",1,0,1
09/2020,"Com. Atac. de Frutas, Verduras, Raízes, Tubérculos, Hortaliças e Legumes Frescos",0,1,-1
09/2020,"Com. a Var. de Automóveis, Camionetas e Utilitários Novos",0,1,-1
09/2020,Com. Var. de Calçados,1,4,-3
09/2020,Serv. de Alinhamento e Balanceamento de Veíc. Autom.,0,1,-1
09/2020,Com. Var. de Madeira e Artefatos,1,0,1
09/2020,Com. Var. de Animais Vivos e de Art. e Alimentos para Animais de Estimação,1,0,1
09/2020,Com. Var. de Material Elétrico,0,1,-1
09/2020,Com. Var. de Mat. de Const. em Geral,1,0,1
09/2020,Com. Var. de Art. de Papelaria,1,0,1
09/2020,Com. Var. de Material Elétrico,0,1,-1
09/2020,Com. Var. de Lubrificantes,1,0,1
09/2020,Com. Atac. de Bebidas não Especificadas Ant.,1,0,1
09/2020,"Com. Var. de Merc. em Geral, com Pred. de Produtos Alim. - Minimercados, Mercearias e Armazéns",4,0,4
09/2020,"Com. Var. de Produtos Farmac., sem Manip. de Fórmulas",0,1,-1
09/2020,"Com. a Var. de Automóveis, Camionetas e Utilitários Novos",0,2,-2
09/2020,Com. a Var. de Peças e Acessórios Novos para Veíc. Autom.,2,0,2
09/2020,Com. Atac. de Equip. de Informática,0,1,-1
09/2020,Com. Atac. de Cosméticos e Produtos de Perfumaria,0,1,-1
09/2020,"Com. Var. de Merc. em Geral, com Pred. de Produtos Alim. - Minimercados, Mercearias e Armazéns",1,0,1
09/2020,Com. Atac. de Alimentos para Animais,3,2,1
09/2020,Com. Atac. de Alimentos para Animais,0,1,-1
09/2020,Com. Var. de Art. do Vestuário e Acessórios,5,85,-80
09/2020,Com. por Atacado de Caminhões Novos e Usados,1,3,-2
09/2020,Com. Var. de Outros Produtos não Especif. Ant.,0,3,-3
09/2020,Com. Var. de Art. de Papelaria,1,0,1
09/2020,Com. Var. de Calçados,0,1,-1
09/2020,Com. Var. de Art. do Vestuário e Acessórios,1,1,0
09/2020,Com. Var. de Art. do Vestuário e Acessórios,1,0,1
09/2020,"Com. Atac. de Frutas, Verduras, Raízes, Tubérculos, Hortaliças e Legumes Frescos",1,1,0
09/2020,Com. Var. Especial. de Equip. e Suprimentos de Informática,1,0,1
09/2020,"Serv. de Lavagem, Lubrificação e Polimento de Veíc. Autom.",1,0,1
09/2020,Com. Var. de Art. Médicos e Ortopédicos,1,0,1
09/2020,Com. Atac. de Outros Equip. e Art. de Uso Pessoal e Doméstico não Especif. Ant.,5,2,3
09/2020,Com. Var. de Plantas e Flores Naturais,0,1,-1
09/2020,"Com. Var. de Cal, Areia, Pedra Britada, Tijolos e Telhas",0,1,-1
09/2020,Com. Var. de Calçados,1,0,1
09/2020,Com. Var. de Animais Vivos e de Art. e Alimentos para Animais de Estimação,0,1,-1
09/2020,"Com. Var. de Suvenires, Bijuterias e Artesanatos",0,1,-1
09/2020,Padaria e Confeitaria com Pred. de Revenda,1,1,0
09/2020,Serv. de Manutenção e Reparação Mecânica de Veíc. Autom.,1,1,0
09/2020,Com. Var. de Plantas e Flores Naturais,2,0,2
09/2020,Com. Var. Especial. de Equip. e Suprimentos de Informática,1,0,1
09/2020,Com. Var. de Art. do Vestuário e Acessórios,0,1,-1
09/2020,"Com. a Var. de Automóveis, Camionetas e Utilitários Usados",1,0,1
09/2020,Com. Var. de Art. do Vestuário e Acessórios,0,5,-5
09/2020,"Com. Atac. de Produtos da Extração Mineral, Exceto Comb.",1,0,1
09/2020,Com. Var. de Comb. para Veíc. Autom.,1,0,1
09/2020,Com. Var. de Art. do Vestuário e Acessórios,1,1,0
09/2020,Com. Atac. de Carnes Bovinas e Suínas e Derivados,0,1,-1
09/2020,Com. Var. de Art. do Vestuário e Acessórios,0,1,-1
09/2020,Com. Var. de Art. do Vestuário e Acessórios,0,1,-1
09/2020,"Com. Var. de Merc. em Geral, com Pred. de Produtos Alim. - Minimercados, Mercearias e Armazéns",2,0,2
09/2020,"Com. Var. Especial. de Peças e Acessórios para Aparelhos Eletroeletrônicos para Uso Doméstico, Exceto Informática e Comunicação",1,1,0
09/2020,Com. Var. de Mat. de Const. não Especif. Ant.,1,0,1
09/2020,Com. Var. de Art. de Joalheria,3,0,3
09/2020,"Comercio Var. de Art. de Cama, Mesa e Banho",0,1,-1
09/2020,Com. Var. de Art. de Joalheria,1,0,1
09/2020,"Serv. de Lavagem, Lubrificação e Polimento de Veíc. Autom.",0,1,-1
09/2020,Com. Var. de Ferragens e Ferramentas,1,1,0
09/2020,Com. Var. de Calçados,0,1,-1
09/2020,Com. Var. de Móveis,1,0,1
09/2020,Com. Var. de Art. do Vestuário e Acessórios,1,0,1
09/2020,"Com. Var. de Cosméticos, Produtos de Perfumaria e de Higiene Pessoal",1,2,-1
09/2020,Com. a Var. de Motocicletas e Motonetas Usadas,0,1,-1
09/2020,Com. por Atacado de Peças e Acessórios Novos para Veíc. Autom.,1,0,1
09/2020,Com. a Var. de Peças e Acessórios Novos para Veíc. Autom.,1,1,0
09/2020,"Com. Atac. de Merc. em Geral, com Pred. de Produtos Alim.",4,7,-3
09/2020,Com. Var. de Vidros,1,0,1
09/2020,Com. Atac. Especial. em Outros Produtos Alim. não Especif. Ant.,0,2,-2
09/2020,Com. Atac. Especial. em Outros Produtos Alim. não Especif. Ant.,1,0,1
09/2020,Com. Var. de Mat. de Const. em Geral,0,1,-1
09/2020,"Com. Atac. de Outras Máquinas e Equip. não Especif. Ant., Partes e Peças",5,4,1
09/2020,Com. Var. de Brinquedos e Art. Recreativos,2,1,1
09/2020,"Com. Atac. de Cereais e Leguminosas Beneficiados, Farinhas, Amidos e Féculas, com Atividade de Fracionamento e Acondicionamento Associada",2,0,2
09/2020,Com. Var. de Carnes - Açougues,2,0,2
09/2020,Com. Var. de Art. do Vestuário e Acessórios,2,0,2
09/2020,Com. Atac. de Embalagens,3,1,2
09/2020,"Com. Var. de Cosméticos, Produtos de Perfumaria e de Higiene Pessoal",0,1,-1
09/2020,"Com. Var. de Bicicletas e Triciclos, Peças e Acessórios",1,0,1
09/2020,Com. Atac. de Cosméticos e Produtos de Perfumaria,0,3,-3
09/2020,"Representantes Comerciais e Agentes do Com. de Máquinas, Equip., Embarcações e Aeronaves",1,0,1
09/2020,Com. Var. de Outros Produtos não Especif. Ant.,1,1,0
09/2020,Com. a Var. de Peças e Acessórios Usados para Veíc. Autom.,8,1,7
09/2020,Com. Var. Especial. de Eletrod. e Equip. de áudio e Vídeo,2,0,2
09/2020,Com. Var. de Outros Produtos não Especif. Ant.,1,0,1
09/2020,Com. Var. de Ferragens e Ferramentas,2,0,2
09/2020,Com. Var. de Móveis,22,31,-9
09/2020,"Com. Atac. de Frutas, Verduras, Raízes, Tubérculos, Hortaliças e Legumes Frescos",0,1,-1
09/2020,Com. Var. de Mat. de Const. em Geral,4,0,4
09/2020,"Com. Var. de Produtos Farmac., com Manip. de Fórmulas",1,0,1
09/2020,Com. Var. de Outros Art. de Uso Doméstico não Especif. Ant.,5,0,5
09/2020,"Com. Var. de Cosméticos, Produtos de Perfumaria e de Higiene Pessoal",0,1,-1
09/2020,"Com. a Var. de Automóveis, Camionetas e Utilitários Usados",1,0,1
09/2020,Com. a Var. de Peças e Acessórios Novos para Veíc. Autom.,3,0,3
09/2020,Com. Var. de Livros,5,4,1
09/2020,Com. Var. de Hortifrutigranjeiros,1,0,1
09/2020,Com. Var. de Tintas e Mat. para Pintura,3,0,3
09/2020,"Com. Var. de Cosméticos, Produtos de Perfumaria e de Higiene Pessoal",2,1,1
09/2020,Com. Var. de Art. de óptica,1,0,1
09/2020,Serv. de Manutenção e Reparação Mecânica de Veíc. Autom.,0,1,-1
09/2020,"Com. Var. de Doces, Balas, Bombons e Semelhantes",5,3,2
09/2020,"Com. Atac. de Chocolates, Confeitos, Balas, Bombons e Semelhantes",3,0,3
09/2020,Com. Var. de Móveis,5,1,4
09/2020,Com. Var. de Mat. de Const. em Geral,1,5,-4
09/2020,Com. Var. de Mat. de Const. não Especif. Ant.,0,1,-1
09/2020,Com. Var. de Art. do Vestuário e Acessórios,0,1,-1
09/2020,"Com. Atac. de Máquinas e Equip. para Uso Industrial, Partes e Peças",0,1,-1
09/2020,Com. Var. de Art. do Vestuário e Acessórios,0,1,-1
09/2020,Com. Var. de Calçados,0,1,-1
09/2020,"Com. Var. de Merc. em Geral, com Pred. de Produtos Alim. - Minimercados, Mercearias e Armazéns",1,0,1
09/2020,Com. Var. de Calçados,0,5,-5
09/2020,Com. Var. de Calçados,1,1,0
09/2020,Com. Var. de Outros Art. de Uso Doméstico não Especif. Ant.,0,1,-1
09/2020,Com. Atac. de Alimentos para Animais,0,1,-1
09/2020,Com. Var. de Móveis,2,0,2
09/2020,Com. Var. de Art. do Vestuário e Acessórios,5,0,5
09/2020,Com. Var. de Art. de óptica,1,1,0
09/2020,Com. Var. Especial. de Equip. e Suprimentos de Informática,1,2,-1
09/2020,Com. Var. de Art. do Vestuário e Acessórios,0,1,-1
09/2020,"Serv. de Lavagem, Lubrificação e Polimento de Veíc. Autom.",12,6,6
09/2020,Com. Var. de Animais Vivos e de Art. e Alimentos para Animais de Estimação,0,1,-1
09/2020,Com. a Var. de Peças e Acessórios Novos para Veíc. Autom.,0,1,-1
09/2020,Com. por Atacado de Motocicletas e Motonetas,0,2,-2
09/2020,"Com. Atac. de Máquinas e Equip. para Uso Industrial, Partes e Peças",1,0,1
09/2020,Com. Var. Especial. de Equip. de Telefonia e Comunicação,2,1,1
09/2020,"Com. Var. de Merc. em Geral, com Pred. de Produtos Alim. - Superm.",1,0,1
09/2020,"Com. Var. de Produtos Farmac., com Manip. de Fórmulas",3,2,1
09/2020,Com. Var. de Outros Produtos não Especif. Ant.,3,0,3
09/2020,Com. Var. de Móveis,4,0,4
09/2020,Com. Var. Especial. de Equip. de Telefonia e Comunicação,3,1,2
09/2020,Com. a Var. de Peças e Acessórios Novos para Veíc. Autom.,0,1,-1
09/2020,Com. Var. de Animais Vivos e de Art. e Alimentos para Animais de Estimação,1,2,-1
09/2020,Com. a Var. de Peças e Acessórios Novos para Veíc. Autom.,1,1,0
09/2020,Com. Var. de Calçados,0,1,-1
09/2020,Com. Var. de Animais Vivos e de Art. e Alimentos para Animais de Estimação,0,1,-1
09/2020,Com. Var. de Art. do Vestuário e Acessórios,1,0,1
09/2020,Com. Var. de Art. de óptica,0,1,-1
09/2020,Com. Var. de Art. do Vestuário e Acessórios,1,1,0
09/2020,"Com. Atac. de Máquinas e Equip. para Uso Industrial, Partes e Peças",0,1,-1
09/2020,Com. Var. de Carnes - Açougues,2,0,2
09/2020,Com. Var. de Art. do Vestuário e Acessórios,0,1,-1
09/2020,Com. Var. de Hortifrutigranjeiros,2,0,2
09/2020,"Com. Var. de Produtos Farmac., sem Manip. de Fórmulas",1,2,-1
09/2020,Com. Var. de Art. do Vestuário e Acessórios,1,0,1
09/2020,Com. Var. de Móveis,2,0,2
09/2020,"Com. Var. de Merc. em Geral, com Pred. de Produtos Alim. - Minimercados, Mercearias e Armazéns",0,10,-10
09/2020,Serv. de Lanternagem ou Funilaria e Pintura de Veíc. Autom.,0,1,-1
09/2020,Com. Var. de Art. de Viagem,0,1,-1
09/2020,Com. Var. Especial. de Eletrod. e Equip. de áudio e Vídeo,3,1,2
09/2020,Com. Var. de Carnes - Açougues,1,1,0
09/2020,Com. Var. de Art. de óptica,0,1,-1
09/2020,Com. Atac. de Componentes Eletrônicos e Equip. de Telefonia e Comunicação,2,1,1
09/2020,Com. Var. Especial. de Equip. de Telefonia e Comunicação,0,1,-1
09/2020,Com. a Var. de Peças e Acessórios Novos para Veíc. Autom.,1,0,1
09/2020,"Lojas de Variedades, Exceto Lojas de Dep. ou Magazines",1,1,0
09/2020,Com. a Var. de Pneumáticos e Câmaras-De-Ar,2,3,-1
09/2020,Serv. de Manutenção e Reparação Mecânica de Veíc. Autom.,0,1,-1
09/2020,Padaria e Confeitaria com Pred. de Revenda,1,2,-1
09/2020,Com. Var. de Art. do Vestuário e Acessórios,1,0,1
09/2020,Com. Var. de Plantas e Flores Naturais,2,0,2
09/2020,Com. Var. de Móveis,0,2,-2
09/2020,Com. Var. de Art. do Vestuário e Acessórios,0,1,-1
09/2020,Padaria e Confeitaria com Pred. de Revenda,0,1,-1
09/2020,Serv. de Manutenção e Reparação Mecânica de Veíc. Autom.,1,1,0
09/2020,"Com. Atac. de Máquinas e Equip. para Uso Industrial, Partes e Peças",0,1,-1
09/2020,Com. Var. de Art. do Vestuário e Acessórios,0,1,-1
09/2020,"Com. Var. de Merc. em Geral, com Pred. de Produtos Alim. - Minimercados, Mercearias e Armazéns",0,1,-1
09/2020,Com. Var. de Comb. para Veíc. Autom.,3,1,2
09/2020,"Com. Var. de Cosméticos, Produtos de Perfumaria e de Higiene Pessoal",1,1,0
09/2020,"Com. Atac. de Outras Máquinas e Equip. não Especif. Ant., Partes e Peças",10,5,5
09/2020,Com. Atac. de Ferragens e Ferramentas,0,2,-2
09/2020,Com. Var. de Móveis,0,1,-1
09/2020,Com. Var. de Mat. de Const. não Especif. Ant.,1,0,1
09/2020,Com. a Var. de Peças e Acessórios Novos para Veíc. Autom.,2,0,2
09/2020,Com. Var. de Plantas e Flores Naturais,3,0,3
09/2020,Com. Var. de Móveis,0,1,-1
09/2020,"Com. Atac. de Instrumentos e Mat. para Uso Médico, Cirúrgico, Hospitalar e de Laboratórios",5,2,3
09/2020,Com. Var. de Animais Vivos e de Art. e Alimentos para Animais de Estimação,0,1,-1
09/2020,Com. Var. de Outros Produtos não Especif. Ant.,1,0,1
09/2020,Com. Var. de Produtos Alim. em Geral ou Especial. em Produtos Alim. não Especif. Ant.,1,1,0
09/2020,Com. Var. de Comb. para Veíc. Autom.,1,3,-2
09/2020,Lojas de Dep. ou Magazines (Desativado),1,5,-4
09/2020,"Com. a Var. de Automóveis, Camionetas e Utilitários Novos",1,1,0
09/2020,Com. Var. de Ferragens e Ferramentas,2,0,2
09/2020,Serv. de Manutenção e Reparação Mecânica de Veíc. Autom.,1,0,1
09/2020,Com. Var. de Móveis,1,0,1
09/2020,Com. Atac. de Outros Equip. e Art. de Uso Pessoal e Doméstico não Especif. Ant.,0,1,-1
09/2020,Com. Var. de Móveis,1,0,1
09/2020,Com. Var. de Produtos Alim. em Geral ou Especial. em Produtos Alim. não Especif. Ant.,13,1,12
09/2020,Com. Var. de Outros Produtos não Especif. Ant.,1,0,1
09/2020,Com. Var. de Equip. para Escritório,0,1,-1
09/2020,Com. Atac. de Aparelhos Eletrônicos de Uso Pessoal e Doméstico,1,0,1
09/2020,Com. Var. de Outros Produtos não Especif. Ant.,0,1,-1
09/2020,Com. Var. de Mat. Hidráulicos,0,1,-1
09/2020,Com. Var. de Material Elétrico,0,1,-1
09/2020,Com. Atac. de Cosméticos e Produtos de Perfumaria,1,0,1
09/2020,Com. Var. de Móveis,1,0,1
09/2020,Com. Var. de Art. do Vestuário e Acessórios,0,1,-1
09/2020,Com. Var. de Bebidas,1,0,1
09/2020,Com. Var. de Art. de Joalheria,2,1,1
09/2020,Com. Var. de Art. de óptica,1,0,1
09/2020,"Com. Var. de Cosméticos, Produtos de Perfumaria e de Higiene Pessoal",3,1,2
09/2020,Com. Var. Especial. de Equip. e Suprimentos de Informática,1,0,1
09/2020,"Com. Atac. de Frutas, Verduras, Raízes, Tubérculos, Hortaliças e Legumes Frescos",1,3,-2
09/2020,"Com. Var. de Produtos Farmac., sem Manip. de Fórmulas",1,0,1
09/2020,Com. a Var. de Peças e Acessórios Novos para Veíc. Autom.,1,1,0
09/2020,"Com. Atac. de Frutas, Verduras, Raízes, Tubérculos, Hortaliças e Legumes Frescos",0,10,-10
09/2020,Com. a Var. de Peças e Acessórios Novos para Veíc. Autom.,2,3,-1
09/2020,Com. Var. de Art. de óptica,1,0,1
09/2020,"Com. Var. de Merc. em Geral, com Pred. de Produtos Alim. - Superm.",2,2,0
09/2020,Com. Atac. de Produtos Alim. em Geral,4,3,1
09/2020,Com. Var. Especial. de Eletrod. e Equip. de áudio e Vídeo,1,6,-5
09/2020,Com. a Var. de Peças e Acessórios Novos para Veíc. Autom.,0,1,-1
09/2020,"Com. Var. de Produtos Farmac., sem Manip. de Fórmulas",1,0,1
09/2020,Com. Var. de Móveis,3,0,3
09/2020,Com. Var. de Art. do Vestuário e Acessórios,2,0,2
09/2020,Com. Var. de Plantas e Flores Naturais,1,1,0
09/2020,Com. a Var. de Peças e Acessórios Novos para Veíc. Autom.,1,0,1
09/2020,Com. Var. de Art. do Vestuário e Acessórios,0,1,-1
09/2020,Com. a Var. de Pneumáticos e Câmaras-De-Ar,1,0,1
09/2020,Com. Var. de Hortifrutigranjeiros,0,1,-1
09/2020,"Com. Atac. de Frutas, Verduras, Raízes, Tubérculos, Hortaliças e Legumes Frescos",0,1,-1
09/2020,"Com. Var. de Cosméticos, Produtos de Perfumaria e de Higiene Pessoal",0,1,-1
09/2020,Com. Var. de Art. do Vestuário e Acessórios,1,0,1
09/2020,Com. Atac. de Cosméticos e Produtos de Perfumaria,1,1,0
09/2020,Com. Var. de Art. Médicos e Ortopédicos,1,0,1
09/2020,Com. Var. de Hortifrutigranjeiros,0,1,-1
09/2020,Com. a Var. de Peças e Acessórios para Motocicletas e Motonetas (Desativado),0,1,-1
09/2020,Com. a Var. de Peças e Acessórios Novos para Veíc. Autom.,1,0,1
09/2020,Com. Var. de Mat. de Const. não Especif. Ant.,0,1,-1
09/2020,Com. Var. de Outros Produtos não Especif. Ant.,1,0,1
09/2020,Com. Var. de Outros Produtos não Especif. Ant.,1,0,1
09/2020,Com. Var. de Art. de óptica,1,0,1
09/2020,Com. Var. de Art. de óptica,1,0,1
09/2020,Com. Var. de Hortifrutigranjeiros,0,1,-1
09/2020,"Lojas de Variedades, Exceto Lojas de Dep. ou Magazines",1,1,0
09/2020,Com. Var. de Laticínios e Frios,0,1,-1
09/2020,Com. Var. de Art. do Vestuário e Acessórios,0,1,-1
09/2020,Serv. de Borracharia para Veíc. Autom.,1,1,0
09/2020,Padaria e Confeitaria com Pred. de Revenda,1,1,0
09/2020,Com. Var. de Carnes - Açougues,4,0,4
09/2020,Com. Atac. de Embalagens,1,0,1
09/2020,"Com. Var. de Merc. em Geral, com Pred. de Produtos Alim. - Minimercados, Mercearias e Armazéns",0,1,-1
09/2020,Com. Var. de Produtos Alim. em Geral ou Especial. em Produtos Alim. não Especif. Ant.,0,1,-1
09/2020,Com. Var. de Art. do Vestuário e Acessórios,1,0,1
09/2020,Com. Var. de Animais Vivos e de Art. e Alimentos para Animais de Estimação,0,1,-1
09/2020,Com. Var. de Carnes - Açougues,1,0,1
09/2020,"Com. Atac. de Resíduos e Sucatas Não-Metálicos, Exceto de Papel e Papelão",2,5,-3
09/2020,"Com. Var. de Cosméticos, Produtos de Perfumaria e de Higiene Pessoal",1,0,1
09/2020,Lojas de Dep. ou Magazines (Desativado),0,1,-1
09/2020,Serv. de Manutenção e Reparação Elétrica de Veíc. Autom.,2,0,2
09/2020,Com. Var. de Merc. em Lojas de Conveniência,1,0,1
09/2020,"Com. Var. de Merc. em Geral, com Pred. de Produtos Alim. - Superm.",3,2,1
09/2020,Padaria e Confeitaria com Pred. de Revenda,0,1,-1
09/2020,Com. Var. de Art. do Vestuário e Acessórios,2,0,2
09/2020,Com. Var. de Produtos Alim. em Geral ou Especial. em Produtos Alim. não Especif. Ant.,0,1,-1
09/2020,"Lojas de Variedades, Exceto Lojas de Dep. ou Magazines",1,0,1
09/2020,"Com. Atac. de Frutas, Verduras, Raízes, Tubérculos, Hortaliças e Legumes Frescos",0,1,-1
09/2020,Com. Var. de Móveis,1,0,1
09/2020,Com. Var. de Carnes - Açougues,0,1,-1
09/2020,Com. Var. de Outros Produtos não Especif. Ant.,4,1,3
09/2020,Com. a Var. de Motocicletas e Motonetas Novas,1,0,1
09/2020,Com. Var. de Outros Produtos não Especif. Ant.,1,0,1
09/2020,Com. Var. de Produtos Alim. em Geral ou Especial. em Produtos Alim. não Especif. Ant.,1,0,1
09/2020,Com. Var. Especial. de Equip. de Telefonia e Comunicação,0,1,-1
09/2020,"Com. Var. de Merc. em Geral, com Pred. de Produtos Alim. - Minimercados, Mercearias e Armazéns",1,0,1
09/2020,Com. Var. de Outros Produtos não Especif. Ant.,2,0,2
09/2020,"Com. Var. de Cosméticos, Produtos de Perfumaria e de Higiene Pessoal",1,1,0
09/2020,Com. Var. de Art. do Vestuário e Acessórios,2,1,1
09/2020,Com. Var. de Art. do Vestuário e Acessórios,1,0,1
09/2020,Com. Var. de Art. do Vestuário e Acessórios,1,0,1
09/2020,Com. Var. de Art. do Vestuário e Acessórios,0,1,-1
09/2020,Com. Var. de Art. do Vestuário e Acessórios,0,1,-1
09/2020,Com. Var. de Art. do Vestuário e Acessórios,0,4,-4
09/2020,Com. Var. de Outros Produtos não Especif. Ant.,1,0,1
09/2020,Com. Var. de Mat. de Const. em Geral,1,1,0
09/2020,"Com. a Var. de Automóveis, Camionetas e Utilitários Novos",3,1,2
09/2020,Serv. de Manutenção e Reparação Elétrica de Veíc. Autom.,1,0,1
09/2020,Com. Var. de Bebidas,0,1,-1
09/2020,Com. a Var. de Peças e Acessórios Novos para Veíc. Autom.,0,1,-1
09/2020,Peixaria,2,1,1
09/2020,"Com. Atac. de Pães, Bolos, Biscoitos e Similares",1,0,1
09/2020,Com. Var. de Art. do Vestuário e Acessórios,1,0,1
09/2020,Com. Var. de Produtos Alim. em Geral ou Especial. em Produtos Alim. não Especif. Ant.,0,1,-1
09/2020,Com. Var. de Plantas e Flores Naturais,0,1,-1
09/2020,"Com. Var. de Merc. em Geral, com Pred. de Produtos Alim. - Hipermercados",10,7,3
09/2020,Com. Var. de Animais Vivos e de Art. e Alimentos para Animais de Estimação,0,1,-1
09/2020,"Com. Var. de Merc. em Geral, com Pred. de Produtos Alim. - Superm.",0,2,-2
09/2020,Com. Var. de Outros Produtos não Especif. Ant.,0,1,-1
09/2020,"Serv. de Lavagem, Lubrificação e Polimento de Veíc. Autom.",1,0,1
09/2020,Com. Var. de Art. do Vestuário e Acessórios,6,0,6
09/2020,Com. Var. de Art. do Vestuário e Acessórios,3,0,3
09/2020,Com. por Atacado de Pneumáticos e Câmaras-De-Ar,2,0,2
09/2020,"Lojas de Variedades, Exceto Lojas de Dep. ou Magazines",0,1,-1
09/2020,"Com. Var. de Cosméticos, Produtos de Perfumaria e de Higiene Pessoal",0,3,-3
09/2020,Com. Var. Especial. de Equip. de Telefonia e Comunicação,1,1,0
09/2020,Com. Atac. Especial. em Outros Produtos Alim. não Especif. Ant.,4,1,3
09/2020,Com. Var. de Produtos Alim. em Geral ou Especial. em Produtos Alim. não Especif. Ant.,1,0,1
09/2020,"Com. Var. de Doces, Balas, Bombons e Semelhantes",0,1,-1
09/2020,Com. Var. de Art. de óptica,0,1,-1
09/2020,"Com. Atac. de Art. do Vestuário e Acessórios, Exceto Profissionais e de Segurança",1,1,0
09/2020,Peixaria,1,0,1
09/2020,Com. Var. de Art. do Vestuário e Acessórios,0,1,-1
09/2020,Com. Var. de Plantas e Flores Naturais,0,1,-1
09/2020,"Com. Var. de Doces, Balas, Bombons e Semelhantes",1,1,0
09/2020,Com. Var. de Tintas e Mat. para Pintura,1,0,1
09/2020,Com. Var. de Material Elétrico,2,1,1
09/2020,Com. Var. de Art. Esportivos,2,1,1
09/2020,"Com. Var. de Merc. em Geral, com Pred. de Produtos Alim. - Minimercados, Mercearias e Armazéns",0,1,-1
09/2020,Com. Var. de Art. do Vestuário e Acessórios,1,0,1
09/2020,"Com. Var. de Merc. em Geral, com Pred. de Produtos Alim. - Superm.",1,0,1
09/2020,Com. a Var. de Peças e Acessórios Novos para Veíc. Autom.,2,0,2
09/2020,Com. Var. Especial. de Equip. de Telefonia e Comunicação,2,0,2
09/2020,Com. Var. de Art. de óptica,2,0,2
09/2020,"Com. Var. de Suvenires, Bijuterias e Artesanatos",0,1,-1
09/2020,Serv. de Borracharia para Veíc. Autom.,2,1,1
09/2020,"Com. Var. de Merc. em Geral, com Pred. de Produtos Alim. - Superm.",0,2,-2
09/2020,Com. Var. Especial. de Eletrod. e Equip. de áudio e Vídeo,7,1,6
09/2020,Com. Var. Especial. de Eletrod. e Equip. de áudio e Vídeo,50,40,10
09/2020,Com. Var. Especial. de Eletrod. e Equip. de áudio e Vídeo,7,2,5
09/2020,Com. Var. Especial. de Eletrod. e Equip. de áudio e Vídeo,7,4,3
09/2020,Com. Var. Especial. de Eletrod. e Equip. de áudio e Vídeo,2,1,1
09/2020,"Com. Var. de Merc. em Geral, com Pred. de Produtos Alim. - Minimercados, Mercearias e Armazéns",4,1,3
09/2020,"Com. Var. de Merc. em Geral, com Pred. de Produtos Alim. - Minimercados, Mercearias e Armazéns",5,1,4
09/2020,Com. Var. de Art. do Vestuário e Acessórios,2,2,0
09/2020,Com. Var. de Art. do Vestuário e Acessórios,2,1,1
09/2020,Com. Var. de Ferragens e Ferramentas,0,1,-1
09/2020,Com. Var. de Mat. de Const. não Especif. Ant.,1,1,0
09/2020,Com. Var. Especial. de Equip. de Telefonia e Comunicação,2,1,1
09/2020,"Com. a Var. de Automóveis, Camionetas e Utilitários Usados",0,1,-1
09/2020,Com. a Var. de Peças e Acessórios Novos para Veíc. Autom.,0,1,-1
09/2020,Com. Var. de Bebidas,1,0,1
09/2020,Com. Var. de Tintas e Mat. para Pintura,1,0,1
09/2020,"Com. Var. de Doces, Balas, Bombons e Semelhantes",1,0,1
09/2020,Com. Var. Especial. de Equip. de Telefonia e Comunicação,0,1,-1
09/2020,Com. Var. de Produtos Alim. em Geral ou Especial. em Produtos Alim. não Especif. Ant.,1,0,1
09/2020,Com. Var. de Art. Esportivos,1,1,0
09/2020,"Com. Atac. de Outras Máquinas e Equip. não Especif. Ant., Partes e Peças",6,6,0
09/2020,"Com. Atac. de Outras Máquinas e Equip. não Especif. Ant., Partes e Peças",1,5,-4
09/2020,Com. Var. de Merc. em Lojas de Conveniência,1,0,1
09/2020,"Com. Var. de Cosméticos, Produtos de Perfumaria e de Higiene Pessoal",2,1,1
09/2020,"Com. Var. de Cosméticos, Produtos de Perfumaria e de Higiene Pessoal",3,0,3
09/2020,Com. Var. de Calçados,1,0,1
09/2020,"Com. Var. de Produtos Farmac., sem Manip. de Fórmulas",0,2,-2
09/2020,"Serv. de Instalação, Manutenção e Reparação de Acessórios para Veíc. Autom.",1,0,1
09/2020,Com. Var. de Calçados,2,1,1
09/2020,"Lojas de Variedades, Exceto Lojas de Dep. ou Magazines",2,0,2
09/2020,Com. Var. de Art. do Vestuário e Acessórios,1,0,1
09/2020,Com. Var. de Mat. de Const. em Geral,1,0,1
09/2020,Com. Var. de Art. do Vestuário e Acessórios,0,1,-1
09/2020,"Com. Atac. de Frutas, Verduras, Raízes, Tubérculos, Hortaliças e Legumes Frescos",2,0,2
09/2020,"Com. Var. de Merc. em Geral, com Pred. de Produtos Alim. - Minimercados, Mercearias e Armazéns",3,0,3
09/2020,Com. Var. de Art. do Vestuário e Acessórios,1,0,1
09/2020,Com. Var. de Produtos Alim. em Geral ou Especial. em Produtos Alim. não Especif. Ant.,0,1,-1
09/2020,Com. Var. de Bebidas,1,2,-1
09/2020,Com. Var. de Outros Art. de Uso Doméstico não Especif. Ant.,5,0,5
09/2020,Com. Var. de Art. de Papelaria,2,0,2
09/2020,Com. Var. de Móveis,0,1,-1
09/2020,"Com. Var. de Produtos Farmac., sem Manip. de Fórmulas",2,0,2
09/2020,Com. Var. de Ferragens e Ferramentas,2,1,1
09/2020,Com. Var. de Outros Produtos não Especif. Ant.,3,0,3
09/2020,"Com. Var. de Suvenires, Bijuterias e Artesanatos",4,1,3
09/2020,Com. Var. de Produtos Alim. em Geral ou Especial. em Produtos Alim. não Especif. Ant.,1,0,1
09/2020,Serv. de Lanternagem ou Funilaria e Pintura de Veíc. Autom.,2,0,2
09/2020,"Com. Var. de Merc. em Geral, com Pred. de Produtos Alim. - Superm.",1,0,1
09/2020,Com. Atac. de Art. de Escritório e de Papelaria,1,2,-1
09/2020,Com. Var. Especial. de Eletrod. e Equip. de áudio e Vídeo,0,2,-2
09/2020,Com. Var. Especial. de Eletrod. e Equip. de áudio e Vídeo,0,1,-1
09/2020,Com. Var. de Outros Produtos não Especif. Ant.,0,2,-2
09/2020,Com. Var. de Mat. de Const. não Especif. Ant.,0,1,-1
09/2020,Com. a Var. de Peças e Acessórios Novos para Veíc. Autom.,1,0,1
09/2020,Com. Var. de Art. do Vestuário e Acessórios,0,3,-3
09/2020,Com. Var. de Calçados,0,2,-2
09/2020,"Com. Var. de Merc. em Geral, com Pred. de Produtos Alim. - Hipermercados",9,20,-11
09/2020,Com. Var. de Comb. para Veíc. Autom.,1,1,0
09/2020,"Com. Var. de Produtos Farmac., sem Manip. de Fórmulas",1,0,1
09/2020,Com. Var. de Mat. de Const. não Especif. Ant.,0,1,-1
09/2020,Com. Var. de Art. do Vestuário e Acessórios,1,3,-2
09/2020,Com. Var. de Madeira e Artefatos,0,2,-2
09/2020,Com. Atac. de Produtos Alim. em Geral,8,2,6
09/2020,Com. Var. de Móveis,0,1,-1
09/2020,Com. Var. de Comb. para Veíc. Autom.,1,1,0
09/2020,"Com. Var. de Merc. em Geral, com Pred. de Produtos Alim. - Superm.",0,6,-6
09/2020,"Com. Var. de Produtos Farmac., sem Manip. de Fórmulas",0,1,-1
09/2020,"Com. Var. de Merc. em Geral, com Pred. de Produtos Alim. - Superm.",0,4,-4
09/2020,Lojas de Dep. ou Magazines (Desativado),0,1,-1
09/2020,Lojas de Dep. ou Magazines (Desativado),1,0,1
09/2020,Com. Var. de Art. de óptica,1,0,1
09/2020,"Com. Var. de Merc. em Geral, com Pred. de Produtos Alim. - Minimercados, Mercearias e Armazéns",1,1,0
09/2020,Com. Var. de Comb. para Veíc. Autom.,1,1,0
09/2020,Com. Var. de Mat. de Const. em Geral,2,1,1
09/2020,Com. Var. de Comb. para Veíc. Autom.,0,1,-1
09/2020,"Com. Var. de Merc. em Geral, com Pred. de Produtos Alim. - Superm.",1,2,-1
09/2020,Com. Var. de Gás LiqüEfeito de Petróleo (Glp),1,0,1
09/2020,Com. Var. de Art. do Vestuário e Acessórios,0,1,-1
09/2020,Com. Var. de Tintas e Mat. para Pintura,0,1,-1
09/2020,"Com. Var. de Cosméticos, Produtos de Perfumaria e de Higiene Pessoal",0,2,-2
09/2020,"Com. Var. de Cosméticos, Produtos de Perfumaria e de Higiene Pessoal",2,1,1
09/2020,"Com. Var. de Art. de Caça, Pesca e Camping",1,0,1
09/2020,"Comercio Var. de Art. de Cama, Mesa e Banho",1,0,1
09/2020,"Com. Var. de Merc. em Geral, com Pred. de Produtos Alim. - Superm.",0,3,-3
09/2020,"Com. Var. de Merc. em Geral, com Pred. de Produtos Alim. - Minimercados, Mercearias e Armazéns",1,0,1
09/2020,Com. Var. de Mat. de Const. em Geral,1,1,0
09/2020,Com. a Var. de Peças e Acessórios Novos para Veíc. Autom.,0,1,-1
09/2020,Padaria e Confeitaria com Pred. de Revenda,0,1,-1
09/2020,Com. Atac. Especial. em Outros Produtos Intermediários não Especif. Ant.,1,1,0
09/2020,Com. Var. de Produtos Alim. em Geral ou Especial. em Produtos Alim. não Especif. Ant.,2,0,2
09/2020,Com. por Atacado de Caminhões Novos e Usados,2,2,0
09/2020,Com. Atac. de Ferragens e Ferramentas,0,2,-2
09/2020,"Com. Var. de Merc. em Geral, com Pred. de Produtos Alim. - Minimercados, Mercearias e Armazéns",0,1,-1
09/2020,Com. Var. Especial. de Eletrod. e Equip. de áudio e Vídeo,0,1,-1
09/2020,Padaria e Confeitaria com Pred. de Revenda,0,1,-1
09/2020,"Com. Var. de Bicicletas e Triciclos, Peças e Acessórios",0,1,-1
09/2020,Com. Var. de Comb. para Veíc. Autom.,2,0,2
09/2020,"Com. Var. de Merc. em Geral, com Pred. de Produtos Alim. - Superm.",0,1,-1
09/2020,"Com. Var. de Merc. em Geral, com Pred. de Produtos Alim. - Superm.",0,3,-3
09/2020,"Com. Var. de Merc. em Geral, com Pred. de Produtos Alim. - Superm.",0,2,-2
09/2020,"Com. Var. de Merc. em Geral, com Pred. de Produtos Alim. - Superm.",2,3,-1
09/2020,"Com. Var. de Merc. em Geral, com Pred. de Produtos Alim. - Superm.",8,4,4
09/2020,Com. Var. de Comb. para Veíc. Autom.,1,0,1
09/2020,"Com. Var. de Merc. em Geral, com Pred. de Produtos Alim. - Superm.",11,3,8
09/2020,"Com. Var. de Merc. em Geral, com Pred. de Produtos Alim. - Superm.",1,1,0
09/2020,"Com. Var. de Merc. em Geral, com Pred. de Produtos Alim. - Superm.",14,13,1
09/2020,"Com. Var. de Merc. em Geral, com Pred. de Produtos Alim. - Superm.",4,1,3
09/2020,"Com. Var. de Merc. em Geral, com Pred. de Produtos Alim. - Superm.",5,4,1
09/2020,"Com. Var. de Merc. em Geral, com Pred. de Produtos Alim. - Superm.",5,5,0
09/2020,"Com. Var. de Merc. em Geral, com Pred. de Produtos Alim. - Superm.",1,6,-5
09/2020,"Com. Var. de Merc. em Geral, com Pred. de Produtos Alim. - Superm.",7,5,2
09/2020,"Com. Var. de Merc. em Geral, com Pred. de Produtos Alim. - Superm.",13,18,-5
09/2020,"Com. a Var. de Automóveis, Camionetas e Utilitários Novos",2,3,-1
09/2020,Padaria e Confeitaria com Pred. de Revenda,0,1,-1
09/2020,Com. Var. de Mat. de Const. não Especif. Ant.,1,0,1
09/2020,Com. Var. de Mat. de Const. em Geral,0,1,-1
09/2020,"Com. Var. de Merc. em Geral, com Pred. de Produtos Alim. - Superm.",3,6,-3
09/2020,"Com. Var. de Merc. em Geral, com Pred. de Produtos Alim. - Superm.",1,5,-4
09/2020,"Com. Var. de Merc. em Geral, com Pred. de Produtos Alim. - Superm.",0,4,-4
09/2020,"Com. Var. de Merc. em Geral, com Pred. de Produtos Alim. - Superm.",1,2,-1
09/2020,"Com. Var. de Merc. em Geral, com Pred. de Produtos Alim. - Superm.",2,4,-2
09/2020,"Com. Atac. de Frutas, Verduras, Raízes, Tubérculos, Hortaliças e Legumes Frescos",8,1,7
09/2020,"Com. Var. de Produtos Farmac., sem Manip. de Fórmulas",0,1,-1
09/2020,Com. Var. de Outros Produtos não Especif. Ant.,2,0,2
09/2020,Com. Var. de Mat. de Const. em Geral,1,0,1
09/2020,Com. Atac. de Art. de Escritório e de Papelaria,0,2,-2
09/2020,"Com. Atac. de Máquinas, Aparelhos e Equip. para Uso Agropecuário, Partes e Peças",9,5,4
09/2020,Com. Var. de Ferragens e Ferramentas,1,0,1
09/2020,Com. Atac. de Produtos Alim. em Geral,0,1,-1
09/2020,Com. Var. de Calçados,2,1,1
09/2020,Com. Var. de Calçados,3,0,3
09/2020,"Com. Var. de Produtos Farmac., com Manip. de Fórmulas",10,5,5
09/2020,Comercio Var. de Art. de Armarinho,0,1,-1
09/2020,Com. a Var. de Peças e Acessórios Novos para Veíc. Autom.,0,3,-3
09/2020,Padaria e Confeitaria com Pred. de Revenda,1,0,1
09/2020,"Com. Var. de Produtos Farmac., sem Manip. de Fórmulas",1,0,1
09/2020,"Com. Var. de Produtos Farmac., sem Manip. de Fórmulas",0,1,-1
09/2020,Com. Var. de Animais Vivos e de Art. e Alimentos para Animais de Estimação,3,1,2
09/2020,"Com. Atac. de Outras Máquinas e Equip. não Especif. Ant., Partes e Peças",2,1,1
09/2020,Com. Var. de Produtos Farmac. Homeopáticos,0,1,-1
09/2020,Com. a Var. de Motocicletas e Motonetas Novas,0,1,-1
09/2020,Serv. de Manutenção e Reparação Mecânica de Veíc. Autom.,1,1,0
09/2020,"Com. Var. de Merc. em Geral, com Pred. de Produtos Alim. - Minimercados, Mercearias e Armazéns",1,0,1
09/2020,"Com. Atac. de Frutas, Verduras, Raízes, Tubérculos, Hortaliças e Legumes Frescos",0,2,-2
09/2020,"Com. Var. de Merc. em Geral, com Pred. de Produtos Alim. - Minimercados, Mercearias e Armazéns",3,1,2
09/2020,"Com. a Var. de Automóveis, Camionetas e Utilitários Novos",4,3,1
09/2020,Serv. de Manutenção e Reparação Mecânica de Veíc. Autom.,1,0,1
09/2020,Com. Var. de Equip. para Escritório,1,0,1
09/2020,"Com. Var. de Merc. em Geral, com Pred. de Produtos Alim. - Minimercados, Mercearias e Armazéns",1,0,1
09/2020,"Com. Var. de Merc. em Geral, com Pred. de Produtos Alim. - Minimercados, Mercearias e Armazéns",0,1,-1
09/2020,Com. Var. de Art. do Vestuário e Acessórios,1,0,1
09/2020,"Com. Atac. de Máquinas, Aparelhos e Equip. para Uso Agropecuário, Partes e Peças",6,3,3
09/2020,Com. Var. de Outros Produtos não Especif. Ant.,0,1,-1
09/2020,Com. Var. de Produtos Saneantes Domissanitários,0,1,-1
09/2020,"Com. Atac. de Bicicletas, Triciclos e Outros Veíc. Recreativos",0,1,-1
09/2020,Com. Var. de Art. de Papelaria,0,1,-1
09/2020,Com. Var. Especial. de Eletrod. e Equip. de áudio e Vídeo,6,2,4
09/2020,Com. Var. Especial. de Eletrod. e Equip. de áudio e Vídeo,1,2,-1
09/2020,Com. Atac. de Material Elétrico,0,1,-1
09/2020,Com. Var. de Mat. de Const. não Especif. Ant.,0,3,-3
09/2020,Com. Var. de Art. de Papelaria,1,1,0
09/2020,Com. a Var. de Peças e Acessórios Novos para Veíc. Autom.,0,1,-1
09/2020,Com. Var. de Art. de óptica,1,1,0
09/2020,Com. Var. de Laticínios e Frios,1,0,1
09/2020,"Com. Var. de Merc. em Geral, com Pred. de Produtos Alim. - Minimercados, Mercearias e Armazéns",0,2,-2
09/2020,Com. Var. de Brinquedos e Art. Recreativos,0,1,-1
09/2020,Padaria e Confeitaria com Pred. de Revenda,0,1,-1
09/2020,Com. Var. de Brinquedos e Art. Recreativos,1,2,-1
09/2020,"Com. Atac. de Cerveja, Chope e Refrigerante",7,4,3
09/2020,"Com. Var. de Cosméticos, Produtos de Perfumaria e de Higiene Pessoal",0,1,-1
09/2020,Com. Var. de Outros Produtos não Especif. Ant.,1,0,1
09/2020,Com. Var. de Comb. para Veíc. Autom.,1,0,1
09/2020,Com. Var. de Tintas e Mat. para Pintura,0,1,-1
09/2020,Com. Var. de Animais Vivos e de Art. e Alimentos para Animais de Estimação,0,1,-1
09/2020,Com. Var. de Comb. para Veíc. Autom.,0,2,-2
09/2020,Com. Var. de Vidros,1,1,0
09/2020,Com. Var. de Madeira e Artefatos,1,0,1
09/2020,Com. por Atacado de Peças e Acessórios Novos para Veíc. Autom.,1,1,0
09/2020,"Com. Var. de Produtos Farmac., sem Manip. de Fórmulas",1,1,0
09/2020,Com. Var. de Mat. de Const. não Especif. Ant.,1,1,0
09/2020,Com. Atac. de Aves Vivas e Ovos,1,0,1
09/2020,Com. Atac. de Aves Vivas e Ovos,0,2,-2
09/2020,"Lojas de Dep. ou Magazines, Exceto Lojas Francas (Duty Free)",2,5,-3
09/2020,Com. Atac. de Cosméticos e Produtos de Perfumaria,0,1,-1
09/2020,Comercio Var. de Art. de Armarinho,0,1,-1
09/2020,"Com. Atac. de Cerveja, Chope e Refrigerante",5,4,1
09/2020,"Com. Var. de Merc. em Geral, com Pred. de Produtos Alim. - Superm.",3,5,-2
09/2020,"Com. Var. de Produtos Farmac., sem Manip. de Fórmulas",0,1,-1
09/2020,"Com. Var. de Produtos Farmac., sem Manip. de Fórmulas",1,0,1
09/2020,"Com. Var. de Produtos Farmac., sem Manip. de Fórmulas",1,1,0
09/2020,"Com. Var. de Produtos Farmac., sem Manip. de Fórmulas",0,1,-1
09/2020,"Com. Atac. de Instrumentos e Mat. para Uso Médico, Cirúrgico, Hospitalar e de Laboratórios",1,1,0
09/2020,Com. Var. de Comb. para Veíc. Autom.,0,1,-1
09/2020,"Com. Var. de Produtos Farmac., sem Manip. de Fórmulas",1,0,1
09/2020,"Com. Var. de Produtos Farmac., sem Manip. de Fórmulas",1,1,0
09/2020,"Com. Var. de Produtos Farmac., sem Manip. de Fórmulas",1,0,1
09/2020,"Com. Var. de Produtos Farmac., sem Manip. de Fórmulas",1,0,1
09/2020,"Com. Var. de Produtos Farmac., sem Manip. de Fórmulas",1,0,1
09/2020,"Com. Var. de Produtos Farmac., sem Manip. de Fórmulas",0,1,-1
09/2020,"Com. Var. de Produtos Farmac., sem Manip. de Fórmulas",1,0,1
09/2020,"Com. Var. de Produtos Farmac., sem Manip. de Fórmulas",1,0,1
09/2020,"Com. Var. de Produtos Farmac., sem Manip. de Fórmulas",1,0,1
09/2020,"Com. Var. de Produtos Farmac., sem Manip. de Fórmulas",1,0,1
09/2020,"Com. Var. de Produtos Farmac., sem Manip. de Fórmulas",1,0,1
09/2020,"Com. Var. de Produtos Farmac., sem Manip. de Fórmulas",1,1,0
09/2020,"Com. Var. de Produtos Farmac., sem Manip. de Fórmulas",0,1,-1
09/2020,"Com. Atac. de Cerveja, Chope e Refrigerante",6,2,4
09/2020,Com. Var. de Vidros,0,1,-1
09/2020,Com. Var. de Tintas e Mat. para Pintura,0,1,-1
09/2020,"Com. Atac. de Vidros, Espelhos e Vitrais",1,0,1
09/2020,Com. Var. de Plantas e Flores Naturais,3,0,3
09/2020,Com. Var. de Mat. de Const. em Geral,4,2,2
09/2020,Com. por Atacado de Peças e Acessórios Novos para Veíc. Autom.,1,1,0
09/2020,"Comercio Var. de Art. de Cama, Mesa e Banho",0,1,-1
09/2020,"Com. Atac. de Produtos de Higiene, Limpeza e Conservação Domiciliar",0,1,-1
09/2020,Com. Var. de Outros Produtos não Especif. Ant.,0,1,-1
09/2020,"Com. Var. de Merc. em Geral, com Pred. de Produtos Alim. - Superm.",20,26,-6
09/2020,Com. Var. de Art. de Joalheria,2,0,2
09/2020,"Com. Var. de Produtos Farmac., com Manip. de Fórmulas",0,1,-1
09/2020,Com. Var. de Art. Médicos e Ortopédicos,1,0,1
09/2020,"Com. Var. de Produtos Farmac., sem Manip. de Fórmulas",1,1,0
09/2020,Com. Var. de Móveis,0,1,-1
09/2020,Com. Var. de Mat. de Const. não Especif. Ant.,1,0,1
09/2020,"Com. Var. de Merc. em Geral, com Pred. de Produtos Alim. - Superm.",0,1,-1
09/2020,Com. Var. de Produtos Alim. em Geral ou Especial. em Produtos Alim. não Especif. Ant.,0,1,-1
09/2020,Com. Var. de Outros Produtos não Especif. Ant.,1,0,1
09/2020,Com. Var. de Mat. de Const. não Especif. Ant.,3,3,0
09/2020,Com. Atac. de Matérias-Primas Agrícolas não Especificadas Ant.,14,0,14
09/2020,Padaria e Confeitaria com Pred. de Revenda,0,1,-1
09/2020,Com. Var. de Animais Vivos e de Art. e Alimentos para Animais de Estimação,1,0,1
09/2020,"Com. Var. de Produtos Farmac., com Manip. de Fórmulas",3,3,0
09/2020,"Com. a Var. de Automóveis, Camionetas e Utilitários Novos",1,2,-1
09/2020,Com. Var. de Tintas e Mat. para Pintura,1,1,0
09/2020,Com. Var. de Tintas e Mat. para Pintura,1,0,1
09/2020,Com. Var. de Tintas e Mat. para Pintura,2,0,2
09/2020,Com. Var. de Mat. de Const. não Especif. Ant.,1,0,1
09/2020,Com. Var. de Ferragens e Ferramentas,0,1,-1
09/2020,Com. a Var. de Peças e Acessórios Novos para Veíc. Autom.,1,0,1
09/2020,Com. Var. de Outros Produtos não Especif. Ant.,0,1,-1
09/2020,"Com. Atac. de Merc. em Geral, com Pred. de Insumos Agropecuários",5,3,2
09/2020,"Serv. de Lavagem, Lubrificação e Polimento de Veíc. Autom.",1,1,0
09/2020,"Com. Atac. de Cerveja, Chope e Refrigerante",0,6,-6
09/2020,Com. Var. de Outros Produtos não Especif. Ant.,1,0,1
09/2020,Com. Var. de Ferragens e Ferramentas,1,0,1
09/2020,"Com. Var. de Merc. em Geral, com Pred. de Produtos Alim. - Superm.",0,1,-1
09/2020,"Com. Var. de Produtos Farmac., sem Manip. de Fórmulas",1,0,1
09/2020,"Com. Var. de Merc. em Geral, com Pred. de Produtos Alim. - Hipermercados",24,14,10
09/2020,Com. Atac. de Ferragens e Ferramentas,6,2,4
09/2020,Com. Var. de Art. do Vestuário e Acessórios,1,1,0
09/2020,Com. a Var. de Peças e Acessórios Novos para Veíc. Autom.,2,1,1
09/2020,"Com. Var. de Merc. em Geral, com Pred. de Produtos Alim. - Hipermercados",1,8,-7
09/2020,Com. Atac. Especial. de Mat. de Const. não Especif. Ant.,1,2,-1
09/2020,Com. Var. de Art. de Joalheria,2,1,1
09/2020,Com. Var. de Art. de Joalheria,1,0,1
09/2020,"Com. Atac. de Máquinas, Aparelhos e Equip. para Uso Agropecuário, Partes e Peças",3,0,3
09/2020,Com. Var. Especial. de Equip. e Suprimentos de Informática,1,0,1
09/2020,Com. Var. de Ferragens e Ferramentas,6,1,5
09/2020,Com. Var. de Art. do Vestuário e Acessórios,0,2,-2
09/2020,Com. Var. de Art. do Vestuário e Acessórios,2,0,2
09/2020,Com. Atac. de Roupas e Acessórios para Uso Profissional e de Segurança do Trabalho,1,1,0
09/2020,Com. Var. Especial. de Equip. de Telefonia e Comunicação,1,0,1
02/2021,Com. Var. Especial. de Equip. e Suprimentos de Informática,1,1,0
02/2021,"Com. Atac. de Frutas, Verduras, Raízes, Tubérculos, Hortaliças e Legumes Frescos",1,0,1
02/2021,Com. Var. de Mat. de Const. não Especif. Ant.,0,1,-1
02/2021,Com. Var. de Mat. de Const. não Especif. Ant.,1,0,1
02/2021,Com. Atac. de Ferragens e Ferramentas,1,0,1
02/2021,Com. Var. de Outros Produtos não Especif. Ant.,0,1,-1
02/2021,Com. Var. de Lubrificantes,1,0,1
02/2021,"Com. Var. Especial. de Peças e Acessórios para Aparelhos Eletroeletrônicos para Uso Doméstico, Exceto Informática e Comunicação",0,1,-1
02/2021,Com. Var. Especial. de Eletrod. e Equip. de áudio e Vídeo,4,6,-2
02/2021,Com. Var. Especial. de Eletrod. e Equip. de áudio e Vídeo,1,0,1
02/2021,Com. Var. de Outros Produtos não Especif. Ant.,0,1,-1
02/2021,Com. Var. de Madeira e Artefatos,0,1,-1
02/2021,Com. Atac. de Ferragens e Ferramentas,0,1,-1
02/2021,Com. Var. de Outros Produtos não Especif. Ant.,0,1,-1
02/2021,Padaria e Confeitaria com Pred. de Revenda,0,1,-1
02/2021,"Com. Var. de Cosméticos, Produtos de Perfumaria e de Higiene Pessoal",0,1,-1
02/2021,"Com. Atac. de Frutas, Verduras, Raízes, Tubérculos, Hortaliças e Legumes Frescos",1,1,0
02/2021,"Com. Var. de Art. de Caça, Pesca e Camping",1,0,1
02/2021,"Com. Var. de Produtos Farmac., com Manip. de Fórmulas",0,1,-1
02/2021,Com. a Var. de Pneumáticos e Câmaras-De-Ar,2,0,2
02/2021,Com. Var. de Outros Produtos não Especif. Ant.,1,0,1
02/2021,Com. Var. de Outros Produtos não Especif. Ant.,0,3,-3
02/2021,"Com. Var. de Merc. em Geral, com Pred. de Produtos Alim. - Hipermercados",11,9,2
02/2021,"Com. a Var. de Automóveis, Camionetas e Utilitários Novos",5,8,-3
02/2021,Com. Var. de Material Elétrico,2,1,1
02/2021,Com. Atac. de Medicamentos e Drogas de Uso Humano,35,34,1
02/2021,"Com. Var. de Produtos Farmac., sem Manip. de Fórmulas",1,0,1
02/2021,Com. Var. de Art. Esportivos,0,1,-1
02/2021,Padaria e Confeitaria com Pred. de Revenda,3,1,2
02/2021,Com. Var. de Art. do Vestuário e Acessórios,0,1,-1
02/2021,Com. Atac. Especial. em Outros Produtos Intermediários não Especif. Ant.,2,2,0
02/2021,Com. Atac. de Componentes Eletrônicos e Equip. de Telefonia e Comunicação,7,3,4
02/2021,"Com. Var. de Cosméticos, Produtos de Perfumaria e de Higiene Pessoal",1,1,0
02/2021,"Com. Atac. de Produtos da Extração Mineral, Exceto Comb.",2,0,2
02/2021,Com. Var. Especial. de Equip. e Suprimentos de Informática,2,0,2
02/2021,Com. a Var. de Peças e Acessórios Novos para Veíc. Autom.,1,1,0
02/2021,Com. Var. de Ferragens e Ferramentas,0,1,-1
02/2021,Com. Atac. de Produtos Alim. em Geral,3,2,1
02/2021,Com. Var. de Art. do Vestuário e Acessórios,0,1,-1
02/2021,Com. Var. de Outros Produtos não Especif. Ant.,0,1,-1
02/2021,"Com. Var. de Merc. em Geral, com Pred. de Produtos Alim. - Minimercados, Mercearias e Armazéns",0,1,-1
02/2021,Com. Var. de Outros Produtos não Especif. Ant.,4,0,4
02/2021,Com. a Var. de Peças e Acessórios Novos para Veíc. Autom.,0,1,-1
02/2021,Com. Atac. de Resíduos e Sucatas Metálicos,3,0,3
02/2021,Com. Atac. de Carnes Bovinas e Suínas e Derivados,1,5,-4
02/2021,Com. Var. Especial. de Equip. de Telefonia e Comunicação,1,1,0
02/2021,"Com. Var. de Merc. em Geral, com Pred. de Produtos Alim. - Minimercados, Mercearias e Armazéns",1,1,0
02/2021,Com. Var. Especial. de Equip. e Suprimentos de Informática,0,1,-1
02/2021,"Com. Var. de Bicicletas e Triciclos, Peças e Acessórios",1,0,1
02/2021,Com. por Atacado de Peças e Acessórios Novos para Veíc. Autom.,2,2,0
02/2021,"Com. Var. de Merc. em Geral, com Pred. de Produtos Alim. - Minimercados, Mercearias e Armazéns",1,1,0
02/2021,Com. por Atacado de Pneumáticos e Câmaras-De-Ar,0,3,-3
02/2021,"Com. Var. de Cosméticos, Produtos de Perfumaria e de Higiene Pessoal",0,1,-1
02/2021,Com. Var. de Outros Art. de Uso Doméstico não Especif. Ant.,1,0,1
02/2021,Com. Var. de Brinquedos e Art. Recreativos,0,1,-1
02/2021,Com. Var. de Art. Esportivos,1,3,-2
02/2021,Com. Var. de Comb. para Veíc. Autom.,1,1,0
02/2021,Com. Var. de Móveis,1,1,0
02/2021,Com. Var. de Art. do Vestuário e Acessórios,0,1,-1
02/2021,Com. Var. de Art. do Vestuário e Acessórios,0,1,-1
02/2021,Com. a Var. de Motocicletas e Motonetas Usadas,2,0,2
02/2021,"Com. a Var. de Automóveis, Camionetas e Utilitários Novos",1,4,-3
02/2021,"Representantes Comerciais e Agentes do Com. de Máquinas, Equip., Embarcações e Aeronaves",0,1,-1
02/2021,Com. Var. de Comb. para Veíc. Autom.,1,2,-1
02/2021,Com. Var. de Móveis,1,0,1
02/2021,Com. Var. de Móveis,0,3,-3
02/2021,Representantes Comerciais e Agentes do Com. de Merc. em Geral não Especial.,0,1,-1
02/2021,Com. Var. de Comb. para Veíc. Autom.,1,0,1
02/2021,Com. a Var. de Peças e Acessórios para Motocicletas e Motonetas (Desativado),1,1,0
02/2021,"Com. Var. de Merc. em Geral, com Pred. de Produtos Alim. - Minimercados, Mercearias e Armazéns",1,0,1
02/2021,"Com. a Var. de Automóveis, Camionetas e Utilitários Novos",1,0,1
02/2021,Com. Atac. de Outros Produtos Químicos e Petroquímicos não Especif. Ant.,1,0,1
02/2021,Serv. de Manutenção e Reparação Mecânica de Veíc. Autom.,0,1,-1
02/2021,Com. a Var. de Pneumáticos e Câmaras-De-Ar,0,1,-1
02/2021,Com. Var. de Art. do Vestuário e Acessórios,0,2,-2
02/2021,Com. Var. de Comb. para Veíc. Autom.,0,1,-1
02/2021,Com. Var. de Carnes - Açougues,3,0,3
02/2021,Com. Var. de Gás LiqüEfeito de Petróleo (Glp),1,0,1
02/2021,Com. Var. de Móveis,0,1,-1
02/2021,Com. Var. de Art. do Vestuário e Acessórios,0,1,-1
02/2021,Com. Var. de Art. de Colchoaria,0,1,-1
02/2021,Com. Var. de Art. de Colchoaria,0,1,-1
02/2021,"Comercio Var. de Art. de Cama, Mesa e Banho",0,2,-2
02/2021,"Com. Atac. de Tintas, Vernizes e Similares",0,2,-2
02/2021,"Com. Var. de Suvenires, Bijuterias e Artesanatos",1,0,1
02/2021,"Com. Var. de Suvenires, Bijuterias e Artesanatos",1,0,1
02/2021,Com. Var. de Outros Produtos não Especif. Ant.,1,0,1
02/2021,"Com. Var. de Produtos Farmac., com Manip. de Fórmulas",0,2,-2
02/2021,Com. Var. de Comb. para Veíc. Autom.,0,2,-2
02/2021,Com. Var. Especial. de Equip. de Telefonia e Comunicação,1,0,1
02/2021,Com. Var. Especial. de Equip. de Telefonia e Comunicação,0,2,-2
02/2021,Com. Var. Especial. de Equip. de Telefonia e Comunicação,0,2,-2
02/2021,Com. Atac. de Produtos Alim. em Geral,1,0,1
02/2021,Com. Var. de Outros Produtos não Especif. Ant.,1,0,1
02/2021,Com. Atac. de Cosméticos e Produtos de Perfumaria,1,3,-2
02/2021,Com. Var. de Animais Vivos e de Art. e Alimentos para Animais de Estimação,0,1,-1
02/2021,Com. Var. de Animais Vivos e de Art. e Alimentos para Animais de Estimação,1,0,1
02/2021,"Com. Var. de Cosméticos, Produtos de Perfumaria e de Higiene Pessoal",0,2,-2
02/2021,Com. Var. de Outros Art. de Uso Doméstico não Especif. Ant.,1,1,0
02/2021,Com. Var. de Mat. de Const. em Geral,3,1,2
02/2021,"Com. Var. de Produtos Farmac., com Manip. de Fórmulas",1,0,1
02/2021,Com. Var. de Art. do Vestuário e Acessórios,1,3,-2
02/2021,Com. Var. de Bebidas,0,1,-1
02/2021,"Com. Var. de Merc. em Geral, com Pred. de Produtos Alim. - Superm.",1,0,1
02/2021,"Com. Var. de Merc. em Geral, com Pred. de Produtos Alim. - Superm.",0,1,-1
02/2021,"Serv. de Lavagem, Lubrificação e Polimento de Veíc. Autom.",3,1,2
02/2021,Com. Var. de Móveis,0,2,-2
02/2021,"Representantes Comerciais e Agentes do Com. de Madeira, Material de Const. e Ferragens",1,0,1
02/2021,Com. Var. de Mat. de Const. não Especif. Ant.,1,3,-2
02/2021,"Com. Var. de Doces, Balas, Bombons e Semelhantes",0,1,-1
02/2021,Com. Var. de Outros Produtos não Especif. Ant.,1,0,1
02/2021,Com. Var. de Comb. para Veíc. Autom.,2,0,2
02/2021,Com. Var. de Mat. de Const. não Especif. Ant.,1,1,0
02/2021,Com. Atac. de Sorvetes,8,5,3
02/2021,Com. Atac. de Outros Equip. e Art. de Uso Pessoal e Doméstico não Especif. Ant.,0,5,-5
02/2021,Com. varejista especializado de equipamentos e suprimentos de informática,0,3,-3
02/2021,Com. Var. de Art. de óptica,0,1,-1
02/2021,Com. Atac. de Ferragens e Ferramentas,0,5,-5
02/2021,Com. Var. de Material Elétrico,1,1,0
02/2021,Serv. de Manutenção e Reparação Mecânica de Veíc. Autom.,1,1,0
02/2021,Com. Var. de Art. do Vestuário e Acessórios,0,1,-1
02/2021,Com. Var. de Plantas e Flores Naturais,1,0,1
02/2021,Com. por Atacado de Peças e Acessórios para Motocicletas e Motonetas,1,0,1
02/2021,"Com. Var. de Merc. em Geral, com Pred. de Produtos Alim. - Minimercados, Mercearias e Armazéns",0,1,-1
02/2021,Com. Var. de Art. de Viagem,1,0,1
02/2021,"Com. a Var. de Automóveis, Camionetas e Utilitários Novos",4,2,2
02/2021,Com. Var. de Vidros,1,1,0
02/2021,Com. Var. Especial. de Eletrod. e Equip. de áudio e Vídeo,1,1,0
02/2021,Com. Var. de Comb. para Veíc. Autom.,2,3,-1
02/2021,Com. Atac. de Produtos Alim. em Geral,7,12,-5
02/2021,Com. Var. de Produtos Alim. em Geral ou Especial. em Produtos Alim. não Especif. Ant.,0,1,-1
02/2021,Com. Var. de Comb. para Veíc. Autom.,1,1,0
02/2021,Com. Var. de Calçados,1,3,-2
02/2021,Com. Var. de Equip. para Escritório,0,1,-1
02/2021,"Com. a Var. de Automóveis, Camionetas e Utilitários Usados",1,0,1
02/2021,Com. Var. de Mat. de Const. não Especif. Ant.,1,0,1
02/2021,Com. Var. de Comb. para Veíc. Autom.,1,0,1
02/2021,Com. Var. de Art. do Vestuário e Acessórios,1,0,1
02/2021,Com. Var. de Plantas e Flores Naturais,0,1,-1
02/2021,Com. Var. de Comb. para Veíc. Autom.,2,0,2
02/2021,Com. Var. de Outros Art. de Uso Doméstico não Especif. Ant.,1,0,1
02/2021,Serv. de Manutenção e Reparação Mecânica de Veíc. Autom.,0,1,-1
02/2021,Com. Var. de Equip. para Escritório,6,2,4
02/2021,Com. Var. Especial. de Eletrod. e Equip. de áudio e Vídeo,1,1,0
02/2021,Com. Var. de Mat. de Const. não Especif. Ant.,2,0,2
02/2021,Com. Var. de Hortifrutigranjeiros,10,16,-6
02/2021,Com. Var. de Hortifrutigranjeiros,4,2,2
02/2021,"Com. a Var. de Automóveis, Camionetas e Utilitários Novos",0,1,-1
02/2021,Com. Atac. de Ferragens e Ferramentas,0,1,-1
02/2021,"Com. Var. de Merc. em Geral, com Pred. de Produtos Alim. - Minimercados, Mercearias e Armazéns",2,1,1
02/2021,Com. Var. de Comb. para Veíc. Autom.,1,0,1
02/2021,Com. Var. de Ferragens e Ferramentas,1,0,1
02/2021,Com. Var. de Produtos Alim. em Geral ou Especial. em Produtos Alim. não Especif. Ant.,3,1,2
02/2021,Com. Var. de Art. do Vestuário e Acessórios,1,0,1
02/2021,Com. Var. Especial. de Equip. e Suprimentos de Informática,2,0,2
02/2021,Com. a Var. de Peças e Acessórios Novos para Veíc. Autom.,7,2,5
02/2021,Com. Var. de Comb. para Veíc. Autom.,2,0,2
02/2021,Com. Var. de Calçados,0,1,-1
02/2021,Com. Var. de Hortifrutigranjeiros,0,1,-1
02/2021,"Com. a Var. de Automóveis, Camionetas e Utilitários Novos",7,5,2
02/2021,Com. Var. de Art. do Vestuário e Acessórios,1,1,0
02/2021,Com. Atac. de Resíduos e Sucatas Metálicos,1,0,1
02/2021,Com. Var. de Produtos Alim. em Geral ou Especial. em Produtos Alim. não Especif. Ant.,1,1,0
02/2021,Com. Var. de Outros Produtos não Especif. Ant.,1,0,1
02/2021,Com. Var. de Carnes - Açougues,1,0,1
02/2021,Com. Var. de Art. do Vestuário e Acessórios,0,1,-1
02/2021,Serv. de Manutenção e Reparação Mecânica de Veíc. Autom.,0,1,-1
02/2021,Comercio Var. de Art. de Armarinho,0,2,-2
02/2021,Com. Var. de Art. do Vestuário e Acessórios,1,0,1
02/2021,Com. Var. de Madeira e Artefatos,1,0,1
02/2021,"Com. Var. de Cosméticos, Produtos de Perfumaria e de Higiene Pessoal",0,1,-1
02/2021,Com. a Var. de Motocicletas e Motonetas Novas,1,2,-1
02/2021,Com. Var. de Livros,1,0,1
02/2021,Com. Var. de Art. de óptica,1,0,1
02/2021,Padaria e Confeitaria com Pred. de Revenda,0,1,-1
02/2021,"Com. Atac. de Resíduos e Sucatas Não-Metálicos, Exceto de Papel e Papelão",1,0,1
02/2021,"Com. Var. de Merc. em Geral, com Pred. de Produtos Alim. - Superm.",7,16,-9
02/2021,Com. Var. de Art. de óptica,0,1,-1
02/2021,Com. Var. Especial. de Eletrod. e Equip. de áudio e Vídeo,2,1,1
02/2021,Com. Atac. de Outros Equip. e Art. de Uso Pessoal e Doméstico não Especif. Ant.,2,1,1
02/2021,"Com. Var. de Produtos Farmac., sem Manip. de Fórmulas",1,0,1
02/2021,Com. Var. Especial. de Equip. e Suprimentos de Informática,0,1,-1
02/2021,Com. Var. de Outros Art. de Uso Doméstico não Especif. Ant.,1,0,1
02/2021,Com. Var. de Móveis,1,0,1
02/2021,Com. Var. de Mat. de Const. em Geral,1,0,1
02/2021,Com. Var. de Tintas e Mat. para Pintura,1,1,0
02/2021,Com. Atac. de Produtos Alim. em Geral,0,1,-1
02/2021,Com. Var. de Tintas e Mat. para Pintura,2,0,2
02/2021,Com. Var. de Outros Art. de Uso Doméstico não Especif. Ant.,2,2,0
02/2021,Com. Var. de Outros Art. de Uso Doméstico não Especif. Ant.,0,3,-3
02/2021,Com. Var. de Outros Art. de Uso Doméstico não Especif. Ant.,0,3,-3
02/2021,Com. Var. de Outros Art. de Uso Doméstico não Especif. Ant.,8,5,3
02/2021,Com. Atac. de Outros Equip. e Art. de Uso Pessoal e Doméstico não Especif. Ant.,2,9,-7
02/2021,Com. Var. de Livros,2,2,0
02/2021,Serv. de Manutenção e Reparação Mecânica de Veíc. Autom.,2,1,1
02/2021,Com. Var. de Madeira e Artefatos,1,0,1
02/2021,"Com. Var. de Merc. em Geral, com Pred. de Produtos Alim. - Minimercados, Mercearias e Armazéns",10,3,7
02/2021,"Com. Var. de Merc. em Geral, com Pred. de Produtos Alim. - Superm.",0,3,-3
02/2021,"Com. Var. de Merc. em Geral, com Pred. de Produtos Alim. - Hipermercados",13,7,6
02/2021,"Com. a Var. de Automóveis, Camionetas e Utilitários Usados",1,0,1
02/2021,Com. Var. Especial. de Equip. e Suprimentos de Informática,1,1,0
02/2021,Com. Var. Especial. de Eletrod. e Equip. de áudio e Vídeo,0,1,-1
02/2021,Com. Var. de Plantas e Flores Naturais,0,1,-1
02/2021,Com. Var. de Art. do Vestuário e Acessórios,1,0,1
02/2021,Com. Var. de Outros Art. de Uso Doméstico não Especif. Ant.,4,1,3
02/2021,Com. a Var. de Peças e Acessórios Novos para Veíc. Autom.,1,1,0
02/2021,"Com. Var. de Suvenires, Bijuterias e Artesanatos",0,1,-1
02/2021,Padaria e Confeitaria com Pred. de Revenda,0,1,-1
02/2021,Com. Var. de Mat. de Const. em Geral,0,1,-1
02/2021,Com. Var. de Carnes - Açougues,0,1,-1
02/2021,"Com. Var. de Merc. em Geral, com Pred. de Produtos Alim. - Minimercados, Mercearias e Armazéns",3,4,-1
02/2021,Com. Var. de Plantas e Flores Naturais,4,1,3
02/2021,Com. Atac. de Resíduos de Papel e Papelão,1,0,1
02/2021,Com. Var. de Art. Esportivos,1,3,-2
02/2021,Com. Var. de Brinquedos e Art. Recreativos,0,1,-1
02/2021,"Com. Atac. de Frutas, Verduras, Raízes, Tubérculos, Hortaliças e Legumes Frescos",2,0,2
02/2021,"Com. Var. de Merc. em Geral, com Pred. de Produtos Alim. - Superm.",24,14,10
02/2021,"Com. Var. de Bicicletas e Triciclos, Peças e Acessórios",2,0,2
02/2021,Com. Var. de Comb. para Veíc. Autom.,1,2,-1
02/2021,Com. Var. de Art. do Vestuário e Acessórios,0,1,-1
02/2021,Com. Var. de Móveis,2,0,2
02/2021,Com. Var. de Art. do Vestuário e Acessórios,1,0,1
02/2021,Com. a Var. de Peças e Acessórios Novos para Veíc. Autom.,1,0,1
02/2021,Com. Var. de Art. do Vestuário e Acessórios,0,6,-6
02/2021,Com. Var. de Art. do Vestuário e Acessórios,0,1,-1
02/2021,Com. Var. de Art. de óptica,0,1,-1
02/2021,"Com. Atac. de Frutas, Verduras, Raízes, Tubérculos, Hortaliças e Legumes Frescos",3,9,-6
02/2021,Com. Var. de Mat. de Const. em Geral,1,1,0
02/2021,Com. Var. Especial. de Equip. e Suprimentos de Informática,1,0,1
02/2021,"Serv. de Lavagem, Lubrificação e Polimento de Veíc. Autom.",1,1,0
02/2021,Com. Var. de Comb. para Veíc. Autom.,0,1,-1
02/2021,"Com. Var. de Produtos Farmac., sem Manip. de Fórmulas",0,1,-1
02/2021,"Com. Var. de Produtos Farmac., sem Manip. de Fórmulas",0,1,-1
02/2021,Com. Var. Especial. de Equip. de Telefonia e Comunicação,0,2,-2
02/2021,Com. Var. de Carnes - Açougues,0,1,-1
02/2021,Com. Var. de Art. do Vestuário e Acessórios,0,1,-1
02/2021,Com. Var. de Tintas e Mat. para Pintura,1,0,1
02/2021,"Com. Atac. de Cerveja, Chope e Refrigerante",1,2,-1
02/2021,Com. Var. de Produtos Saneantes Domissanitários,0,1,-1
02/2021,Com. Var. de Hortifrutigranjeiros,1,0,1
02/2021,Com. Var. de Art. de Iluminação,1,2,-1
02/2021,"Representantes Comerciais e Agentes do Com. de Produtos Alim., Bebidas e Fumo",2,0,2
02/2021,Padaria e Confeitaria com Pred. de Revenda,2,2,0
02/2021,"Com. Var. de Cosméticos, Produtos de Perfumaria e de Higiene Pessoal",1,1,0
02/2021,Serv. de Manutenção e Reparação Mecânica de Veíc. Autom.,1,0,1
02/2021,Com. Var. de Art. de Colchoaria,0,1,-1
02/2021,"Com. Var. de Merc. em Geral, com Pred. de Produtos Alim. - Minimercados, Mercearias e Armazéns",1,2,-1
02/2021,Com. a Var. de Motocicletas e Motonetas Novas,1,0,1
02/2021,Com. Var. de Outros Produtos não Especif. Ant.,0,2,-2
02/2021,Com. Var. de Art. do Vestuário e Acessórios,0,2,-2
02/2021,Com. Var. de Material Elétrico,0,1,-1
02/2021,Com. Var. de Art. do Vestuário e Acessórios,0,1,-1
02/2021,"Com. a Var. de Automóveis, Camionetas e Utilitários Novos",1,1,0
02/2021,Com. a Var. de Peças e Acessórios Novos para Veíc. Autom.,1,0,1
02/2021,Com. Var. de Calçados,1,1,0
02/2021,Com. a Var. de Peças e Acessórios Novos para Veíc. Autom.,1,0,1
02/2021,Com. Var. Especial. de Eletrod. e Equip. de áudio e Vídeo,2,3,-1
02/2021,Com. Var. de Outros Produtos não Especif. Ant.,1,2,-1
02/2021,Com. Atac. de Produtos Alim. em Geral,4,1,3
02/2021,Com. Var. de Ferragens e Ferramentas,1,0,1
02/2021,"Com. Var. de Doces, Balas, Bombons e Semelhantes",1,0,1
02/2021,Com. a Var. de Peças e Acessórios Novos para Veíc. Autom.,2,0,2
02/2021,Com. Var. de Comb. para Veíc. Autom.,1,0,1
02/2021,Com. Var. de Ferragens e Ferramentas,0,2,-2
02/2021,Com. Atac. de Embalagens,1,0,1
02/2021,Com. Var. de Outros Art. de Uso Doméstico não Especif. Ant.,1,0,1
02/2021,Com. Var. de Material Elétrico,1,0,1
02/2021,Com. Var. de Livros,1,0,1
02/2021,Com. Var. Especial. de Equip. de Telefonia e Comunicação,1,0,1
02/2021,Com. Var. Especial. de Equip. de Telefonia e Comunicação,0,1,-1
02/2021,Com. Var. de Mat. de Const. em Geral,1,0,1
02/2021,Com. Atac. de Resíduos e Sucatas Metálicos,1,0,1
02/2021,Com. Var. de Comb. para Veíc. Autom.,1,1,0
02/2021,Com. a Var. de Peças e Acessórios Novos para Veíc. Autom.,3,2,1
02/2021,Com. Var. de Ferragens e Ferramentas,1,2,-1
02/2021,Com. Var. de Animais Vivos e de Art. e Alimentos para Animais de Estimação,3,0,3
02/2021,Com. a Var. de Peças e Acessórios Novos para Veíc. Autom.,0,1,-1
02/2021,Com. Var. de Produtos Alim. em Geral ou Especial. em Produtos Alim. não Especif. Ant.,3,1,2
02/2021,"Com. Atac. de Máquinas e Equip. para Uso Industrial, Partes e Peças",1,0,1
02/2021,Com. Var. de Produtos Alim. em Geral ou Especial. em Produtos Alim. não Especif. Ant.,1,0,1
02/2021,"Com. Var. de Suvenires, Bijuterias e Artesanatos",0,1,-1
02/2021,"Com. a Var. de Automóveis, Camionetas e Utilitários Novos",0,4,-4
02/2021,Com. Var. de Produtos Alim. em Geral ou Especial. em Produtos Alim. não Especif. Ant.,5,6,-1
02/2021,Com. Var. de Art. de óptica,2,0,2
02/2021,Com. Var. de Outros Produtos não Especif. Ant.,1,0,1
02/2021,Com. Atac. de Embalagens,17,1,16
02/2021,Com. Var. de Outros Art. de Uso Doméstico não Especif. Ant.,0,1,-1
02/2021,Com. Var. de Art. do Vestuário e Acessórios,1,0,1
02/2021,"Com. a Var. de Automóveis, Camionetas e Utilitários Novos",5,3,2
02/2021,Com. Var. de Art. do Vestuário e Acessórios,1,0,1
02/2021,Com. Var. de Outros Produtos não Especif. Ant.,3,0,3
02/2021,Com. Var. de Art. de óptica,1,0,1
02/2021,Com. Var. de Móveis,4,4,0
02/2021,Com. Var. de Produtos Alim. em Geral ou Especial. em Produtos Alim. não Especif. Ant.,1,0,1
02/2021,Com. a Var. de Peças e Acessórios para Motocicletas e Motonetas (Desativado),0,1,-1
02/2021,Com. Var. de Comb. para Veíc. Autom.,0,1,-1
02/2021,Com. Var. de Outros Art. de Uso Doméstico não Especif. Ant.,0,1,-1
02/2021,Com. Var. de Produtos Alim. em Geral ou Especial. em Produtos Alim. não Especif. Ant.,0,1,-1
02/2021,Com. Var. de Produtos Saneantes Domissanitários,0,1,-1
02/2021,Com. Var. de Calçados,1,0,1
02/2021,Com. a Var. de Peças e Acessórios Novos para Veíc. Autom.,0,1,-1
02/2021,"Com. Var. de Cosméticos, Produtos de Perfumaria e de Higiene Pessoal",3,4,-1
02/2021,Com. a Var. de Motocicletas e Motonetas Novas,1,0,1
02/2021,Com. Var. de Outros Produtos não Especif. Ant.,1,1,0
02/2021,"Lojas de Variedades, Exceto Lojas de Dep. ou Magazines",0,2,-2
02/2021,Com. Atac. de Embalagens,5,1,4
02/2021,Com. Var. de Hortifrutigranjeiros,11,9,2
02/2021,"Com. Atac. de Frutas, Verduras, Raízes, Tubérculos, Hortaliças e Legumes Frescos",2,1,1
02/2021,Com. Var. de Hortifrutigranjeiros,4,13,-9
02/2021,Com. Var. de Art. do Vestuário e Acessórios,1,0,1
02/2021,Com. Var. de Art. do Vestuário e Acessórios,0,1,-1
02/2021,"Com. Atac. de Máquinas e Equip. para Uso Industrial, Partes e Peças",1,0,1
02/2021,Com. Var. Especial. de Equip. e Suprimentos de Informática,1,0,1
02/2021,Com. Var. de Animais Vivos e de Art. e Alimentos para Animais de Estimação,1,0,1
02/2021,"Com. Atac. de Merc. em Geral, com Pred. de Produtos Alim.",7,6,1
02/2021,Com. Var. de Art. do Vestuário e Acessórios,1,0,1
02/2021,Serv. de Borracharia para Veíc. Autom.,1,0,1
02/2021,Com. Var. de Comb. para Veíc. Autom.,1,0,1
02/2021,Com. Var. de Comb. para Veíc. Autom.,0,2,-2
02/2021,Com. Var. de Art. do Vestuário e Acessórios,0,1,-1
02/2021,"Com. Var. de Produtos Farmac., sem Manip. de Fórmulas",1,0,1
02/2021,"Com. Var. de Merc. em Geral, com Pred. de Produtos Alim. - Minimercados, Mercearias e Armazéns",1,0,1
02/2021,"Com. Atac. de Frutas, Verduras, Raízes, Tubérculos, Hortaliças e Legumes Frescos",0,1,-1
02/2021,"Com. a Var. de Automóveis, Camionetas e Utilitários Novos",5,0,5
02/2021,Com. Var. de Comb. para Veíc. Autom.,2,1,1
02/2021,Com. Var. de Calçados,1,1,0
02/2021,Serv. de Alinhamento e Balanceamento de Veíc. Autom.,0,1,-1
02/2021,Com. Var. de Móveis,22,2,20
02/2021,Com. Var. de Móveis,4,0,4
02/2021,"Lojas de Variedades, Exceto Lojas de Dep. ou Magazines",1,0,1
02/2021,Com. a Var. de Peças e Acessórios Novos para Veíc. Autom.,1,4,-3
02/2021,Com. Var. de Mat. de Const. em Geral,1,0,1
02/2021,Com. Var. de Mat. Hidráulicos,1,0,1
02/2021,Com. Var. de Lubrificantes,0,1,-1
02/2021,Com. Var. de Móveis,1,0,1
02/2021,"Com. Var. de Produtos Farmac., sem Manip. de Fórmulas",1,0,1
02/2021,Com. Var. Especial. de Equip. e Suprimentos de Informática,0,1,-1
02/2021,Com. Var. de Comb. para Veíc. Autom.,2,2,0
02/2021,"Com. Var. de Merc. em Geral, com Pred. de Produtos Alim. - Minimercados, Mercearias e Armazéns",2,1,1
02/2021,"Com. a Var. de Automóveis, Camionetas e Utilitários Novos",1,1,0
02/2021,Com. a Var. de Peças e Acessórios Novos para Veíc. Autom.,0,1,-1
02/2021,Com. Atac. de Embalagens,1,0,1
02/2021,Com. Atac. de Equip. de Informática,0,1,-1
02/2021,Com. a Var. de Peças e Acessórios Novos para Veíc. Autom.,0,1,-1
02/2021,"Com. Var. de Merc. em Geral, com Pred. de Produtos Alim. - Minimercados, Mercearias e Armazéns",2,1,1
02/2021,"Com. Atac. de Outras Máquinas e Equip. não Especif. Ant., Partes e Peças",1,0,1
02/2021,Com. Atac. de Alimentos para Animais,0,2,-2
02/2021,Com. Var. de Art. do Vestuário e Acessórios,8,25,-17
02/2021,Com. por Atacado de Caminhões Novos e Usados,3,0,3
02/2021,Com. Var. de Outros Produtos não Especif. Ant.,1,2,-1
02/2021,Com. Var. de Art. de Papelaria,1,1,0
02/2021,Com. Var. de Outros Produtos não Especif. Ant.,0,1,-1
02/2021,Com. Var. de Art. do Vestuário e Acessórios,0,1,-1
02/2021,Padaria e Confeitaria com Pred. de Revenda,0,1,-1
02/2021,Com. Var. de Madeira e Artefatos,1,1,0
02/2021,Com. Var. de Outros Produtos não Especif. Ant.,1,0,1
02/2021,Com. Var. de Móveis,0,1,-1
02/2021,Com. a Var. de Peças e Acessórios Novos para Veíc. Autom.,1,0,1
02/2021,Com. Var. de Art. do Vestuário e Acessórios,1,0,1
02/2021,"Com. Var. de Produtos Farmac., sem Manip. de Fórmulas",1,0,1
02/2021,Com. Atac. de Outros Equip. e Art. de Uso Pessoal e Doméstico não Especif. Ant.,6,1,5
02/2021,"Serv. de Instalação, Manutenção e Reparação de Acessórios para Veíc. Autom.",3,3,0
02/2021,Com. Var. de Calçados,1,0,1
02/2021,Com. Var. de Mat. de Const. em Geral,2,2,0
02/2021,Padaria e Confeitaria com Pred. de Revenda,0,1,-1
02/2021,Com. Var. de Art. do Vestuário e Acessórios,4,8,-4
02/2021,Serv. de Manutenção e Reparação Mecânica de Veíc. Autom.,0,1,-1
02/2021,Com. Var. Especial. de Equip. e Suprimentos de Informática,1,0,1
02/2021,Serv. de Lanternagem ou Funilaria e Pintura de Veíc. Autom.,2,0,2
02/2021,Com. a Var. de Peças e Acessórios Novos para Veíc. Autom.,0,1,-1
02/2021,Com. Var. de Carnes - Açougues,1,0,1
02/2021,Com. Var. de Art. do Vestuário e Acessórios,0,1,-1
02/2021,Com. Var. de Animais Vivos e de Art. e Alimentos para Animais de Estimação,0,1,-1
02/2021,"Lojas de Variedades, Exceto Lojas de Dep. ou Magazines",0,1,-1
02/2021,Com. a Var. de Peças e Acessórios Novos para Veíc. Autom.,0,1,-1
02/2021,Com. Var. de Art. do Vestuário e Acessórios,1,0,1
02/2021,"Com. Atac. de Produtos da Extração Mineral, Exceto Comb.",1,1,0
02/2021,Com. Var. de Comb. para Veíc. Autom.,1,1,0
02/2021,Com. Var. de Livros,1,2,-1
02/2021,Com. Var. de Calçados,2,1,1
02/2021,Com. Var. de Art. do Vestuário e Acessórios,9,1,8
02/2021,"Com. Var. de Cosméticos, Produtos de Perfumaria e de Higiene Pessoal",0,2,-2
02/2021,Com. a Var. de Motocicletas e Motonetas Usadas,1,0,1
02/2021,"Com. Var. de Suvenires, Bijuterias e Artesanatos",0,2,-2
02/2021,Com. Var. de Art. de Joalheria,0,1,-1
02/2021,"Comercio Var. de Art. de Cama, Mesa e Banho",1,1,0
02/2021,"Serv. de Instalação, Manutenção e Reparação de Acessórios para Veíc. Autom.",0,1,-1
02/2021,Com. Var. de Mat. de Const. em Geral,0,2,-2
02/2021,Com. Var. de Art. de Joalheria,1,0,1
02/2021,"Serv. de Lavagem, Lubrificação e Polimento de Veíc. Autom.",0,1,-1
02/2021,Com. Var. de Ferragens e Ferramentas,1,0,1
02/2021,Com. Var. de Calçados,0,3,-3
02/2021,"Com. Var. de Produtos Farmac., sem Manip. de Fórmulas",0,1,-1
02/2021,Representantes Comerciais e Agentes do Com. de Merc. em Geral não Especial.,1,0,1
02/2021,Com. a Var. de Peças e Acessórios Novos para Veíc. Autom.,1,0,1
02/2021,Com. Var. de Vidros,1,1,0
02/2021,"Com. Var. de Cosméticos, Produtos de Perfumaria e de Higiene Pessoal",1,1,0
02/2021,"Com. Var. de Cosméticos, Produtos de Perfumaria e de Higiene Pessoal",2,2,0
02/2021,Com. por Atacado de Peças e Acessórios Novos para Veíc. Autom.,1,3,-2
02/2021,"Com. Var. Especial. de Peças e Acessórios para Aparelhos Eletroeletrônicos para Uso Doméstico, Exceto Informática e Comunicação",2,0,2
02/2021,"Com. Atac. de Merc. em Geral, com Pred. de Produtos Alim.",4,10,-6
02/2021,Com. Var. de Vidros,1,0,1
02/2021,Com. Atac. Especial. em Outros Produtos Alim. não Especif. Ant.,0,2,-2
02/2021,"Com. Atac. de Resíduos e Sucatas Não-Metálicos, Exceto de Papel e Papelão",1,0,1
02/2021,Com. Var. de Art. do Vestuário e Acessórios,1,0,1
02/2021,Serv. de Alinhamento e Balanceamento de Veíc. Autom.,1,0,1
02/2021,Com. Var. de Art. de Papelaria,2,0,2
02/2021,Com. Atac. Especial. em Outros Produtos Intermediários não Especif. Ant.,1,0,1
02/2021,"Com. Var. de Cosméticos, Produtos de Perfumaria e de Higiene Pessoal",0,1,-1
02/2021,"Com. Atac. de Outras Máquinas e Equip. não Especif. Ant., Partes e Peças",5,3,2
02/2021,Com. Var. de Hortifrutigranjeiros,0,1,-1
02/2021,"Com. Atac. de Cereais e Leguminosas Beneficiados, Farinhas, Amidos e Féculas, com Atividade de Fracionamento e Acondicionamento Associada",0,1,-1
02/2021,Com. Atac. de Aparelhos Eletrônicos de Uso Pessoal e Doméstico,0,1,-1
02/2021,Com. Var. de Art. do Vestuário e Acessórios,2,1,1
02/2021,Com. Var. de Art. do Vestuário e Acessórios,1,1,0
02/2021,Com. Atac. de Embalagens,1,0,1
02/2021,"Com. Var. de Cosméticos, Produtos de Perfumaria e de Higiene Pessoal",0,2,-2
02/2021,Com. a Var. de Peças e Acessórios Novos para Veíc. Autom.,1,0,1
02/2021,Com. Var. de Comb. para Veíc. Autom.,0,1,-1
02/2021,"Com. Var. de Bicicletas e Triciclos, Peças e Acessórios",1,0,1
02/2021,Com. Atac. de Cosméticos e Produtos de Perfumaria,0,1,-1
02/2021,Com. Var. de Outros Produtos não Especif. Ant.,3,1,2
02/2021,Com. a Var. de Peças e Acessórios Usados para Veíc. Autom.,6,1,5
02/2021,Com. Var. Especial. de Eletrod. e Equip. de áudio e Vídeo,0,2,-2
02/2021,Com. a Var. de Pneumáticos e Câmaras-De-Ar,0,2,-2
02/2021,"Com. Var. de Produtos Farmac., sem Manip. de Fórmulas",1,0,1
02/2021,Com. Var. de Ferragens e Ferramentas,2,0,2
02/2021,Com. Var. de Móveis,2,6,-4
02/2021,Com. Var. de Art. do Vestuário e Acessórios,19,0,19
02/2021,"Com. Var. de Produtos Farmac., com Manip. de Fórmulas",2,0,2
02/2021,"Com. Var. de Bicicletas e Triciclos, Peças e Acessórios",1,0,1
02/2021,Padaria e Confeitaria com Pred. de Revenda,2,0,2
02/2021,"Com. Var. de Produtos Farmac., sem Manip. de Fórmulas",2,1,1
02/2021,Com. a Var. de Peças e Acessórios Novos para Veíc. Autom.,1,3,-2
02/2021,Com. Var. de Livros,2,2,0
02/2021,Com. Var. de Brinquedos e Art. Recreativos,0,4,-4
02/2021,"Lojas de Variedades, Exceto Lojas de Dep. ou Magazines",3,0,3
02/2021,Com. Var. de Tintas e Mat. para Pintura,1,0,1
02/2021,Com. Var. de Tintas e Mat. para Pintura,1,0,1
02/2021,Com. Var. de Art. do Vestuário e Acessórios,1,1,0
02/2021,"Com. Var. de Cosméticos, Produtos de Perfumaria e de Higiene Pessoal",1,1,0
02/2021,Com. Var. de Tintas e Mat. para Pintura,0,1,-1
02/2021,"Com. Var. de Doces, Balas, Bombons e Semelhantes",12,5,7
02/2021,"Com. Atac. de Chocolates, Confeitos, Balas, Bombons e Semelhantes",4,0,4
02/2021,Com. Var. de Móveis,1,3,-2
02/2021,Com. Var. de Móveis,0,1,-1
02/2021,Com. Var. Especial. de Equip. de Telefonia e Comunicação,0,6,-6
02/2021,Com. Var. de Madeira e Artefatos,1,0,1
02/2021,Com. Var. de Mat. de Const. em Geral,1,0,1
02/2021,Com. Var. de Art. do Vestuário e Acessórios,0,1,-1
02/2021,"Com. Var. de Doces, Balas, Bombons e Semelhantes",1,0,1
02/2021,Com. Var. de Art. do Vestuário e Acessórios,1,0,1
02/2021,"Com. Var. de Cosméticos, Produtos de Perfumaria e de Higiene Pessoal",0,1,-1
02/2021,Com. Var. de Art. do Vestuário e Acessórios,0,2,-2
02/2021,Serv. de Lanternagem ou Funilaria e Pintura de Veíc. Autom.,2,1,1
02/2021,"Com. Var. de Merc. em Geral, com Pred. de Produtos Alim. - Minimercados, Mercearias e Armazéns",1,1,0
02/2021,"Com. Var. de Merc. em Geral, com Pred. de Produtos Alim. - Minimercados, Mercearias e Armazéns",1,0,1
02/2021,Com. Var. de Calçados,0,2,-2
02/2021,Com. Var. de Art. do Vestuário e Acessórios,0,2,-2
02/2021,Com. Var. de Calçados,0,1,-1
02/2021,Comercio Var. de Art. de Armarinho,3,4,-1
02/2021,"Com. Var. de Merc. em Geral, com Pred. de Produtos Alim. - Minimercados, Mercearias e Armazéns",1,0,1
02/2021,Com. Var. de Art. de óptica,0,1,-1
02/2021,Com. Var. de Art. do Vestuário e Acessórios,1,1,0
02/2021,Com. Var. de Art. de óptica,0,1,-1
02/2021,Com. Var. de Produtos Alim. em Geral ou Especial. em Produtos Alim. não Especif. Ant.,1,0,1
02/2021,Com. Var. de Brinquedos e Art. Recreativos,1,0,1
02/2021,"Serv. de Lavagem, Lubrificação e Polimento de Veíc. Autom.",7,11,-4
02/2021,"Com. Var. de Doces, Balas, Bombons e Semelhantes",1,2,-1
02/2021,"Com. Var. de Doces, Balas, Bombons e Semelhantes",1,2,-1
02/2021,"Com. Var. de Cosméticos, Produtos de Perfumaria e de Higiene Pessoal",0,1,-1
02/2021,"Com. Atac. de Máquinas e Equip. para Uso Industrial, Partes e Peças",6,4,2
02/2021,"Com. a Var. de Automóveis, Camionetas e Utilitários Usados",0,1,-1
02/2021,Com. por Atacado de Motocicletas e Motonetas,1,0,1
02/2021,Com. Var. Especial. de Equip. de Telefonia e Comunicação,0,2,-2
02/2021,Com. Var. de Tintas e Mat. para Pintura,1,1,0
02/2021,"Representantes Comerciais e Agentes do Com. de Máquinas, Equip., Embarcações e Aeronaves",0,1,-1
02/2021,"Com. Var. de Produtos Farmac., com Manip. de Fórmulas",2,0,2
02/2021,Com. Var. de Outros Produtos não Especif. Ant.,2,1,1
02/2021,Com. Var. de Móveis,2,0,2
02/2021,Com. Var. de Madeira e Artefatos,0,1,-1
02/2021,Outros Representantes Comerciais e Agentes do Com. Especial. em Produtos não Especif. Ant.,1,0,1
02/2021,Com. Var. Especial. de Equip. de Telefonia e Comunicação,2,1,1
02/2021,Com. Var. de Plantas e Flores Naturais,0,1,-1
02/2021,Com. Atac. de Carnes Bovinas e Suínas e Derivados,4,1,3
02/2021,Com. Var. de Art. de Relojoaria,0,1,-1
02/2021,Com. Var. de Animais Vivos e de Art. e Alimentos para Animais de Estimação,3,4,-1
02/2021,Com. a Var. de Peças e Acessórios Novos para Veíc. Autom.,0,1,-1
02/2021,"Com. Atac. de Resíduos e Sucatas Não-Metálicos, Exceto de Papel e Papelão",0,1,-1
02/2021,Com. a Var. de Peças e Acessórios Usados para Veíc. Autom.,0,1,-1
02/2021,"Lojas de Variedades, Exceto Lojas de Dep. ou Magazines",1,2,-1
02/2021,"Com. Var. de Merc. em Geral, com Pred. de Produtos Alim. - Minimercados, Mercearias e Armazéns",1,0,1
02/2021,Com. Var. de Lubrificantes,0,2,-2
02/2021,Com. Var. de Calçados,1,1,0
02/2021,Com. Var. de Calçados,1,0,1
02/2021,"Com. Atac. de Art. do Vestuário e Acessórios, Exceto Profissionais e de Segurança",0,1,-1
02/2021,Com. Var. de Animais Vivos e de Art. e Alimentos para Animais de Estimação,1,1,0
02/2021,Com. Var. de Art. de óptica,2,0,2
02/2021,"Com. Var. Especial. de Peças e Acessórios para Aparelhos Eletroeletrônicos para Uso Doméstico, Exceto Informática e Comunicação",0,1,-1
02/2021,Com. Var. de Art. do Vestuário e Acessórios,1,0,1
02/2021,Com. Var. de Hortifrutigranjeiros,1,0,1
02/2021,"Com. Var. de Cosméticos, Produtos de Perfumaria e de Higiene Pessoal",0,2,-2
02/2021,Com. Var. de Calçados,0,1,-1
02/2021,Com. Var. de Calçados,0,1,-1
02/2021,Com. Var. de Art. do Vestuário e Acessórios,0,1,-1
02/2021,Com. varejista especializado de equipamentos e suprimentos de informática,1,0,1
02/2021,Com. Var. de Animais Vivos e de Art. e Alimentos para Animais de Estimação,1,0,1
02/2021,Serv. de Lanternagem ou Funilaria e Pintura de Veíc. Autom.,0,1,-1
02/2021,Serv. de Manutenção e Reparação Mecânica de Veíc. Autom.,0,1,-1
02/2021,Com. Var. Especial. de Eletrod. e Equip. de áudio e Vídeo,1,1,0
02/2021,Serv. de Lanternagem ou Funilaria e Pintura de Veíc. Autom.,0,2,-2
02/2021,"Com. Var. de Suvenires, Bijuterias e Artesanatos",0,1,-1
02/2021,Com. Var. de Mat. de Const. em Geral,1,0,1
02/2021,Com. Var. de Livros,0,1,-1
02/2021,Com. Var. de Carnes - Açougues,0,1,-1
02/2021,Serv. de Lanternagem ou Funilaria e Pintura de Veíc. Autom.,0,1,-1
02/2021,Com. Atac. de Componentes Eletrônicos e Equip. de Telefonia e Comunicação,0,1,-1
02/2021,Com. Var. Especial. de Equip. de Telefonia e Comunicação,1,2,-1
02/2021,Com. Var. de Madeira e Artefatos,0,1,-1
02/2021,Com. Var. Especial. de Equip. e Suprimentos de Informática,2,0,2
02/2021,Com. a Var. de Peças e Acessórios Novos para Veíc. Autom.,2,0,2
02/2021,Com. a Var. de Peças e Acessórios Novos para Veíc. Autom.,1,1,0
02/2021,"Lojas de Variedades, Exceto Lojas de Dep. ou Magazines",2,0,2
02/2021,Com. Var. de Produtos Alim. em Geral ou Especial. em Produtos Alim. não Especif. Ant.,1,0,1
02/2021,Com. a Var. de Pneumáticos e Câmaras-De-Ar,0,1,-1
02/2021,Serv. de Manutenção e Reparação Mecânica de Veíc. Autom.,1,0,1
02/2021,Padaria e Confeitaria com Pred. de Revenda,3,1,2
02/2021,Padaria e Confeitaria com Pred. de Revenda,1,1,0
02/2021,Padaria e Confeitaria com Pred. de Revenda,1,1,0
02/2021,Com. Var. de Art. do Vestuário e Acessórios,1,1,0
02/2021,Com. Var. de Art. do Vestuário e Acessórios,1,0,1
02/2021,Com. Var. de Art. Esportivos,0,1,-1
02/2021,Com. Var. de Plantas e Flores Naturais,2,0,2
02/2021,Com. Var. de Art. do Vestuário e Acessórios,1,0,1
02/2021,Serv. de Manutenção e Reparação Mecânica de Veíc. Autom.,0,1,-1
02/2021,Padaria e Confeitaria com Pred. de Revenda,1,1,0
02/2021,Com. Var. Especial. de Equip. de Telefonia e Comunicação,1,0,1
02/2021,Com. a Var. de Peças e Acessórios Novos para Veíc. Autom.,0,1,-1
02/2021,Com. Var. de Art. do Vestuário e Acessórios,0,1,-1
02/2021,Padaria e Confeitaria com Pred. de Revenda,0,1,-1
02/2021,Com. Var. de Art. do Vestuário e Acessórios,2,0,2
02/2021,"Com. Var. de Merc. em Geral, com Pred. de Produtos Alim. - Minimercados, Mercearias e Armazéns",1,1,0
02/2021,Com. Var. de Art. do Vestuário e Acessórios,1,0,1
02/2021,Com. Var. de Art. de Viagem,1,1,0
02/2021,Com. Var. de Comb. para Veíc. Autom.,0,2,-2
02/2021,"Com. Atac. de Outras Máquinas e Equip. não Especif. Ant., Partes e Peças",0,4,-4
02/2021,Com. Var. de Móveis,0,1,-1
02/2021,Com. Atac. de Roupas e Acessórios para Uso Profissional e de Segurança do Trabalho,1,0,1
02/2021,"Com. Var. de Produtos Farmac., sem Manip. de Fórmulas",1,1,0
02/2021,Com. Var. de Outros Produtos não Especif. Ant.,0,3,-3
02/2021,Padaria e Confeitaria com Pred. de Revenda,0,1,-1
02/2021,Com. Atac. de Ferragens e Ferramentas,1,0,1
02/2021,"Com. Var. de Suvenires, Bijuterias e Artesanatos",0,1,-1
02/2021,Com. Var. de Art. do Vestuário e Acessórios,1,0,1
02/2021,Com. a Var. de Peças e Acessórios Novos para Veíc. Autom.,1,1,0
02/2021,Com. Var. Especial. de Equip. de Telefonia e Comunicação,1,0,1
02/2021,Com. Var. de Plantas e Flores Naturais,0,1,-1
02/2021,"Com. Atac. de Instrumentos e Mat. para Uso Médico, Cirúrgico, Hospitalar e de Laboratórios",8,4,4
02/2021,"Com. Var. de Suvenires, Bijuterias e Artesanatos",0,1,-1
02/2021,Padaria e Confeitaria com Pred. de Revenda,4,0,4
02/2021,Padaria e Confeitaria com Pred. de Revenda,0,1,-1
02/2021,Com. Var. de Art. do Vestuário e Acessórios,0,1,-1
02/2021,Com. Var. de Outros Produtos não Especif. Ant.,0,1,-1
02/2021,Com. Atac. de Leite e Laticínios,1,1,0
02/2021,Com. Var. de Comb. para Veíc. Autom.,2,1,1
02/2021,"Lojas de Dep. ou Magazines, Exceto Lojas Francas (Duty Free)",0,2,-2
02/2021,Com. Var. de Art. de óptica,1,0,1
02/2021,Serv. de Manutenção e Reparação Mecânica de Veíc. Autom.,2,2,0
02/2021,Com. Var. de Ferragens e Ferramentas,3,0,3
02/2021,Com. Var. Especial. de Equip. de Telefonia e Comunicação,1,0,1
02/2021,Com. Var. de Móveis,1,0,1
02/2021,Com. Var. de Comb. para Veíc. Autom.,1,0,1
02/2021,Com. Atac. de Outros Equip. e Art. de Uso Pessoal e Doméstico não Especif. Ant.,0,1,-1
02/2021,Com. Var. de Produtos Alim. em Geral ou Especial. em Produtos Alim. não Especif. Ant.,2,36,-34
02/2021,Serv. de Manutenção e Reparação Mecânica de Veíc. Autom.,2,0,2
02/2021,Com. Var. de Art. do Vestuário e Acessórios,1,1,0
02/2021,Com. Atac. de Mat. de Const. em Geral,0,1,-1
02/2021,Com. Var. de Outros Produtos não Especif. Ant.,1,0,1
02/2021,Com. Var. Especial. de Eletrod. e Equip. de áudio e Vídeo,0,1,-1
02/2021,"Com. Atac. de Frutas, Verduras, Raízes, Tubérculos, Hortaliças e Legumes Frescos",2,0,2
02/2021,Com. Atac. de Cosméticos e Produtos de Perfumaria,1,1,0
02/2021,"Com. Var. de Merc. em Geral, com Pred. de Produtos Alim. - Minimercados, Mercearias e Armazéns",1,0,1
02/2021,Com. Var. de Móveis,0,3,-3
02/2021,Com. Var. de Art. do Vestuário e Acessórios,1,0,1
02/2021,Com. Var. de Art. de Joalheria,0,2,-2
02/2021,"Com. Var. de Cosméticos, Produtos de Perfumaria e de Higiene Pessoal",0,2,-2
02/2021,"Com. Atac. de Vidros, Espelhos e Vitrais",1,1,0
02/2021,Padaria e Confeitaria com Pred. de Revenda,0,1,-1
02/2021,"Com. Atac. de Frutas, Verduras, Raízes, Tubérculos, Hortaliças e Legumes Frescos",4,0,4
02/2021,Com. a Var. de Peças e Acessórios Novos para Veíc. Autom.,0,1,-1
02/2021,Serv. de Manutenção e Reparação Elétrica de Veíc. Autom.,1,0,1
02/2021,"Com. Var. de Merc. em Geral, com Pred. de Produtos Alim. - Superm.",1,2,-1
02/2021,Com. Var. Especial. de Equip. e Suprimentos de Informática,0,1,-1
02/2021,Com. Atac. de Produtos Alim. em Geral,6,15,-9
02/2021,"Serv. de Instalação, Manutenção e Reparação de Acessórios para Veíc. Autom.",3,0,3
02/2021,Serv. de Alinhamento e Balanceamento de Veíc. Autom.,1,0,1
02/2021,Com. Var. Especial. de Eletrod. e Equip. de áudio e Vídeo,8,7,1
02/2021,Com. a Var. de Peças e Acessórios Usados para Veíc. Autom.,2,2,0
02/2021,Com. a Var. de Peças e Acessórios Novos para Veíc. Autom.,1,0,1
02/2021,Com. Var. de Art. do Vestuário e Acessórios,1,0,1
02/2021,Com. Var. de Art. do Vestuário e Acessórios,0,1,-1
02/2021,Com. Var. de Outros Art. de Uso Doméstico não Especif. Ant.,1,2,-1
02/2021,Com. Var. de Art. do Vestuário e Acessórios,1,0,1
02/2021,Com. Var. de Art. do Vestuário e Acessórios,0,1,-1
02/2021,Com. Var. de Outros Produtos não Especif. Ant.,1,0,1
02/2021,Com. Var. de Bebidas,1,0,1
02/2021,Com. Atac. de Cosméticos e Produtos de Perfumaria,4,0,4
02/2021,Com. Var. de Art. do Vestuário e Acessórios,1,0,1
02/2021,Com. Var. de Calçados,0,1,-1
02/2021,Com. a Var. de Peças e Acessórios Novos para Veíc. Autom.,0,1,-1
02/2021,Com. a Var. de Pneumáticos e Câmaras-De-Ar,2,1,1
02/2021,Com. Var. de Carnes - Açougues,0,1,-1
02/2021,Com. Var. de Outros Art. de Uso Doméstico não Especif. Ant.,1,0,1
02/2021,Com. Var. de Art. do Vestuário e Acessórios,0,2,-2
02/2021,Com. Var. de Art. do Vestuário e Acessórios,0,1,-1
02/2021,Com. Var. de Outros Art. de Uso Doméstico não Especif. Ant.,2,0,2
02/2021,"Com. Var. de Cosméticos, Produtos de Perfumaria e de Higiene Pessoal",1,1,0
02/2021,Com. Var. de Outros Produtos não Especif. Ant.,1,0,1
02/2021,Com. Atac. de Cosméticos e Produtos de Perfumaria,1,0,1
02/2021,Com. Var. de Hortifrutigranjeiros,1,0,1
02/2021,Com. a Var. de Peças e Acessórios para Motocicletas e Motonetas (Desativado),0,1,-1
02/2021,Com. Var. de Outros Produtos não Especif. Ant.,1,0,1
02/2021,Com. Var. de Livros,1,0,1
02/2021,Com. Var. de Produtos Alim. em Geral ou Especial. em Produtos Alim. não Especif. Ant.,0,1,-1
02/2021,Com. Var. de Produtos Alim. em Geral ou Especial. em Produtos Alim. não Especif. Ant.,1,0,1
02/2021,Padaria e Confeitaria com Pred. de Revenda,0,1,-1
02/2021,Com. Var. de Hortifrutigranjeiros,0,1,-1
02/2021,Com. Var. de Merc. em Lojas de Conveniência,0,1,-1
02/2021,Com. Var. de Merc. em Lojas de Conveniência,6,0,6
02/2021,"Com. Var. de Merc. em Geral, com Pred. de Produtos Alim. - Minimercados, Mercearias e Armazéns",5,0,5
02/2021,Serv. de Manutenção e Reparação Elétrica de Veíc. Autom.,1,0,1
02/2021,Com. Var. de Laticínios e Frios,1,1,0
02/2021,Com. Var. de Art. do Vestuário e Acessórios,1,1,0
02/2021,Com. Var. de Calçados,0,1,-1
02/2021,Serv. de Borracharia para Veíc. Autom.,4,1,3
02/2021,Padaria e Confeitaria com Pred. de Revenda,1,0,1
02/2021,"Com. Var. de Suvenires, Bijuterias e Artesanatos",1,0,1
02/2021,Com. Atac. de Embalagens,1,0,1
02/2021,"Com. Var. de Produtos Farmac., sem Manip. de Fórmulas",2,2,0
02/2021,"Com. Var. de Produtos Farmac., sem Manip. de Fórmulas",1,1,0
02/2021,Com. Var. de Art. de Iluminação,1,0,1
02/2021,"Com. Var. de Merc. em Geral, com Pred. de Produtos Alim. - Minimercados, Mercearias e Armazéns",1,0,1
02/2021,Com. Var. de Animais Vivos e de Art. e Alimentos para Animais de Estimação,1,1,0
02/2021,Com. Var. de Animais Vivos e de Art. e Alimentos para Animais de Estimação,3,2,1
02/2021,Com. Var. de Tecidos,1,0,1
02/2021,Com. Var. de Carnes - Açougues,1,1,0
02/2021,"Com. Atac. de Resíduos e Sucatas Não-Metálicos, Exceto de Papel e Papelão",2,1,1
02/2021,"Com. Atac. de Merc. em Geral, sem Pred. de Alimentos ou de Insumos Agropecuários",0,3,-3
02/2021,Com. Var. de Mat. de Const. não Especif. Ant.,0,1,-1
02/2021,"Com. Var. de Merc. em Geral, com Pred. de Produtos Alim. - Superm.",2,1,1
02/2021,"Com. Atac. de Máquinas, Aparelhos e Equip. para Uso Odonto-Médico-Hospitalar, Partes e Peças",0,1,-1
02/2021,Padaria e Confeitaria com Pred. de Revenda,0,1,-1
02/2021,Com. Var. de Animais Vivos e de Art. e Alimentos para Animais de Estimação,1,0,1
02/2021,"Com. Var. de Produtos Farmac., sem Manip. de Fórmulas",1,0,1
02/2021,Com. Var. de Merc. em Lojas de Conveniência,1,0,1
02/2021,Serv. de Lanternagem ou Funilaria e Pintura de Veíc. Autom.,0,1,-1
02/2021,"Com. Var. Especial. de Peças e Acessórios para Aparelhos Eletroeletrônicos para Uso Doméstico, Exceto Informática e Comunicação",0,1,-1
02/2021,Com. Var. de Produtos Alim. em Geral ou Especial. em Produtos Alim. não Especif. Ant.,1,1,0
02/2021,"Com. Var. de Cosméticos, Produtos de Perfumaria e de Higiene Pessoal",1,0,1
02/2021,Com. Var. de Outros Produtos não Especif. Ant.,1,1,0
02/2021,Com. Var. de Merc. em Lojas de Conveniência,1,1,0
02/2021,Com. Var. de Outros Produtos não Especif. Ant.,1,0,1
02/2021,Com. Var. Especial. de Equip. de Telefonia e Comunicação,0,1,-1
02/2021,Com. Var. Especial. de Equip. de Telefonia e Comunicação,0,2,-2
02/2021,Padaria e Confeitaria com Pred. de Revenda,0,1,-1
02/2021,Com. Var. de Art. do Vestuário e Acessórios,0,1,-1
02/2021,Com. Var. de Bebidas,0,1,-1
02/2021,"Com. Var. de Merc. em Geral, com Pred. de Produtos Alim. - Minimercados, Mercearias e Armazéns",2,2,0
02/2021,"Com. Var. de Cosméticos, Produtos de Perfumaria e de Higiene Pessoal",5,1,4
02/2021,Com. Var. de Art. do Vestuário e Acessórios,1,0,1
02/2021,Padaria e Confeitaria com Pred. de Revenda,2,1,1
02/2021,Com. Var. de Ferragens e Ferramentas,0,1,-1
02/2021,Com. Var. de Produtos Alim. em Geral ou Especial. em Produtos Alim. não Especif. Ant.,1,1,0
02/2021,Com. Var. de Mat. de Const. em Geral,0,1,-1
02/2021,"Com. a Var. de Automóveis, Camionetas e Utilitários Novos",1,1,0
02/2021,"Com. Var. de Cosméticos, Produtos de Perfumaria e de Higiene Pessoal",1,1,0
02/2021,Com. Var. de Bebidas,1,1,0
02/2021,Com. Var. de Art. do Vestuário e Acessórios,0,1,-1
02/2021,Com. Var. de Art. do Vestuário e Acessórios,2,1,1
02/2021,Com. Var. de Art. do Vestuário e Acessórios,0,1,-1
02/2021,Com. Var. de Produtos Alim. em Geral ou Especial. em Produtos Alim. não Especif. Ant.,1,0,1
02/2021,"Com. Var. de Merc. em Geral, com Pred. de Produtos Alim. - Minimercados, Mercearias e Armazéns",1,0,1
02/2021,"Com. Var. de Produtos Farmac., sem Manip. de Fórmulas",1,0,1
02/2021,Com. Var. de Calçados,1,0,1
02/2021,Com. Var. de Art. do Vestuário e Acessórios,2,0,2
02/2021,"Com. Var. de Merc. em Geral, com Pred. de Produtos Alim. - Hipermercados",5,8,-3
02/2021,Com. Var. de Art. do Vestuário e Acessórios,0,1,-1
02/2021,"Com. a Var. de Automóveis, Camionetas e Utilitários Usados",0,1,-1
02/2021,Com. Var. de Mat. de Const. em Geral,1,0,1
02/2021,Com. Var. de Art. de Joalheria,0,2,-2
02/2021,"Com. Var. de Merc. em Geral, com Pred. de Produtos Alim. - Superm.",4,1,3
02/2021,Com. Var. de Comb. para Veíc. Autom.,0,1,-1
02/2021,"Serv. de Lavagem, Lubrificação e Polimento de Veíc. Autom.",0,2,-2
02/2021,Com. Var. de Art. do Vestuário e Acessórios,5,1,4
02/2021,Com. Var. de Art. do Vestuário e Acessórios,0,2,-2
02/2021,Com. Var. de Art. de Viagem,1,0,1
02/2021,Com. a Var. de Peças e Acessórios Novos para Veíc. Autom.,0,1,-1
02/2021,Com. por Atacado de Pneumáticos e Câmaras-De-Ar,1,0,1
02/2021,Com. Var. de Calçados,3,3,0
02/2021,"Com. Var. de Suvenires, Bijuterias e Artesanatos",0,1,-1
02/2021,Com. Atac. de Produtos Alim. em Geral,22,7,15
02/2021,"Lojas de Variedades, Exceto Lojas de Dep. ou Magazines",1,0,1
02/2021,Com. Atac. Especial. em Outros Produtos Alim. não Especif. Ant.,10,3,7
02/2021,Com. Var. de Bebidas,1,0,1
02/2021,Com. Var. de Bebidas,1,0,1
02/2021,Com. Var. de Mat. de Const. não Especif. Ant.,1,0,1
02/2021,Com. Var. de Produtos Alim. em Geral ou Especial. em Produtos Alim. não Especif. Ant.,1,0,1
02/2021,"Com. Atac. de Art. do Vestuário e Acessórios, Exceto Profissionais e de Segurança",0,1,-1
02/2021,Com. Var. de Plantas e Flores Naturais,9,3,6
02/2021,"Com. Var. de Produtos Farmac., sem Manip. de Fórmulas",1,0,1
02/2021,Com. Var. de Art. do Vestuário e Acessórios,3,2,1
02/2021,Com. Var. de Tintas e Mat. para Pintura,1,0,1
02/2021,Com. Var. de Art. do Vestuário e Acessórios,6,1,5
02/2021,Com. Var. de Mat. de Const. não Especif. Ant.,0,1,-1
02/2021,"Com. Var. de Merc. em Geral, com Pred. de Produtos Alim. - Minimercados, Mercearias e Armazéns",1,0,1
02/2021,"Com. Var. de Produtos Farmac., sem Manip. de Fórmulas",1,0,1
02/2021,Com. Var. de Calçados,1,0,1
02/2021,"Com. Var. de Merc. em Geral, com Pred. de Produtos Alim. - Superm.",1,1,0
02/2021,Com. Var. de Art. Médicos e Ortopédicos,1,0,1
02/2021,Com. Var. Especial. de Equip. de Telefonia e Comunicação,0,1,-1
02/2021,"Com. Var. de Suvenires, Bijuterias e Artesanatos",0,1,-1
02/2021,Com. Var. Especial. de Equip. de Telefonia e Comunicação,1,0,1
02/2021,Serv. de Borracharia para Veíc. Autom.,3,0,3
02/2021,"Com. Var. de Merc. em Geral, com Pred. de Produtos Alim. - Superm.",0,2,-2
02/2021,Com. Var. Especial. de Eletrod. e Equip. de áudio e Vídeo,1,0,1
02/2021,Com. Var. Especial. de Eletrod. e Equip. de áudio e Vídeo,26,52,-26
02/2021,Com. Var. Especial. de Eletrod. e Equip. de áudio e Vídeo,3,4,-1
02/2021,Com. Var. Especial. de Eletrod. e Equip. de áudio e Vídeo,3,3,0
02/2021,Com. Var. Especial. de Eletrod. e Equip. de áudio e Vídeo,2,1,1
02/2021,Com. Var. Especial. de Eletrod. e Equip. de áudio e Vídeo,40,21,19
02/2021,Com. Var. Especial. de Eletrod. e Equip. de áudio e Vídeo,3,1,2
02/2021,Com. Var. Especial. de Eletrod. e Equip. de áudio e Vídeo,0,4,-4
02/2021,"Com. Var. de Merc. em Geral, com Pred. de Produtos Alim. - Minimercados, Mercearias e Armazéns",1,4,-3
02/2021,"Com. Var. de Merc. em Geral, com Pred. de Produtos Alim. - Minimercados, Mercearias e Armazéns",0,5,-5
02/2021,Com. Var. de Mat. de Const. em Geral,1,0,1
02/2021,Com. Var. de Ferragens e Ferramentas,2,0,2
02/2021,Com. Var. de Art. do Vestuário e Acessórios,1,0,1
02/2021,Com. Var. de Art. do Vestuário e Acessórios,2,2,0
02/2021,Com. Var. de Ferragens e Ferramentas,1,0,1
02/2021,Com. Var. de Art. do Vestuário e Acessórios,0,1,-1
02/2021,Com. Var. de Mat. de Const. não Especif. Ant.,1,1,0
02/2021,Com. Var. Especial. de Equip. de Telefonia e Comunicação,2,1,1
02/2021,Com. Var. de Art. do Vestuário e Acessórios,0,1,-1
02/2021,Com. Atac. de Outros Produtos Químicos e Petroquímicos não Especif. Ant.,0,2,-2
02/2021,"Com. Var. de Merc. em Geral, com Pred. de Produtos Alim. - Minimercados, Mercearias e Armazéns",1,0,1
02/2021,Com. Var. de Art. de óptica,0,1,-1
02/2021,Com. Var. de Hortifrutigranjeiros,1,0,1
02/2021,Com. Var. Especial. de Equip. de Telefonia e Comunicação,1,0,1
02/2021,Com. Var. de Calçados,2,0,2
02/2021,"Com. Var. de Merc. em Geral, com Pred. de Produtos Alim. - Minimercados, Mercearias e Armazéns",1,1,0
02/2021,Com. Var. de Comb. para Veíc. Autom.,3,0,3
02/2021,Serv. de Lanternagem ou Funilaria e Pintura de Veíc. Autom.,2,0,2
02/2021,Com. Var. de Art. Esportivos,0,5,-5
02/2021,Com. Var. de Outros Art. Usados,2,2,0
02/2021,Com. Var. Especial. de Eletrod. e Equip. de áudio e Vídeo,1,0,1
02/2021,"Com. Var. de Merc. em Geral, com Pred. de Produtos Alim. - Minimercados, Mercearias e Armazéns",1,0,1
02/2021,Com. Var. de Animais Vivos e de Art. e Alimentos para Animais de Estimação,1,0,1
02/2021,Padaria e Confeitaria com Pred. de Revenda,4,0,4
02/2021,"Com. Atac. de Outras Máquinas e Equip. não Especif. Ant., Partes e Peças",6,3,3
02/2021,"Com. Atac. de Outras Máquinas e Equip. não Especif. Ant., Partes e Peças",1,0,1
02/2021,Com. Var. de Merc. em Lojas de Conveniência,0,1,-1
02/2021,Com. Var. de Calçados,0,1,-1
02/2021,Com. Var. de Art. Esportivos,0,1,-1
02/2021,"Com. Var. de Produtos Farmac., sem Manip. de Fórmulas",0,1,-1
02/2021,Com. Var. de Art. de óptica,0,1,-1
02/2021,"Lojas de Variedades, Exceto Lojas de Dep. ou Magazines",0,1,-1
02/2021,Com. Var. de Art. de óptica,0,1,-1
02/2021,Com. Var. de Art. de óptica,1,1,0
02/2021,Padaria e Confeitaria com Pred. de Revenda,2,0,2
02/2021,"Com. a Var. de Automóveis, Camionetas e Utilitários Novos",1,0,1
02/2021,Com. Var. de Art. do Vestuário e Acessórios,0,1,-1
02/2021,Com. Var. de Comb. para Veíc. Autom.,2,0,2
02/2021,Com. Var. de Art. do Vestuário e Acessórios,2,2,0
02/2021,Com. Var. de Art. do Vestuário e Acessórios,1,0,1
02/2021,Com. Var. de Art. do Vestuário e Acessórios,1,2,-1
02/2021,Com. Var. de Mat. de Const. em Geral,1,0,1
02/2021,"Serv. de Lavagem, Lubrificação e Polimento de Veíc. Autom.",1,0,1
02/2021,"Com. Var. de Merc. em Geral, com Pred. de Produtos Alim. - Minimercados, Mercearias e Armazéns",0,2,-2
02/2021,Com. Var. de Mat. de Const. não Especif. Ant.,1,0,1
02/2021,Com. Var. de Bebidas,0,1,-1
02/2021,Com. Var. de Outros Art. de Uso Doméstico não Especif. Ant.,0,2,-2
02/2021,Com. Var. de Mat. Hidráulicos,1,0,1
02/2021,Serv. de Manutenção e Reparação Mecânica de Veíc. Autom.,0,1,-1
02/2021,"Com. Var. de Doces, Balas, Bombons e Semelhantes",0,1,-1
02/2021,Com. Var. de Móveis,1,1,0
02/2021,Com. a Var. de Peças e Acessórios Novos para Veíc. Autom.,1,0,1
02/2021,Com. a Var. de Peças e Acessórios Novos para Veíc. Autom.,1,0,1
02/2021,Com. Var. de Bebidas,0,1,-1
02/2021,Com. Var. de Ferragens e Ferramentas,2,0,2
02/2021,"Com. Var. de Suvenires, Bijuterias e Artesanatos",1,0,1
02/2021,"Com. Var. de Doces, Balas, Bombons e Semelhantes",1,0,1
02/2021,"Com. Var. de Doces, Balas, Bombons e Semelhantes",0,1,-1
02/2021,Com. Var. de Outros Produtos não Especif. Ant.,0,1,-1
02/2021,Com. Var. de Produtos Alim. em Geral ou Especial. em Produtos Alim. não Especif. Ant.,1,1,0
02/2021,Com. Var. de Art. do Vestuário e Acessórios,1,0,1
02/2021,Com. Var. de Merc. em Lojas de Conveniência,1,1,0
02/2021,Com. Var. de Mat. de Const. não Especif. Ant.,3,1,2
02/2021,Com. Var. de Art. do Vestuário e Acessórios,1,1,0
02/2021,Com. Var. de Produtos Alim. em Geral ou Especial. em Produtos Alim. não Especif. Ant.,2,0,2
02/2021,Com. Atac. de Embalagens,5,2,3
02/2021,"Com. Var. de Merc. em Geral, com Pred. de Produtos Alim. - Minimercados, Mercearias e Armazéns",0,2,-2
02/2021,"Com. Var. de Suvenires, Bijuterias e Artesanatos",1,0,1
02/2021,Com. Var. de Bebidas,1,0,1
02/2021,Serv. de Manutenção e Reparação Mecânica de Veíc. Autom.,2,0,2
02/2021,Com. Var. de Livros,1,2,-1
02/2021,Com. Var. de Animais Vivos e de Art. e Alimentos para Animais de Estimação,1,0,1
02/2021,Lojas de Dep. ou Magazines (Desativado),2,2,0
02/2021,Com. Var. de Livros,2,1,1
02/2021,Com. Var. de Produtos Alim. em Geral ou Especial. em Produtos Alim. não Especif. Ant.,0,1,-1
02/2021,Com. Var. de Mat. de Const. não Especif. Ant.,1,0,1
02/2021,Com. Var. de Art. do Vestuário e Acessórios,1,0,1
02/2021,"Com. Var. de Cosméticos, Produtos de Perfumaria e de Higiene Pessoal",0,1,-1
02/2021,"Com. Var. de Cosméticos, Produtos de Perfumaria e de Higiene Pessoal",2,0,2
02/2021,Com. Atac. de Bebidas não Especificadas Ant.,6,2,4
02/2021,"Com. Atac. de Frutas, Verduras, Raízes, Tubérculos, Hortaliças e Legumes Frescos",1,2,-1
02/2021,"Com. Atac. de Chocolates, Confeitos, Balas, Bombons e Semelhantes",2,0,2
02/2021,Com. Var. de Produtos Alim. em Geral ou Especial. em Produtos Alim. não Especif. Ant.,1,0,1
02/2021,"Com. Atac. de Outras Máquinas e Equip. não Especif. Ant., Partes e Peças",8,1,7
02/2021,Com. Var. de Produtos Alim. em Geral ou Especial. em Produtos Alim. não Especif. Ant.,3,1,2
02/2021,Com. Atac. de Art. de Escritório e de Papelaria,0,1,-1
02/2021,Com. Var. de Art. de óptica,0,1,-1
02/2021,"Com. Var. de Doces, Balas, Bombons e Semelhantes",0,1,-1
02/2021,Com. Var. Especial. de Eletrod. e Equip. de áudio e Vídeo,2,1,1
02/2021,Com. Var. Especial. de Eletrod. e Equip. de áudio e Vídeo,0,1,-1
02/2021,"Com. Var. de Cosméticos, Produtos de Perfumaria e de Higiene Pessoal",0,1,-1
02/2021,Com. Var. de Outros Produtos não Especif. Ant.,0,1,-1
02/2021,Com. Var. de Mat. de Const. não Especif. Ant.,1,0,1
02/2021,Padaria e Confeitaria com Pred. de Revenda,1,0,1
02/2021,Com. Var. de Comb. para Veíc. Autom.,1,1,0
02/2021,Com. a Var. de Peças e Acessórios Novos para Veíc. Autom.,1,2,-1
02/2021,Comercio Var. de Art. de Armarinho,0,1,-1
02/2021,Com. Var. de Art. do Vestuário e Acessórios,4,7,-3
02/2021,Com. Var. de Art. do Vestuário e Acessórios,3,6,-3
02/2021,Com. Var. de Calçados,1,0,1
02/2021,Com. Var. de Calçados,0,2,-2
02/2021,Com. Var. de Calçados,0,12,-12
02/2021,Com. Var. de Calçados,0,2,-2
02/2021,"Com. Var. de Merc. em Geral, com Pred. de Produtos Alim. - Hipermercados",4,7,-3
02/2021,Com. Var. de Comb. para Veíc. Autom.,1,2,-1
02/2021,"Com. Var. de Produtos Farmac., sem Manip. de Fórmulas",1,2,-1
02/2021,Com. Var. de Mat. de Const. não Especif. Ant.,0,1,-1
02/2021,Com. Atac. de Ferragens e Ferramentas,0,1,-1
02/2021,Com. Var. de Art. do Vestuário e Acessórios,0,29,-29
02/2021,Com. Atac. de Cosméticos e Produtos de Perfumaria,0,1,-1
02/2021,Com. Var. de Art. de Papelaria,0,1,-1
02/2021,Com. Var. de Madeira e Artefatos,1,3,-2
02/2021,Com. Atac. de Produtos Alim. em Geral,5,3,2
02/2021,Tabacaria,1,0,1
02/2021,Com. Var. de Art. do Vestuário e Acessórios,0,1,-1
02/2021,Com. Var. de Art. do Vestuário e Acessórios,1,0,1
02/2021,Com. Var. de Art. do Vestuário e Acessórios,0,1,-1
02/2021,"Com. Var. de Merc. em Geral, com Pred. de Produtos Alim. - Superm.",1,5,-4
02/2021,"Com. Var. de Produtos Farmac., sem Manip. de Fórmulas",0,1,-1
02/2021,"Com. Var. de Merc. em Geral, com Pred. de Produtos Alim. - Superm.",0,1,-1
02/2021,Com. Var. de Equip. para Escritório,1,0,1
02/2021,Com. Var. de Plantas e Flores Naturais,3,0,3
02/2021,"Com. Atac. de Chocolates, Confeitos, Balas, Bombons e Semelhantes",2,0,2
02/2021,"Lojas de Dep. ou Magazines, Exceto Lojas Francas (Duty Free)",1,3,-2
02/2021,"Lojas de Dep. ou Magazines, Exceto Lojas Francas (Duty Free)",1,2,-1
02/2021,Com. Var. de Outros Produtos não Especif. Ant.,0,1,-1
02/2021,Com. Var. de Comb. para Veíc. Autom.,0,1,-1
02/2021,Com. Var. de Lubrificantes,0,1,-1
02/2021,"Com. Var. de Merc. em Geral, com Pred. de Produtos Alim. - Superm.",1,0,1
02/2021,"Com. Var. de Merc. em Geral, com Pred. de Produtos Alim. - Minimercados, Mercearias e Armazéns",1,0,1
02/2021,Com. Var. de Gás LiqüEfeito de Petróleo (Glp),0,1,-1
02/2021,Com. Var. de Comb. para Veíc. Autom.,1,1,0
02/2021,Com. Var. de Art. do Vestuário e Acessórios,1,0,1
02/2021,Com. Var. de Art. do Vestuário e Acessórios,2,2,0
02/2021,Com. Var. de Tintas e Mat. para Pintura,0,3,-3
02/2021,Com. Var. de Mat. de Const. não Especif. Ant.,1,0,1
02/2021,Com. a Var. de Peças e Acessórios Novos para Veíc. Autom.,2,0,2
02/2021,Com. Var. de Comb. para Veíc. Autom.,0,2,-2
02/2021,"Com. Var. de Merc. em Geral, com Pred. de Produtos Alim. - Superm.",1,1,0
02/2021,"Com. Var. de Merc. em Geral, com Pred. de Produtos Alim. - Minimercados, Mercearias e Armazéns",0,1,-1
02/2021,Com. Var. de Mat. de Const. em Geral,0,1,-1
02/2021,Com. a Var. de Peças e Acessórios Novos para Veíc. Autom.,1,0,1
02/2021,Com. Var. de Comb. para Veíc. Autom.,1,1,0
02/2021,"Com. a Var. de Automóveis, Camionetas e Utilitários Novos",5,3,2
02/2021,Padaria e Confeitaria com Pred. de Revenda,1,3,-2
02/2021,Com. Atac. Especial. em Outros Produtos Intermediários não Especif. Ant.,1,0,1
02/2021,Com. a Var. de Peças e Acessórios Novos para Veíc. Autom.,0,1,-1
02/2021,Com. a Var. de Pneumáticos e Câmaras-De-Ar,0,1,-1
02/2021,Com. a Var. de Peças e Acessórios Novos para Veíc. Autom.,0,1,-1
02/2021,"Com. Var. de Merc. em Geral, com Pred. de Produtos Alim. - Minimercados, Mercearias e Armazéns",0,1,-1
02/2021,Com. Var. de Comb. para Veíc. Autom.,2,1,1
02/2021,"Com. Var. de Merc. em Geral, com Pred. de Produtos Alim. - Superm.",0,2,-2
02/2021,"Com. Var. de Merc. em Geral, com Pred. de Produtos Alim. - Superm.",1,2,-1
02/2021,"Com. Var. de Merc. em Geral, com Pred. de Produtos Alim. - Superm.",9,6,3
02/2021,"Com. Var. de Merc. em Geral, com Pred. de Produtos Alim. - Superm.",4,4,0
02/2021,"Com. Var. de Merc. em Geral, com Pred. de Produtos Alim. - Superm.",6,3,3
02/2021,"Com. Var. de Merc. em Geral, com Pred. de Produtos Alim. - Superm.",3,9,-6
02/2021,"Com. Var. de Merc. em Geral, com Pred. de Produtos Alim. - Superm.",0,3,-3
02/2021,"Com. Var. de Merc. em Geral, com Pred. de Produtos Alim. - Superm.",13,11,2
02/2021,"Com. Var. de Merc. em Geral, com Pred. de Produtos Alim. - Superm.",4,3,1
02/2021,"Com. Var. de Merc. em Geral, com Pred. de Produtos Alim. - Superm.",7,9,-2
02/2021,Com. Atac. de Produtos Alim. em Geral,1,0,1
02/2021,"Com. Var. de Merc. em Geral, com Pred. de Produtos Alim. - Superm.",1,3,-2
02/2021,"Com. Var. de Merc. em Geral, com Pred. de Produtos Alim. - Superm.",1,1,0
02/2021,"Com. Var. de Merc. em Geral, com Pred. de Produtos Alim. - Superm.",4,3,1
02/2021,"Com. Var. de Merc. em Geral, com Pred. de Produtos Alim. - Superm.",4,2,2
02/2021,"Com. Var. de Merc. em Geral, com Pred. de Produtos Alim. - Superm.",5,7,-2
02/2021,Padaria e Confeitaria com Pred. de Revenda,1,0,1
02/2021,"Com. a Var. de Automóveis, Camionetas e Utilitários Novos",3,4,-1
02/2021,Padaria e Confeitaria com Pred. de Revenda,0,1,-1
02/2021,Com. a Var. de Peças e Acessórios Novos para Veíc. Autom.,1,0,1
02/2021,Com. Var. de Mat. de Const. em Geral,1,0,1
02/2021,Com. Var. de Comb. para Veíc. Autom.,0,1,-1
02/2021,"Com. Var. de Merc. em Geral, com Pred. de Produtos Alim. - Superm.",6,7,-1
02/2021,"Com. Var. de Merc. em Geral, com Pred. de Produtos Alim. - Superm.",2,6,-4
02/2021,"Com. Var. de Merc. em Geral, com Pred. de Produtos Alim. - Superm.",3,5,-2
02/2021,"Com. Var. de Merc. em Geral, com Pred. de Produtos Alim. - Superm.",1,3,-2
02/2021,"Com. Var. de Merc. em Geral, com Pred. de Produtos Alim. - Superm.",4,1,3
02/2021,"Com. Atac. de Frutas, Verduras, Raízes, Tubérculos, Hortaliças e Legumes Frescos",4,3,1
02/2021,Com. Var. de Outros Produtos não Especif. Ant.,1,1,0
02/2021,Com. a Var. de Motocicletas e Motonetas Novas,1,0,1
02/2021,Com. Var. de Mat. de Const. em Geral,3,1,2
02/2021,Com. Atac. de Art. de Escritório e de Papelaria,2,1,1
02/2021,"Com. Atac. de Máquinas, Aparelhos e Equip. para Uso Agropecuário, Partes e Peças",7,6,1
02/2021,Com. Atac. de Produtos Alim. em Geral,4,0,4
02/2021,Com. Var. de Mat. de Const. em Geral,1,0,1
02/2021,Com. Var. de Calçados,0,1,-1
02/2021,Com. Var. de Calçados,1,5,-4
02/2021,Com. Var. de Outros Produtos não Especif. Ant.,2,0,2
02/2021,"Com. Var. de Produtos Farmac., com Manip. de Fórmulas",7,4,3
02/2021,Comercio Var. de Art. de Armarinho,1,0,1
02/2021,Com. Var. de Ferragens e Ferramentas,0,1,-1
02/2021,Com. a Var. de Peças e Acessórios Novos para Veíc. Autom.,1,2,-1
02/2021,Com. por Atacado de Peças e Acessórios Novos para Veíc. Autom.,0,1,-1
02/2021,Padaria e Confeitaria com Pred. de Revenda,4,3,1
02/2021,Com. Var. de Animais Vivos e de Art. e Alimentos para Animais de Estimação,4,2,2
02/2021,"Com. Atac. de Outras Máquinas e Equip. não Especif. Ant., Partes e Peças",4,2,2
02/2021,Com. a Var. de Peças e Acessórios Usados para Veíc. Autom.,0,1,-1
02/2021,Serv. de Borracharia para Veíc. Autom.,0,2,-2
02/2021,Com. Var. de Art. do Vestuário e Acessórios,1,0,1
02/2021,Com. Var. de Lubrificantes,0,1,-1
02/2021,Serv. de Manutenção e Reparação Mecânica de Veíc. Autom.,0,1,-1
02/2021,"Com. Var. de Merc. em Geral, com Pred. de Produtos Alim. - Minimercados, Mercearias e Armazéns",0,1,-1
02/2021,Com. Var. de Madeira e Artefatos,2,0,2
02/2021,"Com. Var. de Merc. em Geral, com Pred. de Produtos Alim. - Minimercados, Mercearias e Armazéns",2,1,1
02/2021,"Com. Var. de Merc. em Geral, com Pred. de Produtos Alim. - Minimercados, Mercearias e Armazéns",1,1,0
02/2021,Com. Var. de Mat. de Const. não Especif. Ant.,1,0,1
02/2021,Com. a Var. de Peças e Acessórios Novos para Veíc. Autom.,0,1,-1
02/2021,"Com. a Var. de Automóveis, Camionetas e Utilitários Novos",4,5,-1
02/2021,Com. Var. de Equip. para Escritório,0,1,-1
02/2021,Padaria e Confeitaria com Pred. de Revenda,1,0,1
02/2021,"Com. Var. de Merc. em Geral, com Pred. de Produtos Alim. - Minimercados, Mercearias e Armazéns",0,1,-1
02/2021,Com. Atac. de Outros Equip. e Art. de Uso Pessoal e Doméstico não Especif. Ant.,0,2,-2
02/2021,"Com. Atac. de Máquinas, Aparelhos e Equip. para Uso Agropecuário, Partes e Peças",3,0,3
02/2021,Com. a Var. de Peças e Acessórios Novos para Veíc. Autom.,0,1,-1
02/2021,Padaria e Confeitaria com Pred. de Revenda,0,2,-2
02/2021,"Com. Atac. de Bicicletas, Triciclos e Outros Veíc. Recreativos",1,1,0
02/2021,Com. Var. de Art. de Papelaria,1,0,1
02/2021,Com. Var. Especial. de Eletrod. e Equip. de áudio e Vídeo,0,1,-1
02/2021,"Com. a Var. de Automóveis, Camionetas e Utilitários Usados",0,1,-1
02/2021,Com. a Var. de Peças e Acessórios para Motocicletas e Motonetas (Desativado),1,0,1
02/2021,Com. Var. de Art. Esportivos,1,1,0
02/2021,Com. Var. de Art. do Vestuário e Acessórios,2,0,2
02/2021,Com. Var. de Art. do Vestuário e Acessórios,0,1,-1
02/2021,Com. Var. de Art. de Papelaria,2,1,1
02/2021,Com. Var. de Outros Produtos não Especif. Ant.,0,1,-1
02/2021,"Com. Atac. de Cerveja, Chope e Refrigerante",7,9,-2
02/2021,Com. Var. de Mat. de Const. em Geral,1,0,1
02/2021,Serv. de Manutenção e Reparação Mecânica de Veíc. Autom.,0,1,-1
02/2021,Serv. de Manutenção e Reparação Mecânica de Veíc. Autom.,0,1,-1
02/2021,Padaria e Confeitaria com Pred. de Revenda,2,1,1
02/2021,Com. Var. Especial. de Equip. e Suprimentos de Informática,1,0,1
02/2021,Comercio Var. de Art. de Armarinho,1,0,1
02/2021,Com. Var. de Animais Vivos e de Art. e Alimentos para Animais de Estimação,0,1,-1
02/2021,Com. Atac. de Ferragens e Ferramentas,0,1,-1
02/2021,Com. Var. de Madeira e Artefatos,0,1,-1
02/2021,Com. por Atacado de Peças e Acessórios Novos para Veíc. Autom.,1,1,0
02/2021,Com. Var. de Outros Produtos não Especif. Ant.,1,0,1
02/2021,Com. a Var. de Peças e Acessórios Novos para Veíc. Autom.,1,3,-2
02/2021,Com. Var. de Mat. de Const. não Especif. Ant.,1,0,1
02/2021,Com. Var. de Mat. de Const. não Especif. Ant.,1,0,1
02/2021,Com. por Atacado de Caminhões Novos e Usados,2,0,2
02/2021,"Lojas de Dep. ou Magazines, Exceto Lojas Francas (Duty Free)",2,1,1
02/2021,Com. Atac. de Cosméticos e Produtos de Perfumaria,1,1,0
02/2021,"Com. Atac. de Cerveja, Chope e Refrigerante",2,9,-7
02/2021,Com. Var. de Art. do Vestuário e Acessórios,0,1,-1
02/2021,Com. Var. de Art. do Vestuário e Acessórios,0,1,-1
02/2021,Com. Atac. de Art. de Escritório e de Papelaria,4,2,2
02/2021,"Com. Var. de Merc. em Geral, com Pred. de Produtos Alim. - Superm.",6,11,-5
02/2021,"Com. Var. de Produtos Farmac., sem Manip. de Fórmulas",1,1,0
02/2021,"Com. Var. de Produtos Farmac., sem Manip. de Fórmulas",0,2,-2
02/2021,"Com. Var. de Produtos Farmac., sem Manip. de Fórmulas",1,0,1
02/2021,"Com. Var. de Produtos Farmac., sem Manip. de Fórmulas",3,1,2
02/2021,"Com. Var. de Produtos Farmac., sem Manip. de Fórmulas",0,2,-2
02/2021,"Com. Var. de Produtos Farmac., sem Manip. de Fórmulas",1,0,1
02/2021,"Com. Var. de Produtos Farmac., sem Manip. de Fórmulas",1,1,0
02/2021,"Com. Var. de Produtos Farmac., sem Manip. de Fórmulas",1,0,1
02/2021,"Com. Var. de Produtos Farmac., sem Manip. de Fórmulas",0,2,-2
02/2021,"Com. Var. de Produtos Farmac., sem Manip. de Fórmulas",0,1,-1
02/2021,"Com. Var. de Produtos Farmac., sem Manip. de Fórmulas",2,0,2
02/2021,"Com. Var. de Produtos Farmac., sem Manip. de Fórmulas",0,2,-2
02/2021,"Com. Var. de Produtos Farmac., sem Manip. de Fórmulas",1,0,1
02/2021,"Com. Var. de Produtos Farmac., sem Manip. de Fórmulas",1,0,1
02/2021,"Com. Var. de Produtos Farmac., sem Manip. de Fórmulas",0,2,-2
02/2021,"Com. Var. de Produtos Farmac., sem Manip. de Fórmulas",2,0,2
02/2021,Com. Var. de Vidros,2,0,2
02/2021,Com. Var. de Art. de Viagem,2,1,1
02/2021,"Com. Atac. de Chocolates, Confeitos, Balas, Bombons e Semelhantes",3,0,3
02/2021,Com. Var. de Outros Art. de Uso Doméstico não Especif. Ant.,1,0,1
02/2021,Com. Var. de Plantas e Flores Naturais,5,11,-6
02/2021,Com. por Atacado de Peças e Acessórios Novos para Veíc. Autom.,0,1,-1
02/2021,"Comercio Var. de Art. de Cama, Mesa e Banho",1,1,0
02/2021,"Com. Atac. de Produtos de Higiene, Limpeza e Conservação Domiciliar",0,1,-1
02/2021,Com. Var. de Comb. para Veíc. Autom.,1,1,0
02/2021,Com. Var. de Outros Produtos não Especif. Ant.,2,0,2
02/2021,Com. Var. de Calçados,0,2,-2
02/2021,Com. a Var. de Peças e Acessórios Novos para Veíc. Autom.,0,1,-1
02/2021,Com. a Var. de Peças e Acessórios Novos para Veíc. Autom.,1,0,1
02/2021,"Com. Var. de Merc. em Geral, com Pred. de Produtos Alim. - Superm.",27,42,-15
02/2021,"Com. Var. de Produtos Farmac., com Manip. de Fórmulas",2,1,1
02/2021,Com. Atac. de Resinas e Elastômeros,3,1,2
02/2021,Com. Var. de Outros Produtos não Especif. Ant.,2,0,2
02/2021,Com. Var. de Comb. para Veíc. Autom.,0,1,-1
02/2021,"Com. Var. de Produtos Farmac., sem Manip. de Fórmulas",0,2,-2
02/2021,"Com. Var. de Produtos Farmac., sem Manip. de Fórmulas",1,1,0
02/2021,"Com. Var. de Produtos Farmac., sem Manip. de Fórmulas",1,1,0
02/2021,Com. Var. de Mat. de Const. não Especif. Ant.,1,0,1
02/2021,Com. a Var. de Peças e Acessórios Novos para Veíc. Autom.,1,0,1
02/2021,"Com. Var. de Merc. em Geral, com Pred. de Produtos Alim. - Superm.",2,2,0
02/2021,Com. Var. de Produtos Alim. em Geral ou Especial. em Produtos Alim. não Especif. Ant.,1,1,0
02/2021,Serv. de Manutenção e Reparação Mecânica de Veíc. Autom.,0,1,-1
02/2021,Com. Atac. Especial. em Outros Produtos Alim. não Especif. Ant.,0,1,-1
02/2021,Com. Var. de Tintas e Mat. para Pintura,1,0,1
02/2021,Com. Var. de Mat. de Const. não Especif. Ant.,1,0,1
02/2021,Com. Var. de Mat. de Const. não Especif. Ant.,2,0,2
02/2021,Com. Atac. de Matérias-Primas Agrícolas não Especificadas Ant.,2,0,2
02/2021,Com. Var. de Brinquedos e Art. Recreativos,0,2,-2
02/2021,Com. Var. de AntigüIdades,0,1,-1
02/2021,Com. a Var. de Peças e Acessórios Novos para Veíc. Autom.,2,0,2
02/2021,"Com. Var. de Produtos Farmac., sem Manip. de Fórmulas",0,1,-1
02/2021,Com. Var. de Art. do Vestuário e Acessórios,1,0,1
02/2021,Com. Var. de Animais Vivos e de Art. e Alimentos para Animais de Estimação,0,1,-1
02/2021,"Com. Var. de Merc. em Geral, com Pred. de Produtos Alim. - Minimercados, Mercearias e Armazéns",1,0,1
02/2021,Com. Var. de Carnes - Açougues,1,0,1
02/2021,Padaria e Confeitaria com Pred. de Revenda,1,1,0
02/2021,"Com. Var. de Produtos Farmac., com Manip. de Fórmulas",9,3,6
02/2021,Com. a Var. de Peças e Acessórios Novos para Veíc. Autom.,0,1,-1
02/2021,"Com. Var. de Produtos Farmac., sem Manip. de Fórmulas",1,1,0
02/2021,Com. Var. de Mat. de Const. não Especif. Ant.,2,0,2
02/2021,Com. Var. de Mat. de Const. não Especif. Ant.,0,1,-1
02/2021,Com. Var. de Tintas e Mat. para Pintura,3,1,2
02/2021,Com. Var. de Tintas e Mat. para Pintura,1,0,1
02/2021,Com. Var. de Tintas e Mat. para Pintura,1,1,0
02/2021,Com. Var. de Tintas e Mat. para Pintura,2,0,2
02/2021,Com. Var. de Ferragens e Ferramentas,1,1,0
02/2021,Com. Var. de Mat. de Const. não Especif. Ant.,1,1,0
02/2021,Com. Var. de Art. do Vestuário e Acessórios,1,0,1
02/2021,Com. Var. de Outros Produtos não Especif. Ant.,1,0,1
02/2021,Com. Var. de Livros,0,1,-1
02/2021,Com. Var. de Outros Produtos não Especif. Ant.,0,1,-1
02/2021,"Serv. de Lavagem, Lubrificação e Polimento de Veíc. Autom.",0,7,-7
02/2021,Com. Var. de Ferragens e Ferramentas,0,1,-1
02/2021,Com. Var. de Vidros,3,0,3
02/2021,"Com. Atac. de Cerveja, Chope e Refrigerante",4,0,4
02/2021,Com. Var. de Plantas e Flores Naturais,1,1,0
02/2021,Com. Var. de Ferragens e Ferramentas,0,1,-1
02/2021,Com. Var. de Mat. de Const. em Geral,0,1,-1
02/2021,"Com. Var. de Merc. em Geral, com Pred. de Produtos Alim. - Superm.",1,3,-2
02/2021,Com. Var. de Produtos Alim. em Geral ou Especial. em Produtos Alim. não Especif. Ant.,1,0,1
02/2021,"Com. Var. de Produtos Farmac., sem Manip. de Fórmulas",0,1,-1
02/2021,"Com. Var. de Merc. em Geral, com Pred. de Produtos Alim. - Hipermercados",2,8,-6
02/2021,Com. Atac. de Ferragens e Ferramentas,11,3,8
02/2021,"Com. Var. de Merc. em Geral, com Pred. de Produtos Alim. - Hipermercados",3,4,-1
02/2021,Com. Atac. Especial. de Mat. de Const. não Especif. Ant.,3,4,-1
02/2021,Com. por Atacado de Motocicletas e Motonetas,0,1,-1
02/2021,"Com. Atac. de Máquinas, Aparelhos e Equip. para Uso Agropecuário, Partes e Peças",1,0,1
02/2021,Com. Var. de Art. do Vestuário e Acessórios,2,5,-3
02/2021,Com. Var. de Art. do Vestuário e Acessórios,0,2,-2
02/2021,"Com. Var. de Produtos Farmac., com Manip. de Fórmulas",0,1,-1
02/2021,Com. Var. de Carnes - Açougues,1,0,1
02/2021,Com. Atac. de Roupas e Acessórios para Uso Profissional e de Segurança do Trabalho,0,1,-1
02/2021,Com. Var. Especial. de Equip. de Telefonia e Comunicação,0,2,-2
06/2021,Com. Var. Especial. de Equip. e Suprimentos de Informática,2,1,1
06/2021,"Com. a Var. de Automóveis, Camionetas e Utilitários Usados",3,0,3
06/2021,Com. Var. Especial. de Equip. de Telefonia e Comunicação,0,1,-1
06/2021,"Com. Var. de Cosméticos, Produtos de Perfumaria e de Higiene Pessoal",0,1,-1
06/2021,Com. Atac. de Ferragens e Ferramentas,2,1,1
06/2021,Com. Var. de Outros Produtos não Especif. Ant.,0,1,-1
06/2021,"Com. Var. de Doces, Balas, Bombons e Semelhantes",1,0,1
06/2021,Com. Var. Especial. de Eletrod. e Equip. de áudio e Vídeo,6,3,3
06/2021,Com. Var. de Art. do Vestuário e Acessórios,0,1,-1
06/2021,Com. Atac. de Medicamentos e Drogas de Uso Veterinário,0,1,-1
06/2021,"Com. Var. de Merc. em Geral, com Pred. de Produtos Alim. - Minimercados, Mercearias e Armazéns",0,1,-1
06/2021,Padaria e Confeitaria com Pred. de Revenda,2,1,1
06/2021,Com. Var. de Outros Produtos não Especif. Ant.,0,1,-1
06/2021,Com. Atac. de Ferragens e Ferramentas,1,1,0
06/2021,Com. Var. de Outros Produtos não Especif. Ant.,1,0,1
06/2021,"Com. Atac. de Máquinas e Equip. para Uso Industrial, Partes e Peças",1,0,1
06/2021,Com. Var. de Móveis,0,1,-1
06/2021,Com. a Var. de Peças e Acessórios Novos para Veíc. Autom.,0,1,-1
06/2021,"Com. Var. de Cosméticos, Produtos de Perfumaria e de Higiene Pessoal",1,0,1
06/2021,Com. a Var. de Peças e Acessórios Novos para Veíc. Autom.,3,1,2
06/2021,"Com. Atac. de Frutas, Verduras, Raízes, Tubérculos, Hortaliças e Legumes Frescos",1,0,1
06/2021,Com. Var. de Produtos Alim. em Geral ou Especial. em Produtos Alim. não Especif. Ant.,1,0,1
06/2021,"Com. a Var. de Automóveis, Camionetas e Utilitários Usados",1,1,0
06/2021,"Com. Var. de Produtos Farmac., com Manip. de Fórmulas",1,0,1
06/2021,Com. a Var. de Pneumáticos e Câmaras-De-Ar,0,1,-1
06/2021,Com. a Var. de Pneumáticos e Câmaras-De-Ar,1,1,0
06/2021,"Representantes Comerciais e Agentes do Com. de Têxteis, Vestuário, Calçados e Art. de Viagem",1,1,0
06/2021,Com. Var. de Outros Produtos não Especif. Ant.,0,1,-1
06/2021,Com. Var. de Outros Produtos não Especif. Ant.,1,0,1
06/2021,Com. a Var. de Peças e Acessórios Novos para Veíc. Autom.,1,0,1
06/2021,Com. Var. Especial. de Eletrod. e Equip. de áudio e Vídeo,0,1,-1
06/2021,Padaria e Confeitaria com Pred. de Revenda,0,1,-1
06/2021,"Com. Var. de Merc. em Geral, com Pred. de Produtos Alim. - Hipermercados",7,7,0
06/2021,"Com. a Var. de Automóveis, Camionetas e Utilitários Novos",2,1,1
06/2021,Com. Var. de Material Elétrico,1,1,0
06/2021,Com. Atac. de Medicamentos e Drogas de Uso Humano,50,41,9
06/2021,"Com. Var. de Produtos Farmac., sem Manip. de Fórmulas",1,0,1
06/2021,Com. Var. de Art. Esportivos,1,0,1
06/2021,Com. Var. de Hortifrutigranjeiros,1,0,1
06/2021,Padaria e Confeitaria com Pred. de Revenda,1,0,1
06/2021,Com. Var. de Art. do Vestuário e Acessórios,1,1,0
06/2021,"Com. Var. de Produtos Farmac., sem Manip. de Fórmulas",0,1,-1
06/2021,Com. Atac. Especial. em Outros Produtos Intermediários não Especif. Ant.,0,1,-1
06/2021,"Com. Atac. de Instrumentos e Mat. para Uso Médico, Cirúrgico, Hospitalar e de Laboratórios",1,1,0
06/2021,Com. Atac. de Componentes Eletrônicos e Equip. de Telefonia e Comunicação,1,0,1
06/2021,"Com. Var. de Cosméticos, Produtos de Perfumaria e de Higiene Pessoal",0,1,-1
06/2021,Com. Var. Especial. de Equip. e Suprimentos de Informática,1,0,1
06/2021,"Com. Var. de Produtos Farmac., sem Manip. de Fórmulas",1,0,1
06/2021,Com. Atac. de Produtos Alim. em Geral,0,1,-1
06/2021,Com. Var. de Art. do Vestuário e Acessórios,0,1,-1
06/2021,Com. a Var. de Peças e Acessórios Novos para Veíc. Autom.,0,1,-1
06/2021,Comercio Var. de Art. de Armarinho,2,0,2
06/2021,"Com. Var. de Doces, Balas, Bombons e Semelhantes",0,1,-1
06/2021,Com. Var. de Outros Produtos não Especif. Ant.,1,0,1
06/2021,Com. a Var. de Peças e Acessórios Novos para Veíc. Autom.,1,0,1
06/2021,Com. Atac. de Resíduos e Sucatas Metálicos,0,1,-1
06/2021,Com. Atac. de Carnes Bovinas e Suínas e Derivados,3,3,0
06/2021,Com. Var. Especial. de Equip. e Suprimentos de Informática,1,0,1
06/2021,Com. Var. de Outros Produtos não Especif. Ant.,0,1,-1
06/2021,Com. por Atacado de Peças e Acessórios Novos para Veíc. Autom.,1,0,1
06/2021,Com. por Atacado de Pneumáticos e Câmaras-De-Ar,1,3,-2
06/2021,Com. Atac. de Resíduos de Papel e Papelão,6,3,3
06/2021,Com. Var. de Outros Art. de Uso Doméstico não Especif. Ant.,1,1,0
06/2021,Com. Var. de Brinquedos e Art. Recreativos,1,0,1
06/2021,"Lojas de Variedades, Exceto Lojas de Dep. ou Magazines",1,0,1
06/2021,"Com. Var. de Cosméticos, Produtos de Perfumaria e de Higiene Pessoal",0,1,-1
06/2021,Com. Var. Especial. de Equip. e Suprimentos de Informática,0,1,-1
06/2021,Com. Var. de Produtos Alim. em Geral ou Especial. em Produtos Alim. não Especif. Ant.,0,1,-1
06/2021,Com. Var. de Outros Produtos não Especif. Ant.,1,0,1
06/2021,"Com. a Var. de Automóveis, Camionetas e Utilitários Novos",2,1,1
06/2021,Com. Var. de Comb. para Veíc. Autom.,0,1,-1
06/2021,Com. Var. de Móveis,2,0,2
06/2021,Representantes Comerciais e Agentes do Com. de Merc. em Geral não Especial.,0,1,-1
06/2021,Com. Var. de Outros Produtos não Especif. Ant.,1,0,1
06/2021,"Com. a Var. de Automóveis, Camionetas e Utilitários Usados",0,1,-1
06/2021,Com. a Var. de Peças e Acessórios Novos para Veíc. Autom.,1,1,0
06/2021,Com. Var. de Art. de óptica,1,0,1
06/2021,Padaria e Confeitaria com Pred. de Revenda,0,1,-1
06/2021,"Com. a Var. de Automóveis, Camionetas e Utilitários Novos",2,1,1
06/2021,Com. Var. de Carnes - Açougues,1,0,1
06/2021,Serv. de Manutenção e Reparação Mecânica de Veíc. Autom.,0,1,-1
06/2021,Com. a Var. de Pneumáticos e Câmaras-De-Ar,0,1,-1
06/2021,"Com. Var. de Cosméticos, Produtos de Perfumaria e de Higiene Pessoal",1,0,1
06/2021,Com. Var. de Art. do Vestuário e Acessórios,2,2,0
06/2021,Com. Var. de Outros Produtos não Especif. Ant.,1,1,0
06/2021,Com. Var. de Art. de Colchoaria,3,2,1
06/2021,"Com. Atac. de Tintas, Vernizes e Similares",3,0,3
06/2021,"Com. Var. de Suvenires, Bijuterias e Artesanatos",0,1,-1
06/2021,"Com. Var. de Suvenires, Bijuterias e Artesanatos",1,0,1
06/2021,"Com. Var. de Suvenires, Bijuterias e Artesanatos",1,0,1
06/2021,Com. Var. de Outros Produtos não Especif. Ant.,1,1,0
06/2021,"Com. Var. de Produtos Farmac., com Manip. de Fórmulas",0,1,-1
06/2021,Com. Var. de Comb. para Veíc. Autom.,2,1,1
06/2021,"Com. Var. de Produtos Farmac., sem Manip. de Fórmulas",0,2,-2
06/2021,Com. Var. Especial. de Equip. de Telefonia e Comunicação,0,1,-1
06/2021,Com. Var. Especial. de Equip. de Telefonia e Comunicação,1,1,0
06/2021,Com. Atac. Especial. em Outros Produtos Intermediários não Especif. Ant.,1,0,1
06/2021,Com. Atac. de Produtos Alim. em Geral,4,0,4
06/2021,Com. Var. de Madeira e Artefatos,0,2,-2
06/2021,Com. varejista especializado de equipamentos e suprimentos de informática,1,0,1
06/2021,Com. Var. de Produtos Alim. em Geral ou Especial. em Produtos Alim. não Especif. Ant.,1,0,1
06/2021,Com. Var. Especial. de Instrumentos Musicais e Acessórios,1,1,0
06/2021,Com. Atac. de Cosméticos e Produtos de Perfumaria,12,2,10
06/2021,Com. Var. de Animais Vivos e de Art. e Alimentos para Animais de Estimação,1,0,1
06/2021,Com. Var. de Mat. de Const. em Geral,5,4,1
06/2021,Com. Var. de Art. do Vestuário e Acessórios,5,2,3
06/2021,"Com. Var. de Merc. em Geral, com Pred. de Produtos Alim. - Superm.",1,0,1
06/2021,"Com. Var. de Merc. em Geral, com Pred. de Produtos Alim. - Superm.",1,0,1
06/2021,"Serv. de Lavagem, Lubrificação e Polimento de Veíc. Autom.",1,0,1
06/2021,Com. Var. de Móveis,0,1,-1
06/2021,Com. Var. de Art. de óptica,2,1,1
06/2021,Com. Var. de Mat. de Const. não Especif. Ant.,5,1,4
06/2021,Com. por Atacado de Pneumáticos e Câmaras-De-Ar,1,0,1
06/2021,Com. Var. de Outros Produtos não Especif. Ant.,2,0,2
06/2021,Com. Var. de Mat. de Const. não Especif. Ant.,0,2,-2
06/2021,Com. Atac. de Sorvetes,2,0,2
06/2021,Com. Var. de Art. de óptica,1,0,1
06/2021,"Com. Var. de Suvenires, Bijuterias e Artesanatos",0,1,-1
06/2021,Com. Atac. de Cosméticos e Produtos de Perfumaria,3,3,0
06/2021,Com. Atac. de Outros Equip. e Art. de Uso Pessoal e Doméstico não Especif. Ant.,0,2,-2
06/2021,Com. Var. de Art. do Vestuário e Acessórios,2,0,2
06/2021,Com. Atac. de Ferragens e Ferramentas,0,1,-1
06/2021,Com. Atac. de Produtos Alim. em Geral,0,1,-1
06/2021,Serv. de Manutenção e Reparação Mecânica de Veíc. Autom.,3,1,2
06/2021,"Com. Var. de Produtos Farmac., sem Manip. de Fórmulas",1,0,1
06/2021,Com. Var. de Plantas e Flores Naturais,1,0,1
06/2021,Com. por Atacado de Peças e Acessórios para Motocicletas e Motonetas,1,1,0
06/2021,Com. Var. de Art. de Viagem,1,0,1
06/2021,"Com. a Var. de Automóveis, Camionetas e Utilitários Novos",1,1,0
06/2021,Com. Var. Especial. de Eletrod. e Equip. de áudio e Vídeo,0,1,-1
06/2021,Com. Var. de Comb. para Veíc. Autom.,1,1,0
06/2021,Com. Atac. de Produtos Alim. em Geral,10,6,4
06/2021,Com. Var. de Comb. para Veíc. Autom.,0,4,-4
06/2021,"Com. Var. Especial. de Peças e Acessórios para Aparelhos Eletroeletrônicos para Uso Doméstico, Exceto Informática e Comunicação",1,1,0
06/2021,Com. Var. de Tintas e Mat. para Pintura,0,1,-1
06/2021,Com. Var. de Equip. para Escritório,0,4,-4
06/2021,Com. a Var. de Pneumáticos e Câmaras-De-Ar,1,0,1
06/2021,Com. Var. de Outros Produtos não Especif. Ant.,2,2,0
06/2021,"Com. Var. de Suvenires, Bijuterias e Artesanatos",0,1,-1
06/2021,Com. Var. de Equip. para Escritório,2,1,1
06/2021,Com. Var. Especial. de Eletrod. e Equip. de áudio e Vídeo,0,2,-2
06/2021,Com. Var. de Art. do Vestuário e Acessórios,2,0,2
06/2021,"Com. Var. de Produtos Farmac., sem Manip. de Fórmulas",1,0,1
06/2021,Com. Var. de Hortifrutigranjeiros,7,4,3
06/2021,Com. Var. de Hortifrutigranjeiros,2,2,0
06/2021,Com. Var. de Calçados,0,1,-1
06/2021,"Com. a Var. de Automóveis, Camionetas e Utilitários Novos",0,2,-2
06/2021,Serv. de Manutenção e Reparação Mecânica de Veíc. Autom.,1,0,1
06/2021,Com. Atac. de Ferragens e Ferramentas,1,1,0
06/2021,Com. Atac. Especial. em Outros Produtos Intermediários não Especif. Ant.,0,1,-1
06/2021,Com. Var. de Comb. para Veíc. Autom.,0,1,-1
06/2021,Com. Var. de Produtos Alim. em Geral ou Especial. em Produtos Alim. não Especif. Ant.,0,4,-4
06/2021,Com. a Var. de Peças e Acessórios Novos para Veíc. Autom.,0,1,-1
06/2021,Com. Var. de Jornais e Revistas,0,1,-1
06/2021,Com. Var. de Brinquedos e Art. Recreativos,1,0,1
06/2021,Com. Var. de Madeira e Artefatos,1,1,0
06/2021,Com. a Var. de Peças e Acessórios Novos para Veíc. Autom.,6,3,3
06/2021,Com. Var. de Comb. para Veíc. Autom.,0,6,-6
06/2021,Com. Var. de Calçados,1,0,1
06/2021,Com. Var. de Bebidas,0,1,-1
06/2021,"Com. a Var. de Automóveis, Camionetas e Utilitários Novos",2,6,-4
06/2021,Com. Var. de Mat. de Const. em Geral,0,1,-1
06/2021,Com. Atac. de Resíduos e Sucatas Metálicos,2,0,2
06/2021,Comercio Var. de Art. de Armarinho,1,2,-1
06/2021,Com. Var. de Art. do Vestuário e Acessórios,0,1,-1
06/2021,Com. Var. Especial. de Equip. de Telefonia e Comunicação,0,1,-1
06/2021,Com. Var. de Madeira e Artefatos,1,1,0
06/2021,"Com. Var. de Cosméticos, Produtos de Perfumaria e de Higiene Pessoal",0,1,-1
06/2021,Com. a Var. de Motocicletas e Motonetas Novas,1,1,0
06/2021,Com. Atac. de Produtos Alim. em Geral,1,0,1
06/2021,Com. Var. de Comb. para Veíc. Autom.,0,1,-1
06/2021,Representantes Comerciais e Agentes do Com. de Merc. em Geral não Especial.,1,0,1
06/2021,Padaria e Confeitaria com Pred. de Revenda,0,1,-1
06/2021,"Com. Var. de Merc. em Geral, com Pred. de Produtos Alim. - Superm.",11,8,3
06/2021,Com. Var. de Art. de óptica,0,1,-1
06/2021,Com. Var. Especial. de Eletrod. e Equip. de áudio e Vídeo,0,1,-1
06/2021,Com. Atac. de Outros Equip. e Art. de Uso Pessoal e Doméstico não Especif. Ant.,1,1,0
06/2021,"Com. Var. de Produtos Farmac., sem Manip. de Fórmulas",0,2,-2
06/2021,Com. a Var. de Peças e Acessórios Novos para Veíc. Autom.,1,0,1
06/2021,Com. Var. de Outros Art. de Uso Doméstico não Especif. Ant.,1,0,1
06/2021,Com. Var. de Mat. de Const. em Geral,1,0,1
06/2021,"Com. Var. de Cosméticos, Produtos de Perfumaria e de Higiene Pessoal",0,1,-1
06/2021,"Com. Var. de Cosméticos, Produtos de Perfumaria e de Higiene Pessoal",1,0,1
06/2021,Com. Atac. de Alimentos para Animais,2,3,-1
06/2021,Com. Var. de Art. do Vestuário e Acessórios,1,0,1
06/2021,Com. Var. de Outros Art. de Uso Doméstico não Especif. Ant.,0,1,-1
06/2021,Com. Var. de Outros Art. de Uso Doméstico não Especif. Ant.,0,1,-1
06/2021,Com. Atac. de Outros Equip. e Art. de Uso Pessoal e Doméstico não Especif. Ant.,4,2,2
06/2021,"Com. Var. de Merc. em Geral, com Pred. de Produtos Alim. - Minimercados, Mercearias e Armazéns",1,2,-1
06/2021,"Com. Atac. de Instrumentos e Mat. para Uso Médico, Cirúrgico, Hospitalar e de Laboratórios",0,2,-2
06/2021,Com. a Var. de Peças e Acessórios Novos para Veíc. Autom.,0,1,-1
06/2021,"Com. Var. de Merc. em Geral, com Pred. de Produtos Alim. - Superm.",6,3,3
06/2021,"Com. Var. de Merc. em Geral, com Pred. de Produtos Alim. - Hipermercados",11,6,5
06/2021,"Com. Var. de Merc. em Geral, com Pred. de Produtos Alim. - Superm.",2,0,2
06/2021,"Com. a Var. de Automóveis, Camionetas e Utilitários Usados",0,1,-1
06/2021,Com. Var. de Art. de Colchoaria,0,1,-1
06/2021,Com. a Var. de Peças e Acessórios Novos para Veíc. Autom.,0,1,-1
06/2021,Com. Var. de Art. do Vestuário e Acessórios,0,1,-1
06/2021,Com. a Var. de Peças e Acessórios Novos para Veíc. Autom.,1,2,-1
06/2021,"Com. Atac. de Outras Máquinas e Equip. não Especif. Ant., Partes e Peças",1,0,1
06/2021,"Com. Var. de Merc. em Geral, com Pred. de Produtos Alim. - Minimercados, Mercearias e Armazéns",2,5,-3
06/2021,Com. a Var. de Peças e Acessórios Novos para Veíc. Autom.,1,0,1
06/2021,Com. Var. de Plantas e Flores Naturais,4,3,1
06/2021,Com. a Var. de Peças e Acessórios Novos para Veíc. Autom.,0,1,-1
06/2021,Com. Var. de Art. Esportivos,1,2,-1
06/2021,Com. Var. de Outros Art. de Uso Doméstico não Especif. Ant.,1,0,1
06/2021,Com. Var. de Brinquedos e Art. Recreativos,1,2,-1
06/2021,"Com. Atac. de Resíduos e Sucatas Não-Metálicos, Exceto de Papel e Papelão",1,0,1
06/2021,"Com. Atac. de Frutas, Verduras, Raízes, Tubérculos, Hortaliças e Legumes Frescos",0,1,-1
06/2021,"Com. Var. de Merc. em Geral, com Pred. de Produtos Alim. - Superm.",7,10,-3
06/2021,"Lojas de Variedades, Exceto Lojas de Dep. ou Magazines",3,0,3
06/2021,"Com. Var. de Bicicletas e Triciclos, Peças e Acessórios",0,1,-1
06/2021,"Com. Var. de Bicicletas e Triciclos, Peças e Acessórios",1,0,1
06/2021,Com. Var. de Comb. para Veíc. Autom.,4,1,3
06/2021,"Com. Var. de Produtos Farmac., sem Manip. de Fórmulas",2,2,0
06/2021,Com. a Var. de Peças e Acessórios Novos para Veíc. Autom.,1,0,1
06/2021,Com. Var. de Art. do Vestuário e Acessórios,9,1,8
06/2021,"Com. a Var. de Automóveis, Camionetas e Utilitários Usados",1,0,1
06/2021,Com. a Var. de Peças e Acessórios Novos para Veíc. Autom.,1,1,0
06/2021,Com. a Var. de Peças e Acessórios Novos para Veíc. Autom.,3,0,3
06/2021,Com. Var. de Art. de Colchoaria,0,1,-1
06/2021,Com. a Var. de Peças e Acessórios Novos para Veíc. Autom.,0,1,-1
06/2021,Com. Var. de Carnes - Açougues,1,0,1
06/2021,"Com. Atac. de Frutas, Verduras, Raízes, Tubérculos, Hortaliças e Legumes Frescos",1,1,0
06/2021,Com. Var. de Mat. de Const. em Geral,1,0,1
06/2021,Com. Var. Especial. de Equip. e Suprimentos de Informática,1,3,-2
06/2021,"Lojas de Variedades, Exceto Lojas de Dep. ou Magazines",1,0,1
06/2021,Com. Var. de Livros,0,2,-2
06/2021,"Com. Var. de Produtos Farmac., sem Manip. de Fórmulas",2,1,1
06/2021,"Com. Var. de Produtos Farmac., sem Manip. de Fórmulas",0,3,-3
06/2021,Com. a Var. de Peças e Acessórios Novos para Veíc. Autom.,1,0,1
06/2021,Com. Var. de Art. do Vestuário e Acessórios,1,0,1
06/2021,Com. Var. de Tintas e Mat. para Pintura,1,0,1
06/2021,"Com. Atac. de Cerveja, Chope e Refrigerante",2,2,0
06/2021,Com. Var. de Madeira e Artefatos,0,1,-1
06/2021,Com. Var. de Produtos Saneantes Domissanitários,0,1,-1
06/2021,Com. Var. de Art. de Iluminação,0,2,-2
06/2021,"Representantes Comerciais e Agentes do Com. de Produtos Alim., Bebidas e Fumo",2,1,1
06/2021,Padaria e Confeitaria com Pred. de Revenda,1,2,-1
06/2021,Com. Var. de Comb. para Veíc. Autom.,1,0,1
06/2021,Com. Var. de Carnes - Açougues,0,1,-1
06/2021,Com. Var. de Outros Art. de Uso Doméstico não Especif. Ant.,0,1,-1
06/2021,Serv. de Manutenção e Reparação Mecânica de Veíc. Autom.,0,1,-1
06/2021,Com. Var. de Comb. para Veíc. Autom.,3,0,3
06/2021,Com. Var. de Art. de Colchoaria,3,0,3
06/2021,"Com. Var. de Merc. em Geral, com Pred. de Produtos Alim. - Minimercados, Mercearias e Armazéns",2,0,2
06/2021,Com. a Var. de Motocicletas e Motonetas Novas,1,0,1
06/2021,"Com. Var. de Merc. em Geral, com Pred. de Produtos Alim. - Minimercados, Mercearias e Armazéns",2,0,2
06/2021,Com. Var. de Art. do Vestuário e Acessórios,1,0,1
06/2021,"Com. a Var. de Automóveis, Camionetas e Utilitários Novos",3,0,3
06/2021,Com. Atac. de Equip. Elétricos de Uso Pessoal e Doméstico,1,0,1
06/2021,Com. Var. de Calçados,0,1,-1
06/2021,Com. a Var. de Pneumáticos e Câmaras-De-Ar,0,1,-1
06/2021,Com. a Var. de Peças e Acessórios Novos para Veíc. Autom.,0,1,-1
06/2021,Com. Var. Especial. de Eletrod. e Equip. de áudio e Vídeo,0,1,-1
06/2021,Com. Var. Especial. de Eletrod. e Equip. de áudio e Vídeo,5,1,4
06/2021,Com. Atac. de Produtos Alim. em Geral,1,2,-1
06/2021,Com. a Var. de Peças e Acessórios Novos para Veíc. Autom.,0,1,-1
06/2021,Com. Var. de Art. do Vestuário e Acessórios,2,1,1
06/2021,Com. Var. Especial. de Equip. e Suprimentos de Informática,2,0,2
06/2021,Com. Var. de Ferragens e Ferramentas,0,1,-1
06/2021,Com. Var. de Outros Art. de Uso Doméstico não Especif. Ant.,3,0,3
06/2021,Com. Var. de Material Elétrico,0,1,-1
06/2021,Com. Var. de Livros,1,1,0
06/2021,Com. Var. Especial. de Equip. de Telefonia e Comunicação,2,0,2
06/2021,Com. Var. de Mat. de Const. em Geral,1,0,1
06/2021,Com. Var. de Art. do Vestuário e Acessórios,0,1,-1
06/2021,Com. Var. de Comb. para Veíc. Autom.,0,1,-1
06/2021,Com. a Var. de Peças e Acessórios Novos para Veíc. Autom.,2,2,0
06/2021,Com. Var. de Ferragens e Ferramentas,0,3,-3
06/2021,Com. Var. de Mat. de Const. em Geral,0,1,-1
06/2021,"Com. Var. de Cosméticos, Produtos de Perfumaria e de Higiene Pessoal",0,2,-2
06/2021,Com. Var. de Produtos Alim. em Geral ou Especial. em Produtos Alim. não Especif. Ant.,3,5,-2
06/2021,"Com. Var. de Doces, Balas, Bombons e Semelhantes",1,0,1
06/2021,Com. Var. de Art. de óptica,0,1,-1
06/2021,Com. Var. de Art. Médicos e Ortopédicos,1,0,1
06/2021,"Com. a Var. de Automóveis, Camionetas e Utilitários Novos",2,2,0
06/2021,Com. Var. Especial. de Equip. e Suprimentos de Informática,1,0,1
06/2021,Com. Var. de Móveis,0,1,-1
06/2021,Com. Var. de Calçados,1,1,0
06/2021,Com. Var. de Produtos Alim. em Geral ou Especial. em Produtos Alim. não Especif. Ant.,1,5,-4
06/2021,Com. Var. de Outros Produtos não Especif. Ant.,3,2,1
06/2021,Com. Atac. de Embalagens,5,7,-2
06/2021,"Com. Var. de Merc. em Geral, com Pred. de Produtos Alim. - Minimercados, Mercearias e Armazéns",1,1,0
06/2021,"Com. a Var. de Automóveis, Camionetas e Utilitários Usados",1,0,1
06/2021,"Com. a Var. de Automóveis, Camionetas e Utilitários Novos",4,3,1
06/2021,Com. Var. de Art. de óptica,0,1,-1
06/2021,Com. Var. de Art. de óptica,1,0,1
06/2021,Com. Var. de Móveis,10,5,5
06/2021,Com. Var. de Móveis,1,0,1
06/2021,Com. Var. de Comb. para Veíc. Autom.,1,0,1
06/2021,Com. Var. de Outros Art. de Uso Doméstico não Especif. Ant.,1,0,1
06/2021,Com. Var. de Comb. para Veíc. Autom.,2,5,-3
06/2021,Com. Var. de Produtos Saneantes Domissanitários,0,6,-6
06/2021,Com. Var. de Móveis,1,0,1
06/2021,Com. Var. de Calçados,1,0,1
06/2021,"Com. Var. de Cosméticos, Produtos de Perfumaria e de Higiene Pessoal",3,2,1
06/2021,Com. a Var. de Motocicletas e Motonetas Novas,1,0,1
06/2021,"Lojas de Variedades, Exceto Lojas de Dep. ou Magazines",0,1,-1
06/2021,Com. a Var. de Peças e Acessórios Novos para Veíc. Autom.,0,1,-1
06/2021,Com. Atac. de Embalagens,4,1,3
06/2021,Com. Var. de Hortifrutigranjeiros,6,14,-8
06/2021,"Com. Atac. de Frutas, Verduras, Raízes, Tubérculos, Hortaliças e Legumes Frescos",1,0,1
06/2021,Com. Var. de Hortifrutigranjeiros,8,14,-6
06/2021,Com. Var. de Art. do Vestuário e Acessórios,0,1,-1
06/2021,Com. Var. de Madeira e Artefatos,1,0,1
06/2021,Com. Var. Especial. de Equip. de Telefonia e Comunicação,0,2,-2
06/2021,Com. Var. de Art. do Vestuário e Acessórios,1,0,1
06/2021,"Com. Atac. de Merc. em Geral, com Pred. de Produtos Alim.",0,2,-2
06/2021,Com. Var. de Laticínios e Frios,1,0,1
06/2021,"Com. Atac. de Cerveja, Chope e Refrigerante",0,1,-1
06/2021,Serv. de Borracharia para Veíc. Autom.,0,1,-1
06/2021,"Com. Var. de Merc. em Geral, com Pred. de Produtos Alim. - Minimercados, Mercearias e Armazéns",1,1,0
06/2021,"Com. a Var. de Automóveis, Camionetas e Utilitários Novos",2,5,-3
06/2021,Com. Var. de Art. do Vestuário e Acessórios,1,0,1
06/2021,Com. Var. de Comb. para Veíc. Autom.,1,0,1
06/2021,Serv. de Alinhamento e Balanceamento de Veíc. Autom.,1,1,0
06/2021,Com. Var. de Móveis,42,3,39
06/2021,"Lojas de Variedades, Exceto Lojas de Dep. ou Magazines",1,0,1
06/2021,Com. a Var. de Peças e Acessórios Novos para Veíc. Autom.,0,2,-2
06/2021,Com. Var. de Tecidos,1,0,1
06/2021,"Com. Var. de Cosméticos, Produtos de Perfumaria e de Higiene Pessoal",0,3,-3
06/2021,Com. Var. de Lubrificantes,1,1,0
06/2021,Com. a Var. de Motocicletas e Motonetas Novas,1,0,1
06/2021,Com. Var. de Comb. para Veíc. Autom.,1,4,-3
06/2021,"Com. Var. de Produtos Farmac., sem Manip. de Fórmulas",1,0,1
06/2021,"Com. Var. de Merc. em Geral, com Pred. de Produtos Alim. - Minimercados, Mercearias e Armazéns",0,2,-2
06/2021,"Com. Var. de Produtos Farmac., sem Manip. de Fórmulas",2,1,1
06/2021,"Com. a Var. de Automóveis, Camionetas e Utilitários Novos",0,2,-2
06/2021,Com. Atac. de Resíduos e Sucatas Metálicos,0,1,-1
06/2021,Com. a Var. de Peças e Acessórios Novos para Veíc. Autom.,1,0,1
06/2021,"Com. Var. de Cosméticos, Produtos de Perfumaria e de Higiene Pessoal",0,1,-1
06/2021,Com. Var. de Produtos Saneantes Domissanitários,0,1,-1
06/2021,Com. Var. de Hortifrutigranjeiros,0,1,-1
06/2021,Com. Atac. de Cosméticos e Produtos de Perfumaria,1,0,1
06/2021,"Com. Var. de Merc. em Geral, com Pred. de Produtos Alim. - Minimercados, Mercearias e Armazéns",3,0,3
06/2021,Serv. de Manutenção e Reparação Mecânica de Veíc. Autom.,1,0,1
06/2021,Com. a Var. de Peças e Acessórios Novos para Veíc. Autom.,0,1,-1
06/2021,Com. Atac. de Alimentos para Animais,5,3,2
06/2021,Com. Var. de Art. do Vestuário e Acessórios,0,11,-11
06/2021,Com. por Atacado de Caminhões Novos e Usados,2,1,1
06/2021,Com. Var. de Outros Produtos não Especif. Ant.,0,1,-1
06/2021,Com. Var. de Art. de Papelaria,0,1,-1
06/2021,Com. Var. de Art. do Vestuário e Acessórios,2,0,2
06/2021,"Com. Var. de Produtos Farmac., sem Manip. de Fórmulas",1,0,1
06/2021,Com. Var. Especial. de Equip. e Suprimentos de Informática,7,1,6
06/2021,"Com. Var. de Produtos Farmac., sem Manip. de Fórmulas",1,0,1
06/2021,Com. por Atacado de Peças e Acessórios Novos para Veíc. Autom.,1,0,1
06/2021,Com. Var. de Produtos Saneantes Domissanitários,1,0,1
06/2021,Com. Var. de Outros Produtos não Especif. Ant.,1,1,0
06/2021,Com. Var. de Art. Médicos e Ortopédicos,0,1,-1
06/2021,Com. Atac. de Outros Equip. e Art. de Uso Pessoal e Doméstico não Especif. Ant.,3,0,3
06/2021,"Serv. de Instalação, Manutenção e Reparação de Acessórios para Veíc. Autom.",3,4,-1
06/2021,Com. Var. de Plantas e Flores Naturais,1,3,-2
06/2021,Com. Var. de Calçados,2,1,1
06/2021,Com. Var. de Calçados,0,2,-2
06/2021,Com. Var. de Calçados,1,1,0
06/2021,Com. a Var. de Motocicletas e Motonetas Usadas,0,4,-4
06/2021,"Com. Atac. de Frutas, Verduras, Raízes, Tubérculos, Hortaliças e Legumes Frescos",1,0,1
06/2021,Com. Var. de Mat. de Const. em Geral,0,1,-1
06/2021,Com. Var. de Animais Vivos e de Art. e Alimentos para Animais de Estimação,0,1,-1
06/2021,Serv. de Manutenção e Reparação Mecânica de Veíc. Autom.,2,0,2
06/2021,Com. Var. de Art. do Vestuário e Acessórios,0,1,-1
06/2021,Com. Var. de Art. do Vestuário e Acessórios,0,1,-1
06/2021,"Lojas de Variedades, Exceto Lojas de Dep. ou Magazines",0,1,-1
06/2021,Com. Var. de Art. do Vestuário e Acessórios,0,3,-3
06/2021,Com. Var. de Livros,1,0,1
06/2021,Com. Var. de Calçados,1,0,1
06/2021,Com. Var. de Art. do Vestuário e Acessórios,4,2,2
06/2021,Com. Var. de Art. do Vestuário e Acessórios,1,4,-3
06/2021,Com. Var. de Art. do Vestuário e Acessórios,1,1,0
06/2021,"Com. Var. Especial. de Peças e Acessórios para Aparelhos Eletroeletrônicos para Uso Doméstico, Exceto Informática e Comunicação",1,0,1
06/2021,Com. Var. Especial. de Equip. de Telefonia e Comunicação,1,0,1
06/2021,Com. Var. de Art. de Joalheria,0,2,-2
06/2021,"Comercio Var. de Art. de Cama, Mesa e Banho",1,0,1
06/2021,Com. Var. de Outros Produtos não Especif. Ant.,1,0,1
06/2021,Com. Var. de Ferragens e Ferramentas,0,1,-1
06/2021,Com. Var. de Calçados,0,1,-1
06/2021,Com. Var. de Vidros,1,0,1
06/2021,"Com. Var. de Merc. em Geral, com Pred. de Produtos Alim. - Minimercados, Mercearias e Armazéns",1,0,1
06/2021,"Com. Var. de Cosméticos, Produtos de Perfumaria e de Higiene Pessoal",2,0,2
06/2021,Com. a Var. de Motocicletas e Motonetas Usadas,1,0,1
06/2021,Com. por Atacado de Peças e Acessórios Novos para Veíc. Autom.,0,2,-2
06/2021,"Com. Atac. de Merc. em Geral, com Pred. de Produtos Alim.",7,16,-9
06/2021,Com. Atac. Especial. em Outros Produtos Alim. não Especif. Ant.,1,0,1
06/2021,Com. Var. de Art. do Vestuário e Acessórios,0,1,-1
06/2021,Com. Atac. Especial. em Outros Produtos Alim. não Especif. Ant.,1,2,-1
06/2021,"Com. Var. de Merc. em Geral, com Pred. de Produtos Alim. - Minimercados, Mercearias e Armazéns",1,1,0
06/2021,Com. Atac. Especial. em Outros Produtos Intermediários não Especif. Ant.,2,1,1
06/2021,Serv. de Lanternagem ou Funilaria e Pintura de Veíc. Autom.,0,1,-1
06/2021,"Com. Atac. de Outras Máquinas e Equip. não Especif. Ant., Partes e Peças",9,7,2
06/2021,Com. Var. de Art. de óptica,0,1,-1
06/2021,Com. Var. de Art. de Joalheria,0,1,-1
06/2021,Com. Var. de Art. do Vestuário e Acessórios,0,1,-1
06/2021,Com. Var. de Art. do Vestuário e Acessórios,1,0,1
06/2021,Com. Var. de Mat. de Const. não Especif. Ant.,0,1,-1
06/2021,Com. Var. de Comb. para Veíc. Autom.,1,1,0
06/2021,"Com. Var. de Bicicletas e Triciclos, Peças e Acessórios",0,1,-1
06/2021,Com. Atac. de Cosméticos e Produtos de Perfumaria,1,1,0
06/2021,Com. Var. de Outros Produtos não Especif. Ant.,0,2,-2
06/2021,Com. Atac. de Ferragens e Ferramentas,1,0,1
06/2021,Com. a Var. de Peças e Acessórios Usados para Veíc. Autom.,0,8,-8
06/2021,Com. Var. Especial. de Eletrod. e Equip. de áudio e Vídeo,1,1,0
06/2021,Com. Var. de Outros Produtos não Especif. Ant.,1,0,1
06/2021,Com. Var. de Ferragens e Ferramentas,0,1,-1
06/2021,Com. Var. de Móveis,34,10,24
06/2021,Com. Var. de Mat. de Const. em Geral,0,1,-1
06/2021,"Com. Var. de Produtos Farmac., com Manip. de Fórmulas",2,2,0
06/2021,Serv. de Lanternagem ou Funilaria e Pintura de Veíc. Autom.,0,1,-1
06/2021,"Com. Var. de Cosméticos, Produtos de Perfumaria e de Higiene Pessoal",1,0,1
06/2021,"Com. a Var. de Automóveis, Camionetas e Utilitários Usados",0,1,-1
06/2021,Com. a Var. de Peças e Acessórios Novos para Veíc. Autom.,1,2,-1
06/2021,Com. Var. de Livros,2,4,-2
06/2021,"Lojas de Variedades, Exceto Lojas de Dep. ou Magazines",0,2,-2
06/2021,Com. Atac. de Alimentos para Animais,1,1,0
06/2021,"Lojas de Variedades, Exceto Lojas de Dep. ou Magazines",0,1,-1
06/2021,Com. Var. de Art. do Vestuário e Acessórios,1,1,0
06/2021,"Com. Var. de Cosméticos, Produtos de Perfumaria e de Higiene Pessoal",4,1,3
06/2021,Serv. de Manutenção e Reparação Mecânica de Veíc. Autom.,3,1,2
06/2021,"Com. Var. de Doces, Balas, Bombons e Semelhantes",5,9,-4
06/2021,"Com. Atac. de Chocolates, Confeitos, Balas, Bombons e Semelhantes",3,4,-1
06/2021,Com. Var. de Móveis,3,1,2
06/2021,Com. Var. de Móveis,2,0,2
06/2021,"Com. Var. Especial. de Peças e Acessórios para Aparelhos Eletroeletrônicos para Uso Doméstico, Exceto Informática e Comunicação",1,1,0
06/2021,"Com. Var. de Doces, Balas, Bombons e Semelhantes",0,1,-1
06/2021,"Com. Var. de Doces, Balas, Bombons e Semelhantes",1,1,0
06/2021,"Com. Var. de Suvenires, Bijuterias e Artesanatos",0,1,-1
06/2021,Com. Var. de Art. do Vestuário e Acessórios,0,1,-1
06/2021,Serv. de Lanternagem ou Funilaria e Pintura de Veíc. Autom.,2,0,2
06/2021,"Com. Var. de Merc. em Geral, com Pred. de Produtos Alim. - Minimercados, Mercearias e Armazéns",0,1,-1
06/2021,Com. Var. de Art. do Vestuário e Acessórios,1,0,1
06/2021,"Com. Var. de Merc. em Geral, com Pred. de Produtos Alim. - Minimercados, Mercearias e Armazéns",1,0,1
06/2021,Com. Var. de Calçados,2,0,2
06/2021,Com. Var. de Art. do Vestuário e Acessórios,1,0,1
06/2021,Com. Var. de Calçados,0,2,-2
06/2021,Com. Var. de Outros Art. de Uso Doméstico não Especif. Ant.,1,0,1
06/2021,Comercio Var. de Art. de Armarinho,2,0,2
06/2021,Com. Var. de Ferragens e Ferramentas,1,0,1
06/2021,"Com. Var. de Merc. em Geral, com Pred. de Produtos Alim. - Minimercados, Mercearias e Armazéns",0,1,-1
06/2021,Com. Var. Especial. de Equip. de Telefonia e Comunicação,1,0,1
06/2021,Com. Var. de Art. de óptica,0,5,-5
06/2021,Com. Var. de Móveis,2,1,1
06/2021,Com. Var. de Art. do Vestuário e Acessórios,1,0,1
06/2021,Com. Var. de Art. de óptica,1,1,0
06/2021,Com. Var. Especial. de Equip. e Suprimentos de Informática,1,3,-2
06/2021,"Serv. de Lavagem, Lubrificação e Polimento de Veíc. Autom.",18,10,8
06/2021,"Com. Var. de Doces, Balas, Bombons e Semelhantes",4,1,3
06/2021,"Com. Atac. de Máquinas e Equip. para Uso Industrial, Partes e Peças",2,2,0
06/2021,"Com. a Var. de Automóveis, Camionetas e Utilitários Usados",1,0,1
06/2021,Com. por Atacado de Motocicletas e Motonetas,0,2,-2
06/2021,Com. Var. Especial. de Equip. de Telefonia e Comunicação,1,1,0
06/2021,"Com. Var. de Merc. em Geral, com Pred. de Produtos Alim. - Minimercados, Mercearias e Armazéns",0,1,-1
06/2021,"Com. Var. de Produtos Farmac., com Manip. de Fórmulas",2,3,-1
06/2021,Com. Var. de Outros Produtos não Especif. Ant.,2,0,2
06/2021,Com. Atac. de Componentes Eletrônicos e Equip. de Telefonia e Comunicação,1,0,1
06/2021,Com. Var. de Móveis,1,0,1
06/2021,Com. Atac. de Carnes Bovinas e Suínas e Derivados,6,0,6
06/2021,Com. Var. de Art. de Relojoaria,1,0,1
06/2021,Com. Var. de Animais Vivos e de Art. e Alimentos para Animais de Estimação,3,1,2
06/2021,Com. a Var. de Peças e Acessórios Novos para Veíc. Autom.,1,0,1
06/2021,Com. Var. de Mat. de Const. não Especif. Ant.,1,0,1
06/2021,Com. Var. de Art. do Vestuário e Acessórios,2,0,2
06/2021,"Com. Atac. de Resíduos e Sucatas Não-Metálicos, Exceto de Papel e Papelão",0,1,-1
06/2021,Com. Var. de Ferragens e Ferramentas,1,1,0
06/2021,Com. Var. de Lubrificantes,6,3,3
06/2021,Com. Var. Especial. de Equip. e Suprimentos de Informática,2,0,2
06/2021,Com. Var. de Art. de óptica,1,1,0
06/2021,Com. Var. de Art. do Vestuário e Acessórios,1,1,0
06/2021,"Com. Var. Especial. de Peças e Acessórios para Aparelhos Eletroeletrônicos para Uso Doméstico, Exceto Informática e Comunicação",0,1,-1
06/2021,Com. Var. de Hortifrutigranjeiros,2,2,0
06/2021,"Com. Var. de Cosméticos, Produtos de Perfumaria e de Higiene Pessoal",1,0,1
06/2021,Com. Var. de Ferragens e Ferramentas,2,0,2
06/2021,Com. a Var. de Peças e Acessórios Novos para Veíc. Autom.,0,1,-1
06/2021,Serv. de Manutenção e Reparação Mecânica de Veíc. Autom.,0,1,-1
06/2021,"Com. Var. de Cosméticos, Produtos de Perfumaria e de Higiene Pessoal",0,2,-2
06/2021,Serv. de Lanternagem ou Funilaria e Pintura de Veíc. Autom.,0,2,-2
06/2021,"Com. Var. de Suvenires, Bijuterias e Artesanatos",2,1,1
06/2021,Com. Var. de Produtos Alim. em Geral ou Especial. em Produtos Alim. não Especif. Ant.,1,0,1
06/2021,Com. Var. de Mat. de Const. em Geral,1,0,1
06/2021,Com. Var. de Móveis,0,2,-2
06/2021,Com. Var. Especial. de Equip. de Telefonia e Comunicação,0,2,-2
06/2021,Com. Var. de Madeira e Artefatos,0,1,-1
06/2021,Com. Var. Especial. de Equip. e Suprimentos de Informática,0,1,-1
06/2021,Com. a Var. de Pneumáticos e Câmaras-De-Ar,0,1,-1
06/2021,Padaria e Confeitaria com Pred. de Revenda,5,1,4
06/2021,Padaria e Confeitaria com Pred. de Revenda,1,0,1
06/2021,Padaria e Confeitaria com Pred. de Revenda,1,1,0
06/2021,Com. Var. de Art. do Vestuário e Acessórios,0,1,-1
06/2021,Com. Var. de Móveis,5,1,4
06/2021,"Serv. de Lavagem, Lubrificação e Polimento de Veíc. Autom.",0,1,-1
06/2021,Padaria e Confeitaria com Pred. de Revenda,0,1,-1
06/2021,Serv. de Manutenção e Reparação Mecânica de Veíc. Autom.,1,1,0
06/2021,"Com. a Var. de Automóveis, Camionetas e Utilitários Usados",0,1,-1
06/2021,"Com. Atac. de Máquinas e Equip. para Uso Industrial, Partes e Peças",1,0,1
06/2021,Com. Var. de Art. do Vestuário e Acessórios,2,2,0
06/2021,Com. Var. de Art. do Vestuário e Acessórios,1,1,0
06/2021,Com. Var. de Comb. para Veíc. Autom.,3,1,2
06/2021,Com. Var. de Bebidas,1,0,1
06/2021,"Com. Atac. de Outras Máquinas e Equip. não Especif. Ant., Partes e Peças",1,10,-9
06/2021,"Com. Var. de Merc. em Geral, com Pred. de Produtos Alim. - Minimercados, Mercearias e Armazéns",0,1,-1
06/2021,Com. Var. de Móveis,1,2,-1
06/2021,"Com. Var. de Produtos Farmac., sem Manip. de Fórmulas",1,1,0
06/2021,Padaria e Confeitaria com Pred. de Revenda,0,1,-1
06/2021,Com. Var. de Hortifrutigranjeiros,1,0,1
06/2021,"Com. Var. de Suvenires, Bijuterias e Artesanatos",1,1,0
06/2021,"Com. Var. de Merc. em Geral, com Pred. de Produtos Alim. - Minimercados, Mercearias e Armazéns",2,0,2
06/2021,"Com. Atac. de Instrumentos e Mat. para Uso Médico, Cirúrgico, Hospitalar e de Laboratórios",0,2,-2
06/2021,Com. Var. de Animais Vivos e de Art. e Alimentos para Animais de Estimação,1,1,0
06/2021,Com. Var. de Tintas e Mat. para Pintura,1,0,1
06/2021,"Com. Var. de Suvenires, Bijuterias e Artesanatos",1,0,1
06/2021,Com. Var. de Carnes - Açougues,1,0,1
06/2021,Padaria e Confeitaria com Pred. de Revenda,2,1,1
06/2021,Com. Var. de Outros Produtos não Especif. Ant.,1,0,1
06/2021,Com. Var. de Produtos Alim. em Geral ou Especial. em Produtos Alim. não Especif. Ant.,0,1,-1
06/2021,Com. Var. de Comb. para Veíc. Autom.,1,0,1
06/2021,"Lojas de Dep. ou Magazines, Exceto Lojas Francas (Duty Free)",1,2,-1
06/2021,Serv. de Manutenção e Reparação Mecânica de Veíc. Autom.,2,1,1
06/2021,"Com. a Var. de Automóveis, Camionetas e Utilitários Novos",1,0,1
06/2021,Com. Var. de Móveis,1,1,0
06/2021,Com. Var. de Comb. para Veíc. Autom.,0,2,-2
06/2021,Com. Atac. de Outros Equip. e Art. de Uso Pessoal e Doméstico não Especif. Ant.,0,1,-1
06/2021,Com. Var. Especial. de Eletrod. e Equip. de áudio e Vídeo,0,1,-1
06/2021,Com. Var. de Produtos Alim. em Geral ou Especial. em Produtos Alim. não Especif. Ant.,0,1,-1
06/2021,Com. Atac. de Cosméticos e Produtos de Perfumaria,0,1,-1
06/2021,Com. Var. de Calçados,2,1,1
06/2021,Com. Var. de Art. do Vestuário e Acessórios,1,1,0
06/2021,Com. Var. de Art. de Joalheria,2,1,1
06/2021,Com. Var. Especial. de Equip. e Suprimentos de Informática,1,0,1
06/2021,"Com. Atac. de Frutas, Verduras, Raízes, Tubérculos, Hortaliças e Legumes Frescos",1,0,1
06/2021,Com. Var. de Merc. em Lojas de Conveniência,0,1,-1
06/2021,Com. Var. de Ferragens e Ferramentas,1,0,1
06/2021,Com. Var. de Art. do Vestuário e Acessórios,2,0,2
06/2021,"Com. Atac. de Vidros, Espelhos e Vitrais",3,2,1
06/2021,"Com. Atac. de Frutas, Verduras, Raízes, Tubérculos, Hortaliças e Legumes Frescos",1,1,0
06/2021,Com. a Var. de Peças e Acessórios Novos para Veíc. Autom.,1,1,0
06/2021,Com. Var. de Art. do Vestuário e Acessórios,1,0,1
06/2021,Com. Var. de Art. do Vestuário e Acessórios,1,0,1
06/2021,Com. Var. de Outros Produtos não Especif. Ant.,2,0,2
06/2021,Com. Var. de Art. de Papelaria,0,1,-1
06/2021,Com. Atac. de Produtos Alim. em Geral,10,5,5
06/2021,"Com. Var. de Merc. em Geral, com Pred. de Produtos Alim. - Minimercados, Mercearias e Armazéns",0,1,-1
06/2021,Com. Var. Especial. de Eletrod. e Equip. de áudio e Vídeo,2,4,-2
06/2021,Com. Var. de Art. do Vestuário e Acessórios,0,2,-2
06/2021,Com. Var. de Móveis,1,0,1
06/2021,"Com. Var. de Suvenires, Bijuterias e Artesanatos",1,0,1
06/2021,Com. Var. de Art. do Vestuário e Acessórios,0,1,-1
06/2021,Com. Var. de Art. do Vestuário e Acessórios,1,1,0
06/2021,Com. Atac. Especial. em Outros Produtos Alim. não Especif. Ant.,1,0,1
06/2021,Com. Var. de Plantas e Flores Naturais,1,1,0
06/2021,Com. Var. de Calçados,1,0,1
06/2021,Com. a Var. de Pneumáticos e Câmaras-De-Ar,1,0,1
06/2021,Com. Var. de Carnes - Açougues,0,1,-1
06/2021,Com. Var. de Hortifrutigranjeiros,1,0,1
06/2021,Com. Var. de Art. do Vestuário e Acessórios,0,2,-2
06/2021,Com. Var. de Outros Art. de Uso Doméstico não Especif. Ant.,2,1,1
06/2021,Com. Var. de Carnes - Açougues,0,1,-1
06/2021,Com. Var. de Art. do Vestuário e Acessórios,1,0,1
06/2021,Com. Var. de Animais Vivos e de Art. e Alimentos para Animais de Estimação,1,0,1
06/2021,Com. Atac. de Cosméticos e Produtos de Perfumaria,1,0,1
06/2021,Com. Var. de Hortifrutigranjeiros,2,0,2
06/2021,Com. Var. de Calçados,0,1,-1
06/2021,Com. a Var. de Peças e Acessórios para Motocicletas e Motonetas (Desativado),0,2,-2
06/2021,Comercio Var. de Art. de Armarinho,0,1,-1
06/2021,Com. Var. de Art. do Vestuário e Acessórios,0,1,-1
06/2021,Com. Var. de Outros Produtos não Especif. Ant.,1,0,1
06/2021,Com. Var. de Art. de óptica,1,0,1
06/2021,Padaria e Confeitaria com Pred. de Revenda,0,1,-1
06/2021,Com. Var. de Hortifrutigranjeiros,1,1,0
06/2021,"Com. Var. de Merc. em Geral, com Pred. de Produtos Alim. - Minimercados, Mercearias e Armazéns",0,1,-1
06/2021,Com. Var. de Produtos Alim. em Geral ou Especial. em Produtos Alim. não Especif. Ant.,0,1,-1
06/2021,Com. Var. de Laticínios e Frios,1,0,1
06/2021,Com. Var. de Art. do Vestuário e Acessórios,1,0,1
06/2021,Serv. de Borracharia para Veíc. Autom.,0,2,-2
06/2021,Padaria e Confeitaria com Pred. de Revenda,1,0,1
06/2021,Com. Var. Especial. de Equip. de Telefonia e Comunicação,0,1,-1
06/2021,Com. Atac. de Embalagens,1,0,1
06/2021,"Com. Var. de Suvenires, Bijuterias e Artesanatos",1,1,0
06/2021,"Com. Var. de Produtos Farmac., sem Manip. de Fórmulas",1,0,1
06/2021,"Com. Var. de Produtos Farmac., sem Manip. de Fórmulas",1,1,0
06/2021,Com. Var. de Art. do Vestuário e Acessórios,2,0,2
06/2021,Com. Var. de Animais Vivos e de Art. e Alimentos para Animais de Estimação,2,0,2
06/2021,"Com. Var. de Merc. em Geral, com Pred. de Produtos Alim. - Superm.",0,1,-1
06/2021,Com. Var. de Animais Vivos e de Art. e Alimentos para Animais de Estimação,2,0,2
06/2021,Com. Var. de Calçados,0,1,-1
06/2021,Com. Var. de Outros Produtos não Especif. Ant.,1,0,1
06/2021,"Com. Atac. de Merc. em Geral, sem Pred. de Alimentos ou de Insumos Agropecuários",0,1,-1
06/2021,Com. Var. de Art. de Joalheria,0,4,-4
06/2021,Serv. de Manutenção e Reparação Elétrica de Veíc. Autom.,2,0,2
06/2021,Com. Var. de Merc. em Lojas de Conveniência,0,1,-1
06/2021,"Com. Var. de Merc. em Geral, com Pred. de Produtos Alim. - Superm.",1,0,1
06/2021,Com. Var. Especial. de Equip. de Telefonia e Comunicação,0,1,-1
06/2021,"Com. Var. de Produtos Farmac., sem Manip. de Fórmulas",0,1,-1
06/2021,Com. Var. de Brinquedos e Art. Recreativos,0,1,-1
06/2021,"Com. Atac. de Frutas, Verduras, Raízes, Tubérculos, Hortaliças e Legumes Frescos",1,0,1
06/2021,Serv. de Lanternagem ou Funilaria e Pintura de Veíc. Autom.,2,0,2
06/2021,Com. Var. de Produtos Alim. em Geral ou Especial. em Produtos Alim. não Especif. Ant.,2,0,2
06/2021,"Com. Var. de Cosméticos, Produtos de Perfumaria e de Higiene Pessoal",0,1,-1
06/2021,Com. Var. de Carnes - Açougues,1,0,1
06/2021,Com. Var. de Outros Produtos não Especif. Ant.,1,1,0
06/2021,Com. Var. de Produtos Alim. em Geral ou Especial. em Produtos Alim. não Especif. Ant.,2,2,0
06/2021,Com. Var. de Outros Produtos não Especif. Ant.,1,1,0
06/2021,Com. Var. de Produtos Alim. em Geral ou Especial. em Produtos Alim. não Especif. Ant.,3,1,2
06/2021,Com. Var. de Merc. em Lojas de Conveniência,0,1,-1
06/2021,Com. Var. de Outros Produtos não Especif. Ant.,2,2,0
06/2021,"Com. Var. de Merc. em Geral, com Pred. de Produtos Alim. - Minimercados, Mercearias e Armazéns",1,1,0
06/2021,Com. Var. de Calçados,3,2,1
06/2021,"Com. Var. de Cosméticos, Produtos de Perfumaria e de Higiene Pessoal",1,3,-2
06/2021,"Com. Var. de Produtos Farmac., sem Manip. de Fórmulas",1,0,1
06/2021,Com. Var. de Outros Produtos não Especif. Ant.,3,0,3
06/2021,Com. Var. de Art. do Vestuário e Acessórios,1,0,1
06/2021,Com. Var. de Animais Vivos e de Art. e Alimentos para Animais de Estimação,0,1,-1
06/2021,Com. Var. de Móveis,1,0,1
06/2021,Com. Var. de Produtos Alim. em Geral ou Especial. em Produtos Alim. não Especif. Ant.,1,0,1
06/2021,Com. Var. de Art. de óptica,0,1,-1
06/2021,Com. Var. de Mat. de Const. em Geral,1,0,1
06/2021,Com. a Var. de Pneumáticos e Câmaras-De-Ar,1,1,0
06/2021,"Com. Var. de Cosméticos, Produtos de Perfumaria e de Higiene Pessoal",0,1,-1
06/2021,Com. Var. de Bebidas,3,0,3
06/2021,Peixaria,1,1,0
06/2021,Com. Var. de Art. do Vestuário e Acessórios,0,1,-1
06/2021,Com. Var. de Art. do Vestuário e Acessórios,0,1,-1
06/2021,Com. Var. de Art. do Vestuário e Acessórios,0,1,-1
06/2021,Com. Var. de Art. de óptica,0,1,-1
06/2021,"Com. Var. de Merc. em Geral, com Pred. de Produtos Alim. - Minimercados, Mercearias e Armazéns",3,1,2
06/2021,Com. Var. de Calçados,1,1,0
06/2021,Com. Var. de Art. do Vestuário e Acessórios,2,0,2
06/2021,"Com. Var. de Merc. em Geral, com Pred. de Produtos Alim. - Hipermercados",1,2,-1
06/2021,Com. Var. de Art. do Vestuário e Acessórios,0,1,-1
06/2021,Com. Var. de Animais Vivos e de Art. e Alimentos para Animais de Estimação,1,0,1
06/2021,"Com. Var. de Merc. em Geral, com Pred. de Produtos Alim. - Superm.",0,2,-2
06/2021,Com. Var. de Móveis,1,0,1
06/2021,Com. Var. de Art. do Vestuário e Acessórios,1,0,1
06/2021,Com. Var. de Art. do Vestuário e Acessórios,3,1,2
06/2021,Com. Var. de Produtos Alim. em Geral ou Especial. em Produtos Alim. não Especif. Ant.,1,0,1
06/2021,Com. Var. de Hortifrutigranjeiros,5,2,3
06/2021,Com. por Atacado de Pneumáticos e Câmaras-De-Ar,1,0,1
06/2021,Com. Var. de Calçados,1,0,1
06/2021,Com. a Var. de Peças e Acessórios Novos para Veíc. Autom.,0,1,-1
06/2021,Serv. de Lanternagem ou Funilaria e Pintura de Veíc. Autom.,0,1,-1
06/2021,"Com. Var. de Suvenires, Bijuterias e Artesanatos",2,1,1
06/2021,Com. Atac. de Produtos Alim. em Geral,17,16,1
06/2021,Com. Var. Especial. de Equip. de Telefonia e Comunicação,3,0,3
06/2021,Com. Atac. Especial. em Outros Produtos Alim. não Especif. Ant.,35,1,34
06/2021,Com. Var. de Mat. de Const. não Especif. Ant.,1,0,1
06/2021,Com. Var. de Produtos Alim. em Geral ou Especial. em Produtos Alim. não Especif. Ant.,0,1,-1
06/2021,"Com. Var. de Doces, Balas, Bombons e Semelhantes",1,0,1
06/2021,Peixaria,1,0,1
06/2021,Serv. de Manutenção e Reparação Elétrica de Veíc. Autom.,1,0,1
06/2021,Com. Var. de Art. do Vestuário e Acessórios,1,1,0
06/2021,Com. Var. de Mat. de Const. em Geral,0,1,-1
06/2021,"Lojas de Variedades, Exceto Lojas de Dep. ou Magazines",1,2,-1
06/2021,Com. Var. de Plantas e Flores Naturais,0,1,-1
06/2021,Com. Var. de Mat. de Const. não Especif. Ant.,1,0,1
06/2021,"Com. Var. de Produtos Farmac., sem Manip. de Fórmulas",0,1,-1
06/2021,Com. Var. de Calçados,1,1,0
06/2021,"Com. Var. de Merc. em Geral, com Pred. de Produtos Alim. - Superm.",2,0,2
06/2021,Com. a Var. de Peças e Acessórios Novos para Veíc. Autom.,0,1,-1
06/2021,Com. Var. Especial. de Equip. de Telefonia e Comunicação,1,0,1
06/2021,"Com. Var. de Suvenires, Bijuterias e Artesanatos",0,1,-1
06/2021,Com. Var. Especial. de Equip. de Telefonia e Comunicação,1,0,1
06/2021,Com. Var. de Produtos Alim. em Geral ou Especial. em Produtos Alim. não Especif. Ant.,1,0,1
06/2021,Serv. de Borracharia para Veíc. Autom.,0,3,-3
06/2021,"Com. Var. de Merc. em Geral, com Pred. de Produtos Alim. - Superm.",4,2,2
06/2021,"Com. Var. de Merc. em Geral, com Pred. de Produtos Alim. - Superm.",0,1,-1
06/2021,Com. Var. Especial. de Eletrod. e Equip. de áudio e Vídeo,22,15,7
06/2021,Com. Var. Especial. de Eletrod. e Equip. de áudio e Vídeo,0,1,-1
06/2021,Com. Var. Especial. de Eletrod. e Equip. de áudio e Vídeo,3,3,0
06/2021,Com. Var. Especial. de Eletrod. e Equip. de áudio e Vídeo,1,0,1
06/2021,Com. Var. Especial. de Eletrod. e Equip. de áudio e Vídeo,7,10,-3
06/2021,Com. Var. Especial. de Eletrod. e Equip. de áudio e Vídeo,0,1,-1
06/2021,"Com. Var. de Merc. em Geral, com Pred. de Produtos Alim. - Minimercados, Mercearias e Armazéns",8,4,4
06/2021,"Com. Var. de Merc. em Geral, com Pred. de Produtos Alim. - Minimercados, Mercearias e Armazéns",5,1,4
06/2021,Com. Var. de Mat. de Const. em Geral,1,0,1
06/2021,Com. Var. de Art. do Vestuário e Acessórios,2,0,2
06/2021,Com. Var. de Art. do Vestuário e Acessórios,14,6,8
06/2021,Com. Var. de Art. do Vestuário e Acessórios,6,3,3
06/2021,Com. Var. Especial. de Equip. de Telefonia e Comunicação,0,1,-1
06/2021,Com. Var. de Art. do Vestuário e Acessórios,3,2,1
06/2021,Com. Var. de Art. Médicos e Ortopédicos,2,0,2
06/2021,Serv. de Manutenção e Reparação Mecânica de Veíc. Autom.,1,0,1
06/2021,Com. Var. Especial. de Equip. de Telefonia e Comunicação,0,1,-1
06/2021,Com. Var. de Art. de óptica,0,1,-1
06/2021,Com. Var. de Hortifrutigranjeiros,3,0,3
06/2021,Com. Var. de Produtos Saneantes Domissanitários,1,0,1
06/2021,"Com. Var. de Doces, Balas, Bombons e Semelhantes",1,0,1
06/2021,Com. Var. Especial. de Equip. de Telefonia e Comunicação,1,0,1
06/2021,Com. Var. de Calçados,1,1,0
06/2021,Com. Var. de Produtos Alim. em Geral ou Especial. em Produtos Alim. não Especif. Ant.,0,1,-1
06/2021,"Com. Var. de Merc. em Geral, com Pred. de Produtos Alim. - Minimercados, Mercearias e Armazéns",0,1,-1
06/2021,Com. Var. de Produtos Alim. em Geral ou Especial. em Produtos Alim. não Especif. Ant.,0,1,-1
06/2021,Com. Var. de Art. Esportivos,3,0,3
06/2021,Com. Var. de Art. de Colchoaria,1,0,1
06/2021,Com. Var. de Outros Art. Usados,0,1,-1
06/2021,"Com. a Var. de Automóveis, Camionetas e Utilitários Usados",0,1,-1
06/2021,Com. Var. de Produtos Alim. em Geral ou Especial. em Produtos Alim. não Especif. Ant.,4,0,4
06/2021,Com. Var. de Animais Vivos e de Art. e Alimentos para Animais de Estimação,1,2,-1
06/2021,Padaria e Confeitaria com Pred. de Revenda,0,1,-1
06/2021,"Com. Atac. de Outras Máquinas e Equip. não Especif. Ant., Partes e Peças",10,11,-1
06/2021,"Com. Atac. de Outras Máquinas e Equip. não Especif. Ant., Partes e Peças",3,2,1
06/2021,Com. Var. de Merc. em Lojas de Conveniência,0,1,-1
06/2021,"Com. Var. de Cosméticos, Produtos de Perfumaria e de Higiene Pessoal",0,2,-2
06/2021,Com. Var. de Art. do Vestuário e Acessórios,0,2,-2
06/2021,"Com. Var. de Produtos Farmac., sem Manip. de Fórmulas",1,0,1
06/2021,Com. Var. de Art. Esportivos,2,2,0
06/2021,Com. Var. de Art. de óptica,1,1,0
06/2021,Com. Var. de Calçados,0,1,-1
06/2021,Com. Var. de Art. de óptica,2,1,1
06/2021,Com. Var. de Art. do Vestuário e Acessórios,1,1,0
06/2021,Padaria e Confeitaria com Pred. de Revenda,0,1,-1
06/2021,Com. Var. de Art. do Vestuário e Acessórios,1,0,1
06/2021,Com. Var. de Comb. para Veíc. Autom.,1,2,-1
06/2021,Com. Var. de Art. do Vestuário e Acessórios,1,1,0
06/2021,Com. Var. de Mat. de Const. em Geral,1,0,1
06/2021,Com. Var. de Móveis,1,0,1
06/2021,Com. Var. de Produtos Alim. em Geral ou Especial. em Produtos Alim. não Especif. Ant.,1,0,1
06/2021,Com. Var. de Art. do Vestuário e Acessórios,1,0,1
06/2021,Com. Var. de Art. do Vestuário e Acessórios,1,1,0
06/2021,"Serv. de Lavagem, Lubrificação e Polimento de Veíc. Autom.",0,1,-1
06/2021,"Com. Atac. de Frutas, Verduras, Raízes, Tubérculos, Hortaliças e Legumes Frescos",2,1,1
06/2021,"Com. Var. de Merc. em Geral, com Pred. de Produtos Alim. - Minimercados, Mercearias e Armazéns",1,0,1
06/2021,"Com. Var. de Doces, Balas, Bombons e Semelhantes",0,1,-1
06/2021,Com. Var. de Art. do Vestuário e Acessórios,0,1,-1
06/2021,"Lojas de Variedades, Exceto Lojas de Dep. ou Magazines",1,1,0
06/2021,Com. Var. de Art. de óptica,0,1,-1
06/2021,Com. Var. de Art. de Papelaria,0,2,-2
06/2021,Serv. de Manutenção e Reparação Mecânica de Veíc. Autom.,0,1,-1
06/2021,"Com. Var. de Produtos Farmac., sem Manip. de Fórmulas",0,1,-1
06/2021,"Com. Var. de Produtos Farmac., sem Manip. de Fórmulas",1,1,0
06/2021,Com. Var. de Gás LiqüEfeito de Petróleo (Glp),0,1,-1
06/2021,Com. Var. de Plantas e Flores Naturais,1,0,1
06/2021,Com. Var. de Bebidas,1,0,1
06/2021,Com. Var. de Outros Produtos não Especif. Ant.,0,1,-1
06/2021,Com. Var. de Ferragens e Ferramentas,2,2,0
06/2021,Com. Var. de Art. do Vestuário e Acessórios,0,1,-1
06/2021,"Com. Var. de Doces, Balas, Bombons e Semelhantes",1,0,1
06/2021,Com. Var. de Outros Produtos não Especif. Ant.,0,1,-1
06/2021,Com. Var. de Mat. de Const. não Especif. Ant.,1,0,1
06/2021,Com. Var. de Produtos Alim. em Geral ou Especial. em Produtos Alim. não Especif. Ant.,0,1,-1
06/2021,Com. a Var. de Motocicletas e Motonetas Novas,1,0,1
06/2021,Com. Var. de Outros Art. de Uso Doméstico não Especif. Ant.,1,3,-2
06/2021,Com. Var. de Mat. de Const. não Especif. Ant.,1,0,1
06/2021,Com. Var. de Art. do Vestuário e Acessórios,2,2,0
06/2021,Com. Var. de Art. de óptica,1,0,1
06/2021,Com. Var. de Produtos Alim. em Geral ou Especial. em Produtos Alim. não Especif. Ant.,0,1,-1
06/2021,Com. Atac. de Embalagens,5,10,-5
06/2021,Com. a Var. de Peças e Acessórios Novos para Veíc. Autom.,0,1,-1
06/2021,Com. Var. de Calçados,1,0,1
06/2021,Com. Var. de Livros,1,0,1
06/2021,Com. a Var. de Peças e Acessórios Novos para Veíc. Autom.,1,1,0
06/2021,Lojas de Dep. ou Magazines (Desativado),1,0,1
06/2021,Com. Var. de Produtos Alim. em Geral ou Especial. em Produtos Alim. não Especif. Ant.,1,0,1
06/2021,Com. Var. de Mat. de Const. não Especif. Ant.,2,0,2
06/2021,Com. Var. de Tintas e Mat. para Pintura,1,0,1
06/2021,"Com. Var. de Cosméticos, Produtos de Perfumaria e de Higiene Pessoal",2,0,2
06/2021,Com. Atac. de Bebidas não Especificadas Ant.,9,1,8
06/2021,Com. Var. de Móveis,2,0,2
06/2021,Manutenção e Reparação de Motocicletas e Motonetas,1,0,1
06/2021,"Com. Atac. de Frutas, Verduras, Raízes, Tubérculos, Hortaliças e Legumes Frescos",1,1,0
06/2021,"Com. Atac. de Outras Máquinas e Equip. não Especif. Ant., Partes e Peças",5,3,2
06/2021,Com. Var. Especial. de Equip. de Telefonia e Comunicação,0,1,-1
06/2021,"Com. Var. de Cosméticos, Produtos de Perfumaria e de Higiene Pessoal",0,1,-1
06/2021,Com. Var. de Laticínios e Frios,1,0,1
06/2021,Com. Var. de Art. do Vestuário e Acessórios,2,0,2
06/2021,Padaria e Confeitaria com Pred. de Revenda,0,1,-1
06/2021,Com. Var. de Art. do Vestuário e Acessórios,4,1,3
06/2021,"Com. Var. de Doces, Balas, Bombons e Semelhantes",1,0,1
06/2021,Com. Var. de Produtos Alim. em Geral ou Especial. em Produtos Alim. não Especif. Ant.,1,0,1
06/2021,Com. Var. de Tintas e Mat. para Pintura,1,0,1
06/2021,Com. Var. Especial. de Equip. de Telefonia e Comunicação,1,0,1
06/2021,Padaria e Confeitaria com Pred. de Revenda,1,0,1
06/2021,Com. Var. de Art. de Joalheria,2,0,2
06/2021,Com. Var. de Outros Art. Usados,1,0,1
06/2021,"Com. Var. de Merc. em Geral, com Pred. de Produtos Alim. - Superm.",1,0,1
06/2021,Com. Atac. de Art. de Escritório e de Papelaria,0,2,-2
06/2021,Com. Var. de Art. de óptica,1,0,1
06/2021,Com. Var. Especial. de Eletrod. e Equip. de áudio e Vídeo,0,3,-3
06/2021,Com. Var. Especial. de Eletrod. e Equip. de áudio e Vídeo,1,1,0
06/2021,Com. Var. de Mat. de Const. não Especif. Ant.,0,1,-1
06/2021,Com. Var. de Carnes - Açougues,0,1,-1
06/2021,Padaria e Confeitaria com Pred. de Revenda,0,1,-1
06/2021,Com. Var. de Outros Produtos não Especif. Ant.,2,1,1
06/2021,Com. Var. de Art. do Vestuário e Acessórios,4,6,-2
06/2021,Com. Var. de Art. do Vestuário e Acessórios,3,3,0
06/2021,Com. Var. de Calçados,1,1,0
06/2021,Com. Var. de Calçados,1,0,1
06/2021,Com. Var. de Calçados,1,0,1
06/2021,Com. Var. de Calçados,1,0,1
06/2021,"Com. Var. de Merc. em Geral, com Pred. de Produtos Alim. - Hipermercados",11,9,2
06/2021,Com. Var. de Comb. para Veíc. Autom.,0,2,-2
06/2021,Com. Var. de Art. de óptica,0,1,-1
06/2021,Com. Var. de Calçados,0,1,-1
06/2021,Com. Var. de Art. do Vestuário e Acessórios,2,3,-1
06/2021,Com. Var. de Madeira e Artefatos,1,3,-2
06/2021,Com. Atac. de Produtos Alim. em Geral,5,2,3
06/2021,Com. Var. de Art. do Vestuário e Acessórios,1,0,1
06/2021,Com. Var. de Art. do Vestuário e Acessórios,2,2,0
06/2021,Com. Var. de Art. do Vestuário e Acessórios,1,1,0
06/2021,"Com. Var. de Merc. em Geral, com Pred. de Produtos Alim. - Superm.",3,4,-1
06/2021,"Com. Var. de Merc. em Geral, com Pred. de Produtos Alim. - Superm.",2,4,-2
06/2021,Com. Var. de Plantas e Flores Naturais,0,1,-1
06/2021,"Com. Atac. de Chocolates, Confeitos, Balas, Bombons e Semelhantes",1,0,1
06/2021,"Com. Var. de Merc. em Geral, com Pred. de Produtos Alim. - Superm.",1,1,0
06/2021,"Lojas de Dep. ou Magazines, Exceto Lojas Francas (Duty Free)",1,1,0
06/2021,Com. Var. de Art. de óptica,1,0,1
06/2021,"Com. Var. de Merc. em Geral, com Pred. de Produtos Alim. - Minimercados, Mercearias e Armazéns",1,1,0
06/2021,Com. Var. de Comb. para Veíc. Autom.,1,0,1
06/2021,Com. Var. de Comb. para Veíc. Autom.,1,0,1
06/2021,"Com. Var. de Merc. em Geral, com Pred. de Produtos Alim. - Superm.",1,0,1
06/2021,Com. Var. de Art. de Joalheria,0,1,-1
06/2021,Com. Var. de Art. do Vestuário e Acessórios,0,1,-1
06/2021,"Com. Var. de Cosméticos, Produtos de Perfumaria e de Higiene Pessoal",1,1,0
06/2021,"Com. Var. de Cosméticos, Produtos de Perfumaria e de Higiene Pessoal",0,1,-1
06/2021,Com. a Var. de Peças e Acessórios Novos para Veíc. Autom.,0,2,-2
06/2021,Com. Var. de Art. de óptica,1,0,1
06/2021,Com. Var. de Comb. para Veíc. Autom.,0,1,-1
06/2021,"Com. Var. de Merc. em Geral, com Pred. de Produtos Alim. - Superm.",1,0,1
06/2021,Com. a Var. de Peças e Acessórios Novos para Veíc. Autom.,1,1,0
06/2021,Com. Var. de Comb. para Veíc. Autom.,1,0,1
06/2021,"Com. a Var. de Automóveis, Camionetas e Utilitários Novos",0,1,-1
06/2021,Com. a Var. de Peças e Acessórios Novos para Veíc. Autom.,1,0,1
06/2021,Padaria e Confeitaria com Pred. de Revenda,1,0,1
06/2021,Com. Var. de Comb. para Veíc. Autom.,1,0,1
06/2021,"Com. Var. de Merc. em Geral, com Pred. de Produtos Alim. - Superm.",0,2,-2
06/2021,"Com. Var. de Merc. em Geral, com Pred. de Produtos Alim. - Superm.",1,4,-3
06/2021,"Com. Var. de Merc. em Geral, com Pred. de Produtos Alim. - Superm.",1,2,-1
06/2021,"Com. Var. de Merc. em Geral, com Pred. de Produtos Alim. - Superm.",0,3,-3
06/2021,"Com. Var. de Merc. em Geral, com Pred. de Produtos Alim. - Superm.",2,2,0
06/2021,"Com. Var. de Merc. em Geral, com Pred. de Produtos Alim. - Superm.",1,3,-2
06/2021,"Com. Var. de Merc. em Geral, com Pred. de Produtos Alim. - Superm.",9,7,2
06/2021,"Com. Var. de Merc. em Geral, com Pred. de Produtos Alim. - Superm.",2,1,1
06/2021,"Com. Var. de Merc. em Geral, com Pred. de Produtos Alim. - Superm.",8,5,3
06/2021,Com. Atac. de Produtos Alim. em Geral,2,2,0
06/2021,"Com. Var. de Merc. em Geral, com Pred. de Produtos Alim. - Superm.",2,6,-4
06/2021,"Com. Var. de Merc. em Geral, com Pred. de Produtos Alim. - Superm.",1,2,-1
06/2021,"Com. Var. de Merc. em Geral, com Pred. de Produtos Alim. - Superm.",5,4,1
06/2021,"Com. Var. de Merc. em Geral, com Pred. de Produtos Alim. - Superm.",0,5,-5
06/2021,"Com. Var. de Merc. em Geral, com Pred. de Produtos Alim. - Superm.",4,2,2
06/2021,Padaria e Confeitaria com Pred. de Revenda,0,1,-1
06/2021,Com. Var. de Comb. para Veíc. Autom.,2,3,-1
06/2021,"Com. a Var. de Automóveis, Camionetas e Utilitários Novos",0,4,-4
06/2021,Com. Var. de Mat. de Const. não Especif. Ant.,0,2,-2
06/2021,Padaria e Confeitaria com Pred. de Revenda,2,0,2
06/2021,Com. Var. de Mat. de Const. não Especif. Ant.,1,0,1
06/2021,Com. Var. de Mat. de Const. em Geral,3,1,2
06/2021,Com. Var. de Comb. para Veíc. Autom.,0,1,-1
06/2021,"Com. Var. de Merc. em Geral, com Pred. de Produtos Alim. - Superm.",15,4,11
06/2021,"Com. Var. de Merc. em Geral, com Pred. de Produtos Alim. - Superm.",8,1,7
06/2021,"Com. Var. de Merc. em Geral, com Pred. de Produtos Alim. - Superm.",1,6,-5
06/2021,"Com. Var. de Merc. em Geral, com Pred. de Produtos Alim. - Superm.",4,3,1
06/2021,"Com. Var. de Merc. em Geral, com Pred. de Produtos Alim. - Superm.",3,6,-3
06/2021,Com. a Var. de Motocicletas e Motonetas Novas,0,1,-1
06/2021,Com. Var. de Mat. de Const. em Geral,1,0,1
06/2021,"Com. Var. de Produtos Farmac., sem Manip. de Fórmulas",0,1,-1
06/2021,Com. Atac. de Art. de Escritório e de Papelaria,1,1,0
06/2021,"Com. Atac. de Máquinas, Aparelhos e Equip. para Uso Agropecuário, Partes e Peças",7,10,-3
06/2021,Com. Var. de Ferragens e Ferramentas,1,0,1
06/2021,Com. Atac. de Produtos Alim. em Geral,1,0,1
06/2021,"Com. Var. de Produtos Farmac., com Manip. de Fórmulas",1,0,1
06/2021,Com. Var. de Mat. de Const. em Geral,3,0,3
06/2021,Com. Var. de Calçados,1,0,1
06/2021,"Com. Var. de Produtos Farmac., com Manip. de Fórmulas",3,5,-2
06/2021,Comercio Var. de Art. de Armarinho,1,1,0
06/2021,Padaria e Confeitaria com Pred. de Revenda,4,3,1
06/2021,Com. Var. de Animais Vivos e de Art. e Alimentos para Animais de Estimação,4,2,2
06/2021,"Com. Atac. de Outras Máquinas e Equip. não Especif. Ant., Partes e Peças",6,1,5
06/2021,"Com. Var. de Merc. em Geral, com Pred. de Produtos Alim. - Minimercados, Mercearias e Armazéns",0,3,-3
06/2021,Serv. de Manutenção e Reparação Mecânica de Veíc. Autom.,0,1,-1
06/2021,"Com. Var. de Merc. em Geral, com Pred. de Produtos Alim. - Minimercados, Mercearias e Armazéns",5,0,5
06/2021,Com. Var. de Mat. de Const. não Especif. Ant.,1,2,-1
06/2021,Com. a Var. de Peças e Acessórios Novos para Veíc. Autom.,1,0,1
06/2021,"Com. a Var. de Automóveis, Camionetas e Utilitários Novos",7,5,2
06/2021,Com. a Var. de Peças e Acessórios Novos para Veíc. Autom.,1,0,1
06/2021,Com. Var. de Comb. para Veíc. Autom.,1,0,1
06/2021,Com. Atac. de Outros Equip. e Art. de Uso Pessoal e Doméstico não Especif. Ant.,0,1,-1
06/2021,"Com. Atac. de Máquinas, Aparelhos e Equip. para Uso Agropecuário, Partes e Peças",0,2,-2
06/2021,Com. Var. de Mat. de Const. não Especif. Ant.,1,0,1
06/2021,Com. Var. de Outros Produtos não Especif. Ant.,1,0,1
06/2021,Com. Var. Especial. de Eletrod. e Equip. de áudio e Vídeo,0,1,-1
06/2021,Com. Var. Especial. de Eletrod. e Equip. de áudio e Vídeo,1,0,1
06/2021,Com. Var. de Mat. de Const. não Especif. Ant.,1,0,1
06/2021,Com. Var. de Art. de Papelaria,1,0,1
06/2021,Com. Var. de Art. de Joalheria,1,0,1
06/2021,Com. Var. de Art. Esportivos,0,1,-1
06/2021,Com. Var. de Art. do Vestuário e Acessórios,0,1,-1
06/2021,"Com. Var. de Produtos Farmac., sem Manip. de Fórmulas",1,0,1
06/2021,Com. Var. de Art. de Papelaria,0,1,-1
06/2021,Com. Var. de Brinquedos e Art. Recreativos,1,0,1
06/2021,"Com. Var. de Produtos Farmac., com Manip. de Fórmulas",0,2,-2
06/2021,"Com. Atac. de Cerveja, Chope e Refrigerante",14,12,2
06/2021,Com. Var. de Mat. de Const. em Geral,1,0,1
06/2021,Serv. de Manutenção e Reparação Mecânica de Veíc. Autom.,1,0,1
06/2021,Com. Atac. Especial. em Outros Produtos Intermediários não Especif. Ant.,1,1,0
06/2021,Com. Var. Especial. de Equip. e Suprimentos de Informática,1,0,1
06/2021,Comercio Var. de Art. de Armarinho,2,0,2
06/2021,Com. Var. de Animais Vivos e de Art. e Alimentos para Animais de Estimação,1,0,1
06/2021,Com. Atac. de Aves Vivas e Ovos,1,0,1
06/2021,Com. Var. de Comb. para Veíc. Autom.,1,0,1
06/2021,Com. Var. de Mat. de Const. não Especif. Ant.,0,1,-1
06/2021,Com. a Var. de Peças e Acessórios Novos para Veíc. Autom.,1,0,1
06/2021,"Com. Atac. de Frutas, Verduras, Raízes, Tubérculos, Hortaliças e Legumes Frescos",0,1,-1
06/2021,Com. a Var. de Peças e Acessórios Novos para Veíc. Autom.,0,2,-2
06/2021,Com. Var. de Mat. de Const. não Especif. Ant.,1,0,1
06/2021,Com. por Atacado de Caminhões Novos e Usados,1,0,1
06/2021,Com. Atac. de Aves Vivas e Ovos,0,1,-1
06/2021,Com. Atac. de Cosméticos e Produtos de Perfumaria,1,0,1
06/2021,"Com. Atac. de Cerveja, Chope e Refrigerante",8,8,0
06/2021,Com. Var. de Art. do Vestuário e Acessórios,0,1,-1
06/2021,Com. Atac. de Art. de Escritório e de Papelaria,0,1,-1
06/2021,"Com. Var. de Merc. em Geral, com Pred. de Produtos Alim. - Superm.",7,8,-1
06/2021,Com. Var. de Livros,0,2,-2
06/2021,"Com. Var. de Produtos Farmac., sem Manip. de Fórmulas",1,0,1
06/2021,"Com. Var. de Produtos Farmac., sem Manip. de Fórmulas",4,1,3
06/2021,"Com. Var. de Produtos Farmac., sem Manip. de Fórmulas",1,0,1
06/2021,"Com. Var. de Produtos Farmac., sem Manip. de Fórmulas",3,0,3
06/2021,"Com. Var. de Produtos Farmac., sem Manip. de Fórmulas",2,0,2
06/2021,"Com. Var. de Produtos Farmac., sem Manip. de Fórmulas",1,0,1
06/2021,"Com. Var. de Produtos Farmac., sem Manip. de Fórmulas",1,1,0
06/2021,"Com. Var. de Produtos Farmac., sem Manip. de Fórmulas",2,0,2
06/2021,"Com. Var. de Produtos Farmac., sem Manip. de Fórmulas",2,1,1
06/2021,"Com. Var. de Produtos Farmac., sem Manip. de Fórmulas",2,0,2
06/2021,"Com. Var. de Produtos Farmac., sem Manip. de Fórmulas",0,1,-1
06/2021,"Com. Var. de Produtos Farmac., sem Manip. de Fórmulas",0,1,-1
06/2021,"Com. Var. de Produtos Farmac., sem Manip. de Fórmulas",1,0,1
06/2021,"Com. Var. de Produtos Farmac., sem Manip. de Fórmulas",1,0,1
06/2021,"Com. Var. de Produtos Farmac., sem Manip. de Fórmulas",0,1,-1
06/2021,"Com. Var. de Produtos Farmac., sem Manip. de Fórmulas",1,2,-1
06/2021,"Com. Var. de Produtos Farmac., sem Manip. de Fórmulas",1,1,0
06/2021,"Com. Var. de Produtos Farmac., sem Manip. de Fórmulas",1,1,0
06/2021,Com. Var. de Art. de Viagem,2,1,1
06/2021,Com. Var. de Art. de Viagem,1,0,1
06/2021,Com. Var. de Material Elétrico,1,0,1
06/2021,Com. Var. de Medicamentos Veterinários,1,0,1
06/2021,Com. Var. de Outros Art. de Uso Doméstico não Especif. Ant.,2,1,1
06/2021,"Com. Atac. de Chocolates, Confeitos, Balas, Bombons e Semelhantes",2,0,2
06/2021,"Com. Var. de Merc. em Geral, com Pred. de Produtos Alim. - Minimercados, Mercearias e Armazéns",0,1,-1
06/2021,Com. Var. de Plantas e Flores Naturais,2,3,-1
06/2021,Com. Var. de Mat. de Const. em Geral,2,2,0
06/2021,Com. Var. de Mat. de Const. não Especif. Ant.,2,0,2
06/2021,"Com. Atac. de Produtos de Higiene, Limpeza e Conservação Domiciliar",0,1,-1
06/2021,"Com. Var. de Produtos Farmac., sem Manip. de Fórmulas",2,0,2
06/2021,Com. Var. de Outros Produtos não Especif. Ant.,1,0,1
06/2021,Com. Var. de Calçados,1,1,0
06/2021,"Com. Var. de Merc. em Geral, com Pred. de Produtos Alim. - Superm.",28,33,-5
06/2021,Com. Var. de Art. de Joalheria,1,0,1
06/2021,"Com. Var. de Produtos Farmac., com Manip. de Fórmulas",1,1,0
06/2021,Com. Var. de Outros Produtos não Especif. Ant.,2,2,0
06/2021,"Com. Var. de Produtos Farmac., sem Manip. de Fórmulas",2,1,1
06/2021,"Com. Var. de Produtos Farmac., sem Manip. de Fórmulas",1,1,0
06/2021,Com. Var. de Móveis,1,0,1
06/2021,Com. Var. de Mat. de Const. não Especif. Ant.,1,0,1
06/2021,Com. a Var. de Peças e Acessórios Novos para Veíc. Autom.,1,0,1
06/2021,"Com. Var. de Merc. em Geral, com Pred. de Produtos Alim. - Superm.",2,2,0
06/2021,Com. Var. de Produtos Alim. em Geral ou Especial. em Produtos Alim. não Especif. Ant.,2,4,-2
06/2021,Com. Var. de Outros Produtos não Especif. Ant.,0,1,-1
06/2021,Com. Var. de Plantas e Flores Naturais,0,1,-1
06/2021,Com. Var. de Mat. de Const. não Especif. Ant.,3,0,3
06/2021,Com. Var. de Mat. de Const. não Especif. Ant.,1,1,0
06/2021,Com. Atac. de Matérias-Primas Agrícolas não Especificadas Ant.,7,2,5
06/2021,Padaria e Confeitaria com Pred. de Revenda,1,0,1
06/2021,"Com. Var. de Merc. em Geral, com Pred. de Produtos Alim. - Minimercados, Mercearias e Armazéns",0,1,-1
06/2021,"Com. Var. de Merc. em Geral, com Pred. de Produtos Alim. - Minimercados, Mercearias e Armazéns",3,0,3
06/2021,Com. Var. Especial. de Equip. e Suprimentos de Informática,0,1,-1
06/2021,"Com. Var. de Merc. em Geral, com Pred. de Produtos Alim. - Minimercados, Mercearias e Armazéns",0,2,-2
06/2021,Com. Atac. de Roupas e Acessórios para Uso Profissional e de Segurança do Trabalho,0,1,-1
06/2021,Padaria e Confeitaria com Pred. de Revenda,0,1,-1
06/2021,Padaria e Confeitaria com Pred. de Revenda,2,0,2
06/2021,"Com. Var. de Produtos Farmac., com Manip. de Fórmulas",5,2,3
06/2021,"Com. Var. de Produtos Farmac., sem Manip. de Fórmulas",1,0,1
06/2021,Com. Var. de Tintas e Mat. para Pintura,0,1,-1
06/2021,Com. Var. de Tintas e Mat. para Pintura,0,1,-1
06/2021,Com. Var. de Tintas e Mat. para Pintura,1,0,1
06/2021,Com. Var. de Tintas e Mat. para Pintura,0,1,-1
06/2021,"Com. Atac. de Máquinas e Equip. para Uso Industrial, Partes e Peças",1,0,1
06/2021,Com. Var. de Livros,0,1,-1
06/2021,Com. Var. de Outros Produtos não Especif. Ant.,2,0,2
06/2021,Com. Var. de Comb. para Veíc. Autom.,1,1,0
06/2021,Com. Var. de Comb. para Veíc. Autom.,1,0,1
06/2021,"Com. Atac. de Merc. em Geral, com Pred. de Insumos Agropecuários",2,4,-2
06/2021,"Serv. de Lavagem, Lubrificação e Polimento de Veíc. Autom.",1,0,1
06/2021,Com. Var. de Vidros,0,1,-1
06/2021,"Com. Atac. de Cerveja, Chope e Refrigerante",0,5,-5
06/2021,Com. Var. de Mat. de Const. em Geral,0,1,-1
06/2021,"Com. Var. de Merc. em Geral, com Pred. de Produtos Alim. - Superm.",3,3,0
06/2021,Com. Var. de Produtos Alim. em Geral ou Especial. em Produtos Alim. não Especif. Ant.,0,1,-1
06/2021,"Com. Var. de Produtos Farmac., sem Manip. de Fórmulas",2,0,2
06/2021,"Com. Var. de Merc. em Geral, com Pred. de Produtos Alim. - Hipermercados",6,8,-2
06/2021,Com. Atac. de Ferragens e Ferramentas,5,5,0
06/2021,Com. Var. de Art. do Vestuário e Acessórios,1,0,1
06/2021,Com. a Var. de Peças e Acessórios Novos para Veíc. Autom.,4,2,2
06/2021,"Com. Var. de Merc. em Geral, com Pred. de Produtos Alim. - Hipermercados",9,5,4
06/2021,Com. Atac. Especial. de Mat. de Const. não Especif. Ant.,0,4,-4
06/2021,Com. por Atacado de Motocicletas e Motonetas,1,1,0
06/2021,Com. Var. de Art. de Joalheria,1,3,-2
06/2021,Com. Var. de Art. do Vestuário e Acessórios,6,1,5
06/2021,Com. Var. de Art. do Vestuário e Acessórios,4,1,3
06/2021,Padaria e Confeitaria com Pred. de Revenda,0,1,-1
06/2021,Com. Var. de Art. do Vestuário e Acessórios,1,0,1
06/2021,Com. Atac. de Roupas e Acessórios para Uso Profissional e de Segurança do Trabalho,1,0,1
06/2021,Com. Var. de Art. do Vestuário e Acessórios,0,1,-1
06/2021,Com. Var. Especial. de Equip. de Telefonia e Comunicação,2,0,2
10/2020,Com. Var. de Outros Produtos não Especif. Ant.,1,0,1
10/2020,Com. Var. Especial. de Equip. e Suprimentos de Informática,1,0,1
10/2020,Com. Var. de Mat. de Const. não Especif. Ant.,1,1,0
10/2020,Com. Var. de Outros Produtos não Especif. Ant.,2,1,1
10/2020,Com. Var. de Outros Produtos não Especif. Ant.,1,0,1
10/2020,Com. Var. de Outros Produtos não Especif. Ant.,0,3,-3
10/2020,Com. Var. Especial. de Eletrod. e Equip. de áudio e Vídeo,5,10,-5
10/2020,Com. Var. Especial. de Eletrod. e Equip. de áudio e Vídeo,0,1,-1
10/2020,Padaria e Confeitaria com Pred. de Revenda,0,1,-1
10/2020,Com. Atac. de Ferragens e Ferramentas,2,0,2
10/2020,Com. Var. de Equip. para Escritório,0,1,-1
10/2020,Com. a Var. de Peças e Acessórios Novos para Veíc. Autom.,1,0,1
10/2020,"Com. Var. de Merc. em Geral, com Pred. de Produtos Alim. - Minimercados, Mercearias e Armazéns",1,0,1
10/2020,Com. a Var. de Peças e Acessórios Novos para Veíc. Autom.,0,4,-4
10/2020,"Com. Atac. de Frutas, Verduras, Raízes, Tubérculos, Hortaliças e Legumes Frescos",1,0,1
10/2020,"Com. a Var. de Automóveis, Camionetas e Utilitários Usados",2,0,2
10/2020,"Com. Var. de Produtos Farmac., com Manip. de Fórmulas",1,0,1
10/2020,Com. Var. de Art. do Vestuário e Acessórios,0,1,-1
10/2020,Com. a Var. de Pneumáticos e Câmaras-De-Ar,2,1,1
10/2020,"Representantes Comerciais e Agentes do Com. de Têxteis, Vestuário, Calçados e Art. de Viagem",2,0,2
10/2020,Com. Var. Especial. de Eletrod. e Equip. de áudio e Vídeo,1,0,1
10/2020,Com. Atac. Especial. em Outros Produtos Intermediários não Especif. Ant.,0,1,-1
10/2020,Padaria e Confeitaria com Pred. de Revenda,0,1,-1
10/2020,"Com. Atac. de Merc. em Geral, sem Pred. de Alimentos ou de Insumos Agropecuários",9,11,-2
10/2020,"Com. a Var. de Automóveis, Camionetas e Utilitários Novos",5,3,2
10/2020,Com. Var. de Material Elétrico,0,1,-1
10/2020,Com. Atac. de Medicamentos e Drogas de Uso Humano,19,22,-3
10/2020,"Com. Var. de Produtos Farmac., sem Manip. de Fórmulas",1,0,1
10/2020,Com. Var. Especial. de Equip. de Telefonia e Comunicação,1,0,1
10/2020,Padaria e Confeitaria com Pred. de Revenda,1,2,-1
10/2020,Com. Atac. Especial. em Outros Produtos Intermediários não Especif. Ant.,3,1,2
10/2020,Com. Atac. de Componentes Eletrônicos e Equip. de Telefonia e Comunicação,3,1,2
10/2020,"Com. Var. de Cosméticos, Produtos de Perfumaria e de Higiene Pessoal",0,1,-1
10/2020,"Com. Atac. de Produtos da Extração Mineral, Exceto Comb.",1,1,0
10/2020,Com. Atac. de Produtos Alim. em Geral,0,2,-2
10/2020,Com. Var. de Art. do Vestuário e Acessórios,0,1,-1
10/2020,Com. Var. de Outros Produtos não Especif. Ant.,0,1,-1
10/2020,Com. Atac. de Carnes Bovinas e Suínas e Derivados,21,8,13
10/2020,"Com. Var. de Merc. em Geral, com Pred. de Produtos Alim. - Minimercados, Mercearias e Armazéns",3,2,1
10/2020,"Com. Var. de Bicicletas e Triciclos, Peças e Acessórios",1,0,1
10/2020,Com. por Atacado de Peças e Acessórios Novos para Veíc. Autom.,0,2,-2
10/2020,Com. por Atacado de Peças e Acessórios Novos para Veíc. Autom.,1,1,0
10/2020,Com. por Atacado de Pneumáticos e Câmaras-De-Ar,3,4,-1
10/2020,Com. Atac. de Resíduos e Sucatas Metálicos,2,1,1
10/2020,Com. Var. de Outros Art. de Uso Doméstico não Especif. Ant.,1,1,0
10/2020,Com. Var. de Comb. para Veíc. Autom.,0,1,-1
10/2020,Com. Var. de Comb. para Veíc. Autom.,1,1,0
10/2020,Com. Atac. de Produtos Alim. em Geral,8,6,2
10/2020,"Com. Var. de Produtos Farmac., sem Manip. de Fórmulas",2,0,2
10/2020,Com. Var. de Plantas e Flores Naturais,1,0,1
10/2020,"Com. a Var. de Automóveis, Camionetas e Utilitários Novos",1,1,0
10/2020,Com. Var. de Gás LiqüEfeito de Petróleo (Glp),0,1,-1
10/2020,Com. Var. de Art. de óptica,1,0,1
10/2020,"Com. a Var. de Automóveis, Camionetas e Utilitários Novos",1,0,1
10/2020,"Com. a Var. de Automóveis, Camionetas e Utilitários Novos",0,1,-1
10/2020,"Com. a Var. de Automóveis, Camionetas e Utilitários Usados",1,0,1
10/2020,Serv. de Manutenção e Reparação Mecânica de Veíc. Autom.,1,0,1
10/2020,"Com. Var. de Cosméticos, Produtos de Perfumaria e de Higiene Pessoal",0,1,-1
10/2020,Com. Var. de Art. do Vestuário e Acessórios,1,2,-1
10/2020,Padaria e Confeitaria com Pred. de Revenda,0,1,-1
10/2020,Com. Atac. de Embalagens,0,1,-1
10/2020,Com. Var. de Carnes - Açougues,1,0,1
10/2020,Com. Var. de Móveis,1,0,1
10/2020,Com. Var. de Art. do Vestuário e Acessórios,0,1,-1
10/2020,Com. Var. de Outros Produtos não Especif. Ant.,1,1,0
10/2020,Com. Var. de Art. de Colchoaria,0,1,-1
10/2020,Lojas de Dep. ou Magazines (Desativado),0,1,-1
10/2020,"Com. Var. de Suvenires, Bijuterias e Artesanatos",1,1,0
10/2020,"Com. Var. de Suvenires, Bijuterias e Artesanatos",2,0,2
10/2020,Com. Var. de Outros Produtos não Especif. Ant.,1,0,1
10/2020,"Com. Var. de Produtos Farmac., com Manip. de Fórmulas",2,2,0
10/2020,Com. Var. de Comb. para Veíc. Autom.,0,4,-4
10/2020,"Com. Var. de Produtos Farmac., sem Manip. de Fórmulas",0,1,-1
10/2020,Com. Var. Especial. de Equip. de Telefonia e Comunicação,1,0,1
10/2020,Com. Var. Especial. de Equip. de Telefonia e Comunicação,2,3,-1
10/2020,Com. Var. Especial. de Equip. de Telefonia e Comunicação,1,3,-2
10/2020,"Com. Var. de Produtos Farmac., sem Manip. de Fórmulas",1,0,1
10/2020,Com. Atac. Especial. em Outros Produtos Intermediários não Especif. Ant.,1,1,0
10/2020,Com. Atac. de Produtos Alim. em Geral,3,0,3
10/2020,Com. Var. de Madeira e Artefatos,1,0,1
10/2020,Com. Atac. de Cosméticos e Produtos de Perfumaria,1,2,-1
10/2020,Com. Var. de Art. do Vestuário e Acessórios,1,0,1
10/2020,Com. Var. de Outros Produtos não Especif. Ant.,1,0,1
10/2020,Com. Var. de Outros Art. de Uso Doméstico não Especif. Ant.,1,1,0
10/2020,Com. Var. de Móveis,1,1,0
10/2020,Com. Var. de Mat. de Const. em Geral,1,1,0
10/2020,"Com. Var. de Merc. em Geral, com Pred. de Produtos Alim. - Superm.",1,0,1
10/2020,"Com. Var. de Merc. em Geral, com Pred. de Produtos Alim. - Superm.",1,2,-1
10/2020,Com. Var. de Móveis,1,0,1
10/2020,Com. Var. de Hortifrutigranjeiros,1,0,1
10/2020,"Com. Atac. de Frutas, Verduras, Raízes, Tubérculos, Hortaliças e Legumes Frescos",0,6,-6
10/2020,Com. Var. de Mat. de Const. não Especif. Ant.,5,1,4
10/2020,Com. Var. de Outros Produtos não Especif. Ant.,2,0,2
10/2020,Com. Var. de Mat. de Const. não Especif. Ant.,3,1,2
10/2020,Com. Atac. de Sorvetes,10,3,7
10/2020,Com. Var. de Art. de óptica,1,1,0
10/2020,Com. Var. de Mat. de Const. não Especif. Ant.,1,0,1
10/2020,Com. Atac. de Outros Equip. e Art. de Uso Pessoal e Doméstico não Especif. Ant.,2,2,0
10/2020,Com. Var. de Art. do Vestuário e Acessórios,0,1,-1
10/2020,Com. a Var. de Peças e Acessórios Novos para Veíc. Autom.,1,2,-1
10/2020,Com. Atac. de Ferragens e Ferramentas,1,1,0
10/2020,Com. Var. de Material Elétrico,0,2,-2
10/2020,Com. Atac. de Produtos Alim. em Geral,0,1,-1
10/2020,Serv. de Manutenção e Reparação Mecânica de Veíc. Autom.,1,1,0
10/2020,Com. por Atacado de Peças e Acessórios para Motocicletas e Motonetas,1,1,0
10/2020,Com. Var. de Art. de Viagem,1,1,0
10/2020,Com. Var. Especial. de Eletrod. e Equip. de áudio e Vídeo,2,1,1
10/2020,Com. Var. de Comb. para Veíc. Autom.,2,1,1
10/2020,Com. Atac. de Produtos Alim. em Geral,14,12,2
10/2020,Com. Var. Especial. de Equip. e Suprimentos de Informática,0,1,-1
10/2020,"Com. Var. de Merc. em Geral, com Pred. de Produtos Alim. - Minimercados, Mercearias e Armazéns",0,1,-1
10/2020,Com. Var. de Equip. para Escritório,0,1,-1
10/2020,Com. Var. de Art. do Vestuário e Acessórios,0,1,-1
10/2020,Serv. de Manutenção e Reparação Mecânica de Veíc. Autom.,2,0,2
10/2020,Com. Var. de Equip. para Escritório,1,2,-1
10/2020,Com. Var. Especial. de Eletrod. e Equip. de áudio e Vídeo,0,1,-1
10/2020,Com. Var. de Mat. de Const. não Especif. Ant.,0,1,-1
10/2020,Com. Var. de Art. do Vestuário e Acessórios,0,1,-1
10/2020,Com. Var. de Hortifrutigranjeiros,26,11,15
10/2020,Com. Var. de Vidros,1,0,1
10/2020,"Com. Var. de Merc. em Geral, com Pred. de Produtos Alim. - Minimercados, Mercearias e Armazéns",1,0,1
10/2020,"Com. a Var. de Automóveis, Camionetas e Utilitários Novos",2,0,2
10/2020,Com. Atac. de Ferragens e Ferramentas,1,1,0
10/2020,Com. Var. de Gás LiqüEfeito de Petróleo (Glp),0,1,-1
10/2020,Serv. de Lanternagem ou Funilaria e Pintura de Veíc. Autom.,0,1,-1
10/2020,Com. Var. de Art. do Vestuário e Acessórios,1,0,1
10/2020,Com. Var. de Madeira e Artefatos,1,0,1
10/2020,Com. Var. Especial. de Equip. e Suprimentos de Informática,1,0,1
10/2020,Com. a Var. de Peças e Acessórios Novos para Veíc. Autom.,5,2,3
10/2020,Com. Var. de Comb. para Veíc. Autom.,2,1,1
10/2020,Com. Var. de Calçados,4,4,0
10/2020,Com. Var. de Bebidas,2,0,2
10/2020,"Com. a Var. de Automóveis, Camionetas e Utilitários Novos",3,2,1
10/2020,Com. Atac. de Resíduos e Sucatas Metálicos,1,0,1
10/2020,"Com. Var. de Merc. em Geral, com Pred. de Produtos Alim. - Minimercados, Mercearias e Armazéns",1,0,1
10/2020,Com. Var. de Produtos Alim. em Geral ou Especial. em Produtos Alim. não Especif. Ant.,0,1,-1
10/2020,Com. Var. de Carnes - Açougues,1,0,1
10/2020,Com. Var. de Madeira e Artefatos,0,1,-1
10/2020,Com. Var. de Art. de óptica,1,1,0
10/2020,Com. a Var. de Motocicletas e Motonetas Novas,1,0,1
10/2020,"Com. Var. de Merc. em Geral, com Pred. de Produtos Alim. - Minimercados, Mercearias e Armazéns",0,1,-1
10/2020,Com. Var. de Art. de óptica,0,1,-1
10/2020,Padaria e Confeitaria com Pred. de Revenda,0,1,-1
10/2020,Com. Var. de Mat. Hidráulicos,1,0,1
10/2020,"Com. Atac. de Merc. em Geral, sem Pred. de Alimentos ou de Insumos Agropecuários",0,2,-2
10/2020,"Com. Var. de Merc. em Geral, com Pred. de Produtos Alim. - Superm.",9,10,-1
10/2020,Com. Var. de Art. de óptica,0,1,-1
10/2020,Com. Var. Especial. de Eletrod. e Equip. de áudio e Vídeo,1,0,1
10/2020,"Com. Var. de Produtos Farmac., sem Manip. de Fórmulas",1,1,0
10/2020,Com. Var. Especial. de Equip. e Suprimentos de Informática,2,0,2
10/2020,"Com. Var. de Cosméticos, Produtos de Perfumaria e de Higiene Pessoal",1,3,-2
10/2020,"Com. Var. de Cosméticos, Produtos de Perfumaria e de Higiene Pessoal",3,4,-1
10/2020,Com. Var. de Outros Art. de Uso Doméstico não Especif. Ant.,4,3,1
10/2020,Com. Var. de Outros Art. de Uso Doméstico não Especif. Ant.,2,0,2
10/2020,Com. Var. de Outros Art. de Uso Doméstico não Especif. Ant.,0,2,-2
10/2020,Com. Atac. de Outros Equip. e Art. de Uso Pessoal e Doméstico não Especif. Ant.,0,5,-5
10/2020,Com. Var. de Livros,1,1,0
10/2020,Com. Var. Especial. de Eletrod. e Equip. de áudio e Vídeo,3,0,3
10/2020,Com. Var. de Madeira e Artefatos,0,1,-1
10/2020,"Com. Var. de Merc. em Geral, com Pred. de Produtos Alim. - Superm.",8,5,3
10/2020,"Com. Var. de Merc. em Geral, com Pred. de Produtos Alim. - Hipermercados",21,26,-5
10/2020,"Com. Var. de Merc. em Geral, com Pred. de Produtos Alim. - Superm.",0,1,-1
10/2020,Com. Atac. Especial. em Outros Produtos Intermediários não Especif. Ant.,0,1,-1
10/2020,Com. Var. de Plantas e Flores Naturais,0,1,-1
10/2020,Com. Var. de Livros,3,2,1
10/2020,"Com. a Var. de Automóveis, Camionetas e Utilitários Usados",0,1,-1
10/2020,Com. a Var. de Peças e Acessórios Novos para Veíc. Autom.,0,1,-1
10/2020,Com. Var. de Mat. de Const. em Geral,1,0,1
10/2020,"Com. Atac. de Outras Máquinas e Equip. não Especif. Ant., Partes e Peças",0,1,-1
10/2020,"Com. Var. de Merc. em Geral, com Pred. de Produtos Alim. - Minimercados, Mercearias e Armazéns",1,6,-5
10/2020,Com. Var. de Plantas e Flores Naturais,3,2,1
10/2020,Com. Var. de Art. Esportivos,4,2,2
10/2020,Com. Var. de Comb. para Veíc. Autom.,0,10,-10
10/2020,Com. Var. de Art. do Vestuário e Acessórios,1,1,0
10/2020,"Com. Atac. de Resíduos e Sucatas Não-Metálicos, Exceto de Papel e Papelão",0,1,-1
10/2020,Serv. de Manutenção e Reparação Mecânica de Veíc. Autom.,0,1,-1
10/2020,"Com. Var. de Merc. em Geral, com Pred. de Produtos Alim. - Superm.",4,15,-11
10/2020,"Com. Var. de Bicicletas e Triciclos, Peças e Acessórios",0,1,-1
10/2020,Com. Var. de Comb. para Veíc. Autom.,1,0,1
10/2020,Com. Var. de Móveis,0,1,-1
10/2020,Com. Var. de Produtos Alim. em Geral ou Especial. em Produtos Alim. não Especif. Ant.,0,1,-1
10/2020,Com. a Var. de Peças e Acessórios Novos para Veíc. Autom.,3,1,2
10/2020,Com. Var. de Art. do Vestuário e Acessórios,10,5,5
10/2020,Com. a Var. de Peças e Acessórios Novos para Veíc. Autom.,2,2,0
10/2020,Com. Var. de Art. de Colchoaria,1,0,1
10/2020,Com. a Var. de Peças e Acessórios Novos para Veíc. Autom.,0,1,-1
10/2020,Com. Var. de Art. de óptica,0,1,-1
10/2020,"Com. Atac. de Frutas, Verduras, Raízes, Tubérculos, Hortaliças e Legumes Frescos",25,24,1
10/2020,Com. Var. de Mat. de Const. em Geral,1,0,1
10/2020,"Com. Atac. de Produtos Siderúrgicos e Metalúrgicos, Exceto para Const.",0,2,-2
10/2020,"Lojas de Variedades, Exceto Lojas de Dep. ou Magazines",1,0,1
10/2020,"Lojas de Variedades, Exceto Lojas de Dep. ou Magazines",0,1,-1
10/2020,Com. a Var. de Peças e Acessórios Novos para Veíc. Autom.,0,1,-1
10/2020,Com. Var. de Livros,2,0,2
10/2020,Com. Var. de Tintas e Mat. para Pintura,2,0,2
10/2020,"Com. Var. de Produtos Farmac., sem Manip. de Fórmulas",0,1,-1
10/2020,"Com. Var. de Produtos Farmac., sem Manip. de Fórmulas",0,2,-2
10/2020,"Com. Var. de Produtos Farmac., sem Manip. de Fórmulas",0,1,-1
10/2020,Com. Var. de Mat. Hidráulicos,1,0,1
10/2020,Com. Var. de Tintas e Mat. para Pintura,0,1,-1
10/2020,Com. Var. de Tintas e Mat. para Pintura,0,1,-1
10/2020,Com. Var. de Tintas e Mat. para Pintura,1,0,1
10/2020,Com. Var. de Comb. para Veíc. Autom.,1,0,1
10/2020,"Com. Atac. de Cerveja, Chope e Refrigerante",0,4,-4
10/2020,Serv. de Alinhamento e Balanceamento de Veíc. Autom.,0,1,-1
10/2020,Com. Var. de Art. de Iluminação,2,4,-2
10/2020,Padaria e Confeitaria com Pred. de Revenda,0,1,-1
10/2020,Com. Var. de Comb. para Veíc. Autom.,1,0,1
10/2020,"Com. Var. de Cosméticos, Produtos de Perfumaria e de Higiene Pessoal",1,0,1
10/2020,"Com. Var. de Produtos Farmac., com Manip. de Fórmulas",1,0,1
10/2020,Com. Var. de Art. do Vestuário e Acessórios,1,0,1
10/2020,"Com. Var. de Cosméticos, Produtos de Perfumaria e de Higiene Pessoal",2,0,2
10/2020,Com. Var. de Art. de Colchoaria,3,0,3
10/2020,Com. a Var. de Peças e Acessórios Novos para Veíc. Autom.,0,1,-1
10/2020,"Com. Var. de Merc. em Geral, com Pred. de Produtos Alim. - Minimercados, Mercearias e Armazéns",1,0,1
10/2020,Padaria e Confeitaria com Pred. de Revenda,0,1,-1
10/2020,Com. Var. de Calçados,1,0,1
10/2020,Com. Var. de Produtos Alim. em Geral ou Especial. em Produtos Alim. não Especif. Ant.,1,1,0
10/2020,Com. Var. Especial. de Eletrod. e Equip. de áudio e Vídeo,7,2,5
10/2020,Com. Var. Especial. de Eletrod. e Equip. de áudio e Vídeo,4,3,1
10/2020,Com. Var. de Art. do Vestuário e Acessórios,1,0,1
10/2020,Com. Atac. de Produtos Alim. em Geral,0,1,-1
10/2020,Com. a Var. de Peças e Acessórios Novos para Veíc. Autom.,2,3,-1
10/2020,Com. Var. de Art. do Vestuário e Acessórios,3,1,2
10/2020,Com. Var. de Ferragens e Ferramentas,0,1,-1
10/2020,Comercio Var. de Art. de Armarinho,1,0,1
10/2020,Com. Var. de Material Elétrico,1,0,1
10/2020,Com. Var. de Produtos Alim. em Geral ou Especial. em Produtos Alim. não Especif. Ant.,3,0,3
10/2020,Com. Var. de Hortifrutigranjeiros,0,1,-1
10/2020,Com. Var. de Livros,1,1,0
10/2020,Com. Var. de Comb. para Veíc. Autom.,1,2,-1
10/2020,Com. Var. de Mat. de Const. em Geral,0,1,-1
10/2020,Com. a Var. de Peças e Acessórios Novos para Veíc. Autom.,0,1,-1
10/2020,Com. Var. de Comb. para Veíc. Autom.,0,2,-2
10/2020,"Com. Var. de Merc. em Geral, com Pred. de Produtos Alim. - Minimercados, Mercearias e Armazéns",0,2,-2
10/2020,Com. a Var. de Peças e Acessórios Novos para Veíc. Autom.,1,1,0
10/2020,Com. Var. de Ferragens e Ferramentas,0,1,-1
10/2020,Com. Var. de Animais Vivos e de Art. e Alimentos para Animais de Estimação,1,1,0
10/2020,"Com. Atac. de Máquinas e Equip. para Uso Industrial, Partes e Peças",2,0,2
10/2020,Com. Var. de Produtos Alim. em Geral ou Especial. em Produtos Alim. não Especif. Ant.,1,0,1
10/2020,"Com. Var. de Doces, Balas, Bombons e Semelhantes",1,0,1
10/2020,Com. Atac. de Ferragens e Ferramentas,1,0,1
10/2020,"Com. a Var. de Automóveis, Camionetas e Utilitários Novos",1,2,-1
10/2020,Com. Var. de Produtos Alim. em Geral ou Especial. em Produtos Alim. não Especif. Ant.,2,5,-3
10/2020,Com. Var. de Outros Produtos não Especif. Ant.,2,1,1
10/2020,Com. Atac. de Embalagens,3,8,-5
10/2020,Com. a Var. de Peças e Acessórios Novos para Veíc. Autom.,1,0,1
10/2020,Com. Var. de Gás LiqüEfeito de Petróleo (Glp),0,1,-1
10/2020,Com. Var. de Outros Art. de Uso Doméstico não Especif. Ant.,1,0,1
10/2020,"Com. a Var. de Automóveis, Camionetas e Utilitários Novos",5,1,4
10/2020,Com. Var. de Produtos Alim. em Geral ou Especial. em Produtos Alim. não Especif. Ant.,0,1,-1
10/2020,Com. Var. de Outros Produtos não Especif. Ant.,2,0,2
10/2020,Com. Var. de Art. de óptica,1,0,1
10/2020,Com. Var. de Móveis,4,7,-3
10/2020,Com. Var. de Móveis,0,1,-1
10/2020,Com. Var. de Móveis,0,2,-2
10/2020,Com. Var. de Hortifrutigranjeiros,2,0,2
10/2020,Com. Var. de Comb. para Veíc. Autom.,0,1,-1
10/2020,Com. Var. de Produtos Saneantes Domissanitários,3,1,2
10/2020,Com. Var. de Móveis,1,2,-1
10/2020,"Com. Var. de Produtos Farmac., sem Manip. de Fórmulas",0,1,-1
10/2020,"Lojas de Variedades, Exceto Lojas de Dep. ou Magazines",2,4,-2
10/2020,"Com. Var. de Merc. em Geral, com Pred. de Produtos Alim. - Superm.",1,1,0
10/2020,"Com. a Var. de Automóveis, Camionetas e Utilitários Novos",1,1,0
10/2020,Com. Atac. de Embalagens,1,0,1
10/2020,Com. Var. de Hortifrutigranjeiros,13,3,10
10/2020,"Com. Atac. de Frutas, Verduras, Raízes, Tubérculos, Hortaliças e Legumes Frescos",2,1,1
10/2020,Com. Var. de Hortifrutigranjeiros,15,13,2
10/2020,Com. Var. de Art. do Vestuário e Acessórios,1,0,1
10/2020,Com. Var. de Animais Vivos e de Art. e Alimentos para Animais de Estimação,1,0,1
10/2020,Com. Var. de Gás LiqüEfeito de Petróleo (Glp),1,0,1
10/2020,Padaria e Confeitaria com Pred. de Revenda,2,0,2
10/2020,"Com. Var. de Cosméticos, Produtos de Perfumaria e de Higiene Pessoal",0,1,-1
10/2020,"Com. Atac. de Merc. em Geral, com Pred. de Produtos Alim.",4,11,-7
10/2020,Com. Var. Especial. de Equip. e Suprimentos de Informática,1,0,1
10/2020,Serv. de Borracharia para Veíc. Autom.,0,1,-1
10/2020,Com. Var. de Comb. para Veíc. Autom.,0,1,-1
10/2020,Representantes Comerciais e Agentes do Com. de Instrumentos e Mat. Odonto-Médico-Hospitalares,4,1,3
10/2020,"Com. Var. Especial. de Peças e Acessórios para Aparelhos Eletroeletrônicos para Uso Doméstico, Exceto Informática e Comunicação",2,0,2
10/2020,"Com. Var. de Produtos Farmac., sem Manip. de Fórmulas",0,1,-1
10/2020,"Com. Var. de Merc. em Geral, com Pred. de Produtos Alim. - Minimercados, Mercearias e Armazéns",0,1,-1
10/2020,Com. Atac. de Art. de Escritório e de Papelaria,1,1,0
10/2020,"Com. a Var. de Automóveis, Camionetas e Utilitários Novos",0,4,-4
10/2020,Com. Var. de Comb. para Veíc. Autom.,0,1,-1
10/2020,Com. Var. de Calçados,3,1,2
10/2020,Serv. de Alinhamento e Balanceamento de Veíc. Autom.,2,0,2
10/2020,Com. Var. de Móveis,58,1,57
10/2020,Com. a Var. de Peças e Acessórios Novos para Veíc. Autom.,0,1,-1
10/2020,Com. Var. de Mat. de Const. em Geral,1,0,1
10/2020,Com. Var. de Art. de Papelaria,0,1,-1
10/2020,Com. Var. de Material Elétrico,1,0,1
10/2020,Com. Var. de Outros Art. de Uso Doméstico não Especif. Ant.,0,1,-1
10/2020,"Com. Var. de Produtos Farmac., sem Manip. de Fórmulas",1,0,1
10/2020,Com. Var. de Animais Vivos e de Art. e Alimentos para Animais de Estimação,1,0,1
10/2020,Com. Var. de Comb. para Veíc. Autom.,2,0,2
10/2020,"Com. a Var. de Automóveis, Camionetas e Utilitários Novos",1,0,1
10/2020,Com. Var. de Produtos Alim. em Geral ou Especial. em Produtos Alim. não Especif. Ant.,1,1,0
10/2020,Com. Atac. de Equip. de Informática,1,0,1
10/2020,Com. Atac. de Cosméticos e Produtos de Perfumaria,1,0,1
10/2020,Com. a Var. de Peças e Acessórios Novos para Veíc. Autom.,0,1,-1
10/2020,"Com. Var. de Merc. em Geral, com Pred. de Produtos Alim. - Minimercados, Mercearias e Armazéns",1,0,1
10/2020,"Com. Atac. de Outras Máquinas e Equip. não Especif. Ant., Partes e Peças",0,2,-2
10/2020,Serv. de Manutenção e Reparação Mecânica de Veíc. Autom.,1,0,1
10/2020,Com. Atac. de Alimentos para Animais,1,4,-3
10/2020,Com. Atac. de Alimentos para Animais,1,0,1
10/2020,Com. Var. de Art. do Vestuário e Acessórios,19,46,-27
10/2020,Com. por Atacado de Caminhões Novos e Usados,0,2,-2
10/2020,Com. Var. de Outros Produtos não Especif. Ant.,9,3,6
10/2020,Com. Var. de Calçados,2,2,0
10/2020,Com. Var. de Art. do Vestuário e Acessórios,2,0,2
10/2020,Com. Var. de Art. do Vestuário e Acessórios,1,0,1
10/2020,"Com. Atac. de Frutas, Verduras, Raízes, Tubérculos, Hortaliças e Legumes Frescos",1,1,0
10/2020,Com. Var. de Madeira e Artefatos,0,1,-1
10/2020,Com. Var. Especial. de Equip. e Suprimentos de Informática,1,1,0
10/2020,Com. Var. de Art. Médicos e Ortopédicos,0,1,-1
10/2020,"Com. Atac. de Frutas, Verduras, Raízes, Tubérculos, Hortaliças e Legumes Frescos",1,1,0
10/2020,Com. Atac. de Outros Equip. e Art. de Uso Pessoal e Doméstico não Especif. Ant.,4,3,1
10/2020,Com. Var. de Calçados,1,0,1
10/2020,Com. Var. de Calçados,0,1,-1
10/2020,Padaria e Confeitaria com Pred. de Revenda,1,1,0
10/2020,Serv. de Manutenção e Reparação Mecânica de Veíc. Autom.,0,1,-1
10/2020,"Com. a Var. de Automóveis, Camionetas e Utilitários Usados",2,0,2
10/2020,Com. a Var. de Peças e Acessórios Novos para Veíc. Autom.,0,1,-1
10/2020,"Com. Atac. de Produtos da Extração Mineral, Exceto Comb.",1,0,1
10/2020,Com. Var. de Produtos Saneantes Domissanitários,0,1,-1
10/2020,"Lojas de Variedades, Exceto Lojas de Dep. ou Magazines",0,1,-1
10/2020,Com. Var. de Livros,0,1,-1
10/2020,Com. Var. de Art. do Vestuário e Acessórios,0,2,-2
10/2020,Com. Var. de Art. do Vestuário e Acessórios,4,4,0
10/2020,Com. Var. de Art. do Vestuário e Acessórios,0,5,-5
10/2020,"Com. Var. de Cosméticos, Produtos de Perfumaria e de Higiene Pessoal",2,2,0
10/2020,"Com. Var. Especial. de Peças e Acessórios para Aparelhos Eletroeletrônicos para Uso Doméstico, Exceto Informática e Comunicação",1,0,1
10/2020,Com. Var. de Ferragens e Ferramentas,2,0,2
10/2020,Com. Var. de Art. de Joalheria,0,1,-1
10/2020,Com. Var. de Medicamentos Veterinários,1,0,1
10/2020,"Comercio Var. de Art. de Cama, Mesa e Banho",0,1,-1
10/2020,"Com. Var. de Merc. em Geral, com Pred. de Produtos Alim. - Minimercados, Mercearias e Armazéns",1,2,-1
10/2020,Com. Var. de Mat. de Const. em Geral,2,0,2
10/2020,Com. Var. de Outros Art. de Uso Doméstico não Especif. Ant.,0,1,-1
10/2020,"Comercio Var. de Art. de Cama, Mesa e Banho",1,0,1
10/2020,"Serv. de Lavagem, Lubrificação e Polimento de Veíc. Autom.",3,3,0
10/2020,Com. Var. de Ferragens e Ferramentas,2,2,0
10/2020,Com. Var. de Calçados,1,0,1
10/2020,"Com. Var. de Produtos Farmac., sem Manip. de Fórmulas",0,1,-1
10/2020,Com. Var. de Móveis,1,0,1
10/2020,"Com. Var. de Cosméticos, Produtos de Perfumaria e de Higiene Pessoal",2,0,2
10/2020,"Com. Var. de Cosméticos, Produtos de Perfumaria e de Higiene Pessoal",0,1,-1
10/2020,"Com. Var. de Cosméticos, Produtos de Perfumaria e de Higiene Pessoal",0,1,-1
10/2020,Com. por Atacado de Peças e Acessórios Novos para Veíc. Autom.,0,1,-1
10/2020,"Com. Atac. de Merc. em Geral, com Pred. de Produtos Alim.",2,21,-19
10/2020,Com. Atac. Especial. em Outros Produtos Alim. não Especif. Ant.,1,1,0
10/2020,"Com. Atac. de Resíduos e Sucatas Não-Metálicos, Exceto de Papel e Papelão",1,0,1
10/2020,"Serv. de Instalação, Manutenção e Reparação de Acessórios para Veíc. Autom.",1,0,1
10/2020,Com. Var. de Art. do Vestuário e Acessórios,1,0,1
10/2020,Com. Atac. Especial. em Outros Produtos Alim. não Especif. Ant.,0,4,-4
10/2020,Representantes Comerciais e Agentes do Com. de Merc. em Geral não Especial.,0,1,-1
10/2020,"Com. Var. de Merc. em Geral, com Pred. de Produtos Alim. - Minimercados, Mercearias e Armazéns",1,0,1
10/2020,Com. Atac. Especial. em Outros Produtos Intermediários não Especif. Ant.,1,1,0
10/2020,Serv. de Lanternagem ou Funilaria e Pintura de Veíc. Autom.,0,2,-2
10/2020,"Com. Atac. de Outras Máquinas e Equip. não Especif. Ant., Partes e Peças",5,1,4
10/2020,Com. Var. de Brinquedos e Art. Recreativos,1,2,-1
10/2020,Com. Var. de Art. do Vestuário e Acessórios,1,0,1
10/2020,Com. Var. Especial. de Equip. de Telefonia e Comunicação,1,0,1
10/2020,Com. Var. Especial. de Instrumentos Musicais e Acessórios,1,0,1
10/2020,Com. Var. de Art. do Vestuário e Acessórios,0,1,-1
10/2020,Com. Var. de Art. do Vestuário e Acessórios,1,1,0
10/2020,"Com. Var. de Cosméticos, Produtos de Perfumaria e de Higiene Pessoal",0,1,-1
10/2020,Com. Var. de Mat. de Const. não Especif. Ant.,0,1,-1
10/2020,Com. Var. de Comb. para Veíc. Autom.,1,0,1
10/2020,"Com. Var. de Bicicletas e Triciclos, Peças e Acessórios",0,1,-1
10/2020,Com. Atac. de Cosméticos e Produtos de Perfumaria,0,1,-1
10/2020,Com. Var. de Outros Produtos não Especif. Ant.,1,0,1
10/2020,Com. Var. de Ferragens e Ferramentas,0,1,-1
10/2020,Com. a Var. de Peças e Acessórios Usados para Veíc. Autom.,5,2,3
10/2020,Com. a Var. de Pneumáticos e Câmaras-De-Ar,2,0,2
10/2020,Com. Var. de Móveis,2,22,-20
10/2020,Com. Var. de Mat. de Const. em Geral,2,2,0
10/2020,"Com. Var. de Produtos Farmac., com Manip. de Fórmulas",3,1,2
10/2020,Com. Var. de Outros Art. de Uso Doméstico não Especif. Ant.,0,1,-1
10/2020,Com. Var. de Outros Art. de Uso Doméstico não Especif. Ant.,0,4,-4
10/2020,"Com. Var. de Cosméticos, Produtos de Perfumaria e de Higiene Pessoal",2,0,2
10/2020,Padaria e Confeitaria com Pred. de Revenda,0,1,-1
10/2020,Com. a Var. de Peças e Acessórios Novos para Veíc. Autom.,0,1,-1
10/2020,Com. Var. de Livros,2,1,1
10/2020,Com. varejista especializado de equipamentos e suprimentos de informática,1,0,1
10/2020,Com. Atac. de Alimentos para Animais,1,1,0
10/2020,Com. Var. de Brinquedos e Art. Recreativos,0,1,-1
10/2020,"Lojas de Variedades, Exceto Lojas de Dep. ou Magazines",1,0,1
10/2020,Com. Var. de Tintas e Mat. para Pintura,1,0,1
10/2020,"Com. Var. de Cosméticos, Produtos de Perfumaria e de Higiene Pessoal",1,1,0
10/2020,Com. Var. de Tintas e Mat. para Pintura,0,1,-1
10/2020,"Com. Var. de Doces, Balas, Bombons e Semelhantes",12,5,7
10/2020,"Com. Atac. de Chocolates, Confeitos, Balas, Bombons e Semelhantes",3,0,3
10/2020,Com. Var. de Móveis,3,1,2
10/2020,Com. Var. Especial. de Equip. de Telefonia e Comunicação,2,2,0
10/2020,Com. Var. de Mat. de Const. em Geral,2,7,-5
10/2020,"Com. Var. de Cosméticos, Produtos de Perfumaria e de Higiene Pessoal",1,0,1
10/2020,Com. Var. de Art. do Vestuário e Acessórios,1,0,1
10/2020,Com. Var. de Art. de Joalheria,2,2,0
10/2020,Com. Var. de Art. do Vestuário e Acessórios,1,0,1
10/2020,"Com. Var. de Suvenires, Bijuterias e Artesanatos",1,1,0
10/2020,Com. Var. de Calçados,1,0,1
10/2020,Com. Var. de Art. do Vestuário e Acessórios,2,0,2
10/2020,"Com. Var. de Merc. em Geral, com Pred. de Produtos Alim. - Minimercados, Mercearias e Armazéns",0,1,-1
10/2020,Com. Var. de Calçados,2,0,2
10/2020,Com. Var. de Calçados,1,0,1
10/2020,Comercio Var. de Art. de Armarinho,0,1,-1
10/2020,"Com. Var. de Merc. em Geral, com Pred. de Produtos Alim. - Minimercados, Mercearias e Armazéns",0,1,-1
10/2020,"Com. Var. de Doces, Balas, Bombons e Semelhantes",2,0,2
10/2020,Com. Var. de Móveis,2,3,-1
10/2020,Com. Var. de Material Elétrico,0,1,-1
10/2020,Com. Var. de Art. de óptica,1,1,0
10/2020,Com. Var. Especial. de Equip. e Suprimentos de Informática,2,1,1
10/2020,Com. Var. de Brinquedos e Art. Recreativos,0,1,-1
10/2020,"Serv. de Lavagem, Lubrificação e Polimento de Veíc. Autom.",29,6,23
10/2020,"Com. Var. de Doces, Balas, Bombons e Semelhantes",0,2,-2
10/2020,"Com. Var. de Cosméticos, Produtos de Perfumaria e de Higiene Pessoal",0,1,-1
10/2020,"Com. a Var. de Automóveis, Camionetas e Utilitários Usados",1,0,1
10/2020,Com. Var. de Animais Vivos e de Art. e Alimentos para Animais de Estimação,1,0,1
10/2020,Com. por Atacado de Motocicletas e Motonetas,3,0,3
10/2020,Com. Var. Especial. de Equip. de Telefonia e Comunicação,5,1,4
10/2020,"Com. Var. de Produtos Farmac., com Manip. de Fórmulas",3,3,0
10/2020,Com. Var. de Móveis,1,0,1
10/2020,Com. Atac. de Carnes Bovinas e Suínas e Derivados,1,1,0
10/2020,Com. Var. de Art. de Relojoaria,0,1,-1
10/2020,Com. Var. de Animais Vivos e de Art. e Alimentos para Animais de Estimação,2,0,2
10/2020,"Com. Atac. de Resíduos e Sucatas Não-Metálicos, Exceto de Papel e Papelão",1,3,-2
10/2020,"Lojas de Variedades, Exceto Lojas de Dep. ou Magazines",1,0,1
10/2020,"Serv. de Lavagem, Lubrificação e Polimento de Veíc. Autom.",0,1,-1
10/2020,Com. Var. de Ferragens e Ferramentas,0,1,-1
10/2020,Com. Var. de Lubrificantes,5,0,5
10/2020,Com. Var. de Calçados,0,1,-1
10/2020,"Com. Atac. de Art. do Vestuário e Acessórios, Exceto Profissionais e de Segurança",0,1,-1
10/2020,Com. Var. de Animais Vivos e de Art. e Alimentos para Animais de Estimação,1,0,1
10/2020,Com. Var. de Art. de óptica,1,0,1
10/2020,Com. Var. de Art. de Joalheria,1,0,1
10/2020,Com. Var. de Art. do Vestuário e Acessórios,1,1,0
10/2020,Com. Var. de Hortifrutigranjeiros,1,3,-2
10/2020,"Com. Var. de Produtos Farmac., sem Manip. de Fórmulas",1,0,1
10/2020,Com. Var. de Art. do Vestuário e Acessórios,1,0,1
10/2020,Com. Var. de Móveis,1,0,1
10/2020,Com. a Var. de Peças e Acessórios Novos para Veíc. Autom.,1,0,1
10/2020,Com. a Var. de Peças e Acessórios Novos para Veíc. Autom.,1,0,1
10/2020,Com. a Var. de Peças e Acessórios Usados para Veíc. Autom.,0,1,-1
10/2020,Serv. de Manutenção e Reparação Mecânica de Veíc. Autom.,5,0,5
10/2020,Com. Var. de Produtos Saneantes Domissanitários,1,0,1
10/2020,"Com. Var. de Merc. em Geral, com Pred. de Produtos Alim. - Minimercados, Mercearias e Armazéns",0,1,-1
10/2020,Com. Var. Especial. de Eletrod. e Equip. de áudio e Vídeo,1,0,1
10/2020,Com. Var. de Art. de óptica,1,1,0
10/2020,Com. Atac. Especial. em Outros Produtos Alim. não Especif. Ant.,1,0,1
10/2020,Com. Var. de Carnes - Açougues,1,2,-1
10/2020,Serv. de Lanternagem ou Funilaria e Pintura de Veíc. Autom.,0,1,-1
10/2020,Com. Atac. de Componentes Eletrônicos e Equip. de Telefonia e Comunicação,0,4,-4
10/2020,Com. Var. de Madeira e Artefatos,1,1,0
10/2020,Com. a Var. de Peças e Acessórios Novos para Veíc. Autom.,0,1,-1
10/2020,Com. Var. de Produtos Alim. em Geral ou Especial. em Produtos Alim. não Especif. Ant.,1,1,0
10/2020,Com. a Var. de Pneumáticos e Câmaras-De-Ar,2,0,2
10/2020,Padaria e Confeitaria com Pred. de Revenda,2,1,1
10/2020,Padaria e Confeitaria com Pred. de Revenda,2,0,2
10/2020,Com. Var. de Art. de óptica,0,1,-1
10/2020,Com. Var. de Art. do Vestuário e Acessórios,0,1,-1
10/2020,Com. Var. Especial. de Equip. de Telefonia e Comunicação,0,1,-1
10/2020,Com. Var. de Art. do Vestuário e Acessórios,1,0,1
10/2020,"Com. Var. de Merc. em Geral, com Pred. de Produtos Alim. - Minimercados, Mercearias e Armazéns",1,1,0
10/2020,Com. Var. de Art. do Vestuário e Acessórios,1,0,1
10/2020,Com. Var. de Comb. para Veíc. Autom.,2,5,-3
10/2020,Com. Var. de Bebidas,2,0,2
10/2020,"Com. Atac. de Outras Máquinas e Equip. não Especif. Ant., Partes e Peças",13,3,10
10/2020,Com. Var. de Móveis,2,0,2
10/2020,Com. Var. de Móveis,2,1,1
10/2020,"Com. Var. de Merc. em Geral, com Pred. de Produtos Alim. - Minimercados, Mercearias e Armazéns",0,1,-1
10/2020,Com. Var. de Outros Produtos não Especif. Ant.,0,1,-1
10/2020,Padaria e Confeitaria com Pred. de Revenda,1,0,1
10/2020,Com. Atac. de Ferragens e Ferramentas,1,0,1
10/2020,"Com. Var. de Merc. em Geral, com Pred. de Produtos Alim. - Minimercados, Mercearias e Armazéns",1,0,1
10/2020,Com. Var. de Art. do Vestuário e Acessórios,0,1,-1
10/2020,Com. a Var. de Peças e Acessórios Novos para Veíc. Autom.,1,0,1
10/2020,Com. Var. de Plantas e Flores Naturais,1,1,0
10/2020,"Com. Atac. de Instrumentos e Mat. para Uso Médico, Cirúrgico, Hospitalar e de Laboratórios",6,0,6
10/2020,Com. Var. de Animais Vivos e de Art. e Alimentos para Animais de Estimação,1,0,1
10/2020,"Com. a Var. de Automóveis, Camionetas e Utilitários Novos",1,1,0
10/2020,Com. Var. de Produtos Alim. em Geral ou Especial. em Produtos Alim. não Especif. Ant.,1,0,1
10/2020,Com. Var. de Ferragens e Ferramentas,0,1,-1
10/2020,Com. Var. de Comb. para Veíc. Autom.,5,3,2
10/2020,Lojas de Dep. ou Magazines (Desativado),3,3,0
10/2020,Com. Var. de Art. do Vestuário e Acessórios,1,0,1
10/2020,Com. Var. de Art. de óptica,2,0,2
10/2020,Com. Var. de Outros Art. de Uso Doméstico não Especif. Ant.,2,0,2
10/2020,Com. Var. de Móveis,0,1,-1
10/2020,Com. Var. de Comb. para Veíc. Autom.,5,0,5
10/2020,Com. Atac. de Outros Equip. e Art. de Uso Pessoal e Doméstico não Especif. Ant.,0,2,-2
10/2020,Com. Var. de Produtos Alim. em Geral ou Especial. em Produtos Alim. não Especif. Ant.,52,17,35
10/2020,Com. Atac. de Cosméticos e Produtos de Perfumaria,4,2,2
10/2020,"Com. Var. de Merc. em Geral, com Pred. de Produtos Alim. - Minimercados, Mercearias e Armazéns",1,0,1
10/2020,"Com. Var. de Produtos Farmac., sem Manip. de Fórmulas",1,1,0
10/2020,Com. Var. de Art. do Vestuário e Acessórios,2,0,2
10/2020,Com. Var. de Art. do Vestuário e Acessórios,3,1,2
10/2020,Com. Var. de Art. de Joalheria,2,1,1
10/2020,"Com. Var. de Cosméticos, Produtos de Perfumaria e de Higiene Pessoal",0,1,-1
10/2020,Com. Var. Especial. de Equip. e Suprimentos de Informática,1,1,0
10/2020,"Com. Atac. de Frutas, Verduras, Raízes, Tubérculos, Hortaliças e Legumes Frescos",0,1,-1
10/2020,"Com. a Var. de Automóveis, Camionetas e Utilitários Usados",1,0,1
10/2020,"Com. Atac. de Vidros, Espelhos e Vitrais",1,0,1
10/2020,"Com. Atac. de Frutas, Verduras, Raízes, Tubérculos, Hortaliças e Legumes Frescos",1,0,1
10/2020,Com. a Var. de Peças e Acessórios Novos para Veíc. Autom.,1,1,0
10/2020,Com. Var. de Art. do Vestuário e Acessórios,1,0,1
10/2020,"Serv. de Instalação, Manutenção e Reparação de Acessórios para Veíc. Autom.",0,1,-1
10/2020,Com. Var. de Art. de óptica,0,1,-1
10/2020,Com. Atac. de Produtos Alim. em Geral,7,13,-6
10/2020,"Serv. de Instalação, Manutenção e Reparação de Acessórios para Veíc. Autom.",1,0,1
10/2020,Serv. de Alinhamento e Balanceamento de Veíc. Autom.,1,0,1
10/2020,Manutenção e Reparação de Motocicletas e Motonetas,1,0,1
10/2020,Com. Var. Especial. de Eletrod. e Equip. de áudio e Vídeo,1,10,-9
10/2020,Com. Var. de Art. do Vestuário e Acessórios,1,0,1
10/2020,Com. Var. de Outros Art. de Uso Doméstico não Especif. Ant.,0,1,-1
10/2020,"Com. Var. Especial. de Peças e Acessórios para Aparelhos Eletroeletrônicos para Uso Doméstico, Exceto Informática e Comunicação",1,0,1
10/2020,Com. Var. de Laticínios e Frios,2,0,2
10/2020,Com. Var. de Outros Produtos não Especif. Ant.,0,1,-1
10/2020,Com. Var. de Calçados,1,0,1
10/2020,Com. a Var. de Peças e Acessórios Novos para Veíc. Autom.,1,1,0
10/2020,Com. Var. de Outros Produtos não Especif. Ant.,1,0,1
10/2020,Com. Var. de Produtos Alim. em Geral ou Especial. em Produtos Alim. não Especif. Ant.,1,0,1
10/2020,Com. Var. de Mat. de Const. em Geral,1,0,1
10/2020,Com. Var. de Art. do Vestuário e Acessórios,0,1,-1
10/2020,Com. Var. de Art. do Vestuário e Acessórios,0,1,-1
10/2020,"Com. Atac. de Frutas, Verduras, Raízes, Tubérculos, Hortaliças e Legumes Frescos",1,0,1
10/2020,Com. Var. de Art. do Vestuário e Acessórios,1,0,1
10/2020,Com. Var. de Outros Art. de Uso Doméstico não Especif. Ant.,1,2,-1
10/2020,Com. Var. de Outros Produtos não Especif. Ant.,2,0,2
10/2020,Com. Var. de Carnes - Açougues,0,1,-1
10/2020,"Com. a Var. de Automóveis, Camionetas e Utilitários Usados",0,1,-1
10/2020,Com. Atac. de Cosméticos e Produtos de Perfumaria,2,1,1
10/2020,Com. a Var. de Peças e Acessórios Novos para Veíc. Autom.,0,1,-1
10/2020,Com. a Var. de Peças e Acessórios Novos para Veíc. Autom.,2,0,2
10/2020,Comercio Var. de Art. de Armarinho,1,0,1
10/2020,Com. Var. de Art. de óptica,1,0,1
10/2020,Com. Var. de Produtos Alim. em Geral ou Especial. em Produtos Alim. não Especif. Ant.,0,1,-1
10/2020,Com. Var. de Produtos Alim. em Geral ou Especial. em Produtos Alim. não Especif. Ant.,1,0,1
10/2020,Com. Var. de Art. de óptica,0,2,-2
10/2020,Com. Var. de Outros Art. de Uso Doméstico não Especif. Ant.,1,0,1
10/2020,Com. Var. de Produtos Alim. em Geral ou Especial. em Produtos Alim. não Especif. Ant.,1,0,1
10/2020,"Lojas de Variedades, Exceto Lojas de Dep. ou Magazines",1,1,0
10/2020,Com. Var. de Art. do Vestuário e Acessórios,1,2,-1
10/2020,Serv. de Borracharia para Veíc. Autom.,1,0,1
10/2020,Padaria e Confeitaria com Pred. de Revenda,3,0,3
10/2020,Com. Var. Especial. de Equip. de Telefonia e Comunicação,0,1,-1
10/2020,Com. Var. de Art. Médicos e Ortopédicos,0,1,-1
10/2020,Com. Var. de Carnes - Açougues,0,1,-1
10/2020,Com. Atac. de Embalagens,0,1,-1
10/2020,"Com. Var. de Produtos Farmac., sem Manip. de Fórmulas",0,1,-1
10/2020,Com. Var. de Comb. para Veíc. Autom.,1,0,1
10/2020,Com. Var. de Art. do Vestuário e Acessórios,2,0,2
10/2020,Com. Var. de Art. do Vestuário e Acessórios,2,0,2
10/2020,Com. Var. de Animais Vivos e de Art. e Alimentos para Animais de Estimação,1,3,-2
10/2020,Com. Var. de Animais Vivos e de Art. e Alimentos para Animais de Estimação,2,1,1
10/2020,Com. Var. de Outros Produtos não Especif. Ant.,0,1,-1
10/2020,"Com. Atac. de Resíduos e Sucatas Não-Metálicos, Exceto de Papel e Papelão",2,2,0
10/2020,Lojas de Dep. ou Magazines (Desativado),2,0,2
10/2020,Com. Var. de Art. de Joalheria,2,2,0
10/2020,Com. Var. de Art. Esportivos,2,0,2
10/2020,Com. Var. de Merc. em Lojas de Conveniência,1,1,0
10/2020,Padaria e Confeitaria com Pred. de Revenda,1,0,1
10/2020,Com. Var. de Animais Vivos e de Art. e Alimentos para Animais de Estimação,2,2,0
10/2020,Com. Var. de Art. de Joalheria,1,0,1
10/2020,Com. Var. de Produtos Alim. em Geral ou Especial. em Produtos Alim. não Especif. Ant.,1,0,1
10/2020,Com. Var. de Carnes - Açougues,1,0,1
10/2020,Com. Var. de Outros Produtos não Especif. Ant.,0,1,-1
10/2020,Com. Var. de Produtos Alim. em Geral ou Especial. em Produtos Alim. não Especif. Ant.,1,0,1
10/2020,Com. Var. de Merc. em Lojas de Conveniência,1,0,1
10/2020,Com. Var. Especial. de Equip. de Telefonia e Comunicação,0,2,-2
10/2020,Com. Var. de Produtos Alim. em Geral ou Especial. em Produtos Alim. não Especif. Ant.,1,0,1
10/2020,"Com. Var. de Merc. em Geral, com Pred. de Produtos Alim. - Minimercados, Mercearias e Armazéns",1,1,0
10/2020,"Com. Var. de Merc. em Geral, com Pred. de Produtos Alim. - Minimercados, Mercearias e Armazéns",0,1,-1
10/2020,Com. Var. de Outros Produtos não Especif. Ant.,3,2,1
10/2020,Com. Var. de Calçados,1,0,1
10/2020,"Com. Var. de Cosméticos, Produtos de Perfumaria e de Higiene Pessoal",2,3,-1
10/2020,Com. Var. de Art. do Vestuário e Acessórios,2,0,2
10/2020,"Com. Var. de Merc. em Geral, com Pred. de Produtos Alim. - Minimercados, Mercearias e Armazéns",1,0,1
10/2020,Com. Var. de Art. do Vestuário e Acessórios,1,0,1
10/2020,Com. Var. de Art. do Vestuário e Acessórios,0,1,-1
10/2020,Com. Var. de Art. do Vestuário e Acessórios,0,2,-2
10/2020,Com. Var. de Animais Vivos e de Art. e Alimentos para Animais de Estimação,1,0,1
10/2020,Padaria e Confeitaria com Pred. de Revenda,1,1,0
10/2020,Com. Var. de Brinquedos e Art. Recreativos,2,1,1
10/2020,Com. Var. de Mat. de Const. em Geral,3,0,3
10/2020,"Com. a Var. de Automóveis, Camionetas e Utilitários Novos",0,1,-1
10/2020,"Com. Atac. de Frutas, Verduras, Raízes, Tubérculos, Hortaliças e Legumes Frescos",1,0,1
10/2020,Com. Var. de Animais Vivos e de Art. e Alimentos para Animais de Estimação,1,0,1
10/2020,Com. a Var. de Pneumáticos e Câmaras-De-Ar,1,1,0
10/2020,Com. Var. de Bebidas,2,1,1
10/2020,Serv. de Manutenção e Reparação Mecânica de Veíc. Autom.,1,0,1
10/2020,"Com. a Var. de Automóveis, Camionetas e Utilitários Novos",1,0,1
10/2020,Com. Var. de Gás LiqüEfeito de Petróleo (Glp),0,1,-1
10/2020,"Com. Var. de Merc. em Geral, com Pred. de Produtos Alim. - Minimercados, Mercearias e Armazéns",2,0,2
10/2020,"Com. Var. de Produtos Farmac., sem Manip. de Fórmulas",1,0,1
10/2020,Serv. de Manutenção e Reparação Mecânica de Veíc. Autom.,0,1,-1
10/2020,"Com. Var. de Merc. em Geral, com Pred. de Produtos Alim. - Hipermercados",6,10,-4
10/2020,"Com. a Var. de Automóveis, Camionetas e Utilitários Usados",0,1,-1
10/2020,Com. Var. de Mat. de Const. em Geral,1,0,1
10/2020,Com. Var. de Art. de Joalheria,1,0,1
10/2020,"Com. Var. de Merc. em Geral, com Pred. de Produtos Alim. - Superm.",1,1,0
10/2020,Com. Var. de Produtos Alim. em Geral ou Especial. em Produtos Alim. não Especif. Ant.,0,1,-1
10/2020,Com. Var. de Comb. para Veíc. Autom.,1,0,1
10/2020,Com. Var. de Carnes - Açougues,0,1,-1
10/2020,"Serv. de Lavagem, Lubrificação e Polimento de Veíc. Autom.",5,2,3
10/2020,Com. Var. de Art. do Vestuário e Acessórios,1,1,0
10/2020,Com. Var. de Art. do Vestuário e Acessórios,1,1,0
10/2020,Com. Var. de Calçados,1,0,1
10/2020,Com. a Var. de Peças e Acessórios Novos para Veíc. Autom.,1,0,1
10/2020,Com. Var. de Art. de óptica,0,1,-1
10/2020,"Lojas de Variedades, Exceto Lojas de Dep. ou Magazines",2,0,2
10/2020,Com. Atac. Especial. em Outros Produtos Alim. não Especif. Ant.,5,3,2
10/2020,Com. Var. de Móveis,1,0,1
10/2020,Com. Var. de Mat. de Const. não Especif. Ant.,2,2,0
10/2020,Com. Var. de Produtos Alim. em Geral ou Especial. em Produtos Alim. não Especif. Ant.,2,0,2
10/2020,Com. Var. de Art. do Vestuário e Acessórios,1,0,1
10/2020,Com. Var. de Art. de óptica,1,0,1
10/2020,"Com. Atac. de Art. do Vestuário e Acessórios, Exceto Profissionais e de Segurança",1,1,0
10/2020,Peixaria,0,1,-1
10/2020,Com. Var. de Art. do Vestuário e Acessórios,1,0,1
10/2020,"Lojas de Variedades, Exceto Lojas de Dep. ou Magazines",1,2,-1
10/2020,Com. Var. de Gás LiqüEfeito de Petróleo (Glp),1,0,1
10/2020,Com. Var. de Plantas e Flores Naturais,2,1,1
10/2020,Com. Var. de Material Elétrico,1,1,0
10/2020,Com. Var. de Art. Esportivos,1,0,1
10/2020,Com. Var. de Art. do Vestuário e Acessórios,0,2,-2
10/2020,Com. Var. de Mat. de Const. não Especif. Ant.,2,0,2
10/2020,"Com. Var. de Merc. em Geral, com Pred. de Produtos Alim. - Minimercados, Mercearias e Armazéns",1,0,1
10/2020,"Com. Var. de Produtos Farmac., sem Manip. de Fórmulas",0,2,-2
10/2020,Com. Var. de Material Elétrico,1,0,1
10/2020,"Com. Var. de Merc. em Geral, com Pred. de Produtos Alim. - Superm.",0,3,-3
10/2020,"Com. Var. Especial. de Peças e Acessórios para Aparelhos Eletroeletrônicos para Uso Doméstico, Exceto Informática e Comunicação",1,0,1
10/2020,Com. Var. de Outros Produtos não Especif. Ant.,1,0,1
10/2020,"Com. Var. de Cosméticos, Produtos de Perfumaria e de Higiene Pessoal",0,1,-1
10/2020,Com. Var. de Produtos Alim. em Geral ou Especial. em Produtos Alim. não Especif. Ant.,0,1,-1
10/2020,Serv. de Borracharia para Veíc. Autom.,2,0,2
10/2020,"Com. Var. de Merc. em Geral, com Pred. de Produtos Alim. - Superm.",3,2,1
10/2020,"Com. Var. de Merc. em Geral, com Pred. de Produtos Alim. - Superm.",1,0,1
10/2020,Com. Var. Especial. de Equip. de Telefonia e Comunicação,1,0,1
10/2020,Com. Var. Especial. de Equip. de Telefonia e Comunicação,0,1,-1
10/2020,Com. Var. Especial. de Eletrod. e Equip. de áudio e Vídeo,4,0,4
10/2020,Com. Var. Especial. de Eletrod. e Equip. de áudio e Vídeo,20,32,-12
10/2020,Com. Var. Especial. de Eletrod. e Equip. de áudio e Vídeo,13,4,9
10/2020,Com. Var. Especial. de Eletrod. e Equip. de áudio e Vídeo,8,5,3
10/2020,Com. Var. Especial. de Eletrod. e Equip. de áudio e Vídeo,11,1,10
10/2020,Com. Var. Especial. de Eletrod. e Equip. de áudio e Vídeo,3,9,-6
10/2020,Com. Var. Especial. de Eletrod. e Equip. de áudio e Vídeo,2,0,2
10/2020,Com. Var. Especial. de Eletrod. e Equip. de áudio e Vídeo,6,2,4
10/2020,Com. Var. Especial. de Equip. de Telefonia e Comunicação,1,0,1
10/2020,"Com. Var. de Merc. em Geral, com Pred. de Produtos Alim. - Minimercados, Mercearias e Armazéns",3,3,0
10/2020,"Com. Var. de Merc. em Geral, com Pred. de Produtos Alim. - Minimercados, Mercearias e Armazéns",1,6,-5
10/2020,Com. Var. de Outros Produtos não Especif. Ant.,0,1,-1
10/2020,Com. Var. de Art. do Vestuário e Acessórios,2,0,2
10/2020,Com. Var. de Art. do Vestuário e Acessórios,3,3,0
10/2020,Com. Var. de Art. do Vestuário e Acessórios,2,1,1
10/2020,Com. Var. Especial. de Equip. de Telefonia e Comunicação,1,2,-1
10/2020,Com. a Var. de Motocicletas e Motonetas Usadas,0,1,-1
10/2020,"Com. Var. de Doces, Balas, Bombons e Semelhantes",0,1,-1
10/2020,Com. Var. de Art. de óptica,0,1,-1
10/2020,Com. Var. de Ferragens e Ferramentas,5,0,5
10/2020,Serv. de Manutenção e Reparação Mecânica de Veíc. Autom.,0,1,-1
10/2020,"Com. Var. de Merc. em Geral, com Pred. de Produtos Alim. - Minimercados, Mercearias e Armazéns",1,0,1
10/2020,Com. Var. de Art. Esportivos,1,0,1
10/2020,Com. Var. de Outros Art. Usados,1,3,-2
10/2020,Com. Var. de Animais Vivos e de Art. e Alimentos para Animais de Estimação,1,0,1
10/2020,"Com. Atac. de Outras Máquinas e Equip. não Especif. Ant., Partes e Peças",8,5,3
10/2020,"Com. Atac. de Outras Máquinas e Equip. não Especif. Ant., Partes e Peças",4,0,4
10/2020,Com. Var. de Merc. em Lojas de Conveniência,2,1,1
10/2020,Com. Var. de Art. de Colchoaria,0,1,-1
10/2020,Com. Var. de Calçados,1,1,0
10/2020,"Com. Var. de Produtos Farmac., sem Manip. de Fórmulas",3,3,0
10/2020,Com. Var. de Art. Esportivos,1,1,0
10/2020,"Com. Var. de Produtos Farmac., sem Manip. de Fórmulas",0,2,-2
10/2020,Com. a Var. de Peças e Acessórios Novos para Veíc. Autom.,1,0,1
10/2020,"Lojas de Variedades, Exceto Lojas de Dep. ou Magazines",1,0,1
10/2020,Com. Var. de Art. de óptica,2,0,2
10/2020,Com. Var. de Art. de óptica,2,0,2
10/2020,Com. Var. de Art. do Vestuário e Acessórios,1,3,-2
10/2020,Padaria e Confeitaria com Pred. de Revenda,0,1,-1
10/2020,Com. Var. de Comb. para Veíc. Autom.,5,0,5
10/2020,Com. Var. de Art. do Vestuário e Acessórios,1,0,1
10/2020,Com. Var. de Ferragens e Ferramentas,0,1,-1
10/2020,"Com. Var. de Merc. em Geral, com Pred. de Produtos Alim. - Minimercados, Mercearias e Armazéns",0,1,-1
10/2020,Com. Var. de Art. do Vestuário e Acessórios,0,1,-1
10/2020,"Lojas de Variedades, Exceto Lojas de Dep. ou Magazines",3,2,1
10/2020,"Serv. de Instalação, Manutenção e Reparação de Acessórios para Veíc. Autom.",2,0,2
10/2020,Com. Var. de Bebidas,2,2,0
10/2020,Com. Var. de Outros Art. de Uso Doméstico não Especif. Ant.,2,0,2
10/2020,Com. Var. de Mat. Hidráulicos,1,0,1
10/2020,Com. Var. de Art. do Vestuário e Acessórios,4,2,2
10/2020,Serv. de Manutenção e Reparação Mecânica de Veíc. Autom.,2,0,2
10/2020,"Com. Var. de Produtos Farmac., sem Manip. de Fórmulas",1,0,1
10/2020,"Com. Var. de Doces, Balas, Bombons e Semelhantes",2,1,1
10/2020,Com. Var. de Art. do Vestuário e Acessórios,2,0,2
10/2020,Com. Var. de Bebidas,3,0,3
10/2020,Com. Var. de Ferragens e Ferramentas,0,1,-1
10/2020,Com. Var. de Art. do Vestuário e Acessórios,1,0,1
10/2020,Com. Var. de Outros Produtos não Especif. Ant.,3,0,3
10/2020,"Com. Var. de Suvenires, Bijuterias e Artesanatos",2,0,2
10/2020,Com. Var. de Produtos Alim. em Geral ou Especial. em Produtos Alim. não Especif. Ant.,1,0,1
10/2020,Com. Var. de Brinquedos e Art. Recreativos,1,0,1
10/2020,Com. Var. de Merc. em Lojas de Conveniência,0,1,-1
10/2020,Com. Var. de Art. do Vestuário e Acessórios,8,1,7
10/2020,Com. Var. de Art. de óptica,1,0,1
10/2020,Com. Var. de Produtos Alim. em Geral ou Especial. em Produtos Alim. não Especif. Ant.,1,0,1
10/2020,Com. Atac. de Embalagens,2,0,2
10/2020,"Com. Var. de Suvenires, Bijuterias e Artesanatos",1,0,1
10/2020,Com. a Var. de Peças e Acessórios Novos para Veíc. Autom.,3,0,3
10/2020,Com. a Var. de Peças e Acessórios Novos para Veíc. Autom.,1,0,1
10/2020,Lojas de Dep. ou Magazines (Desativado),1,1,0
10/2020,Com. Var. de Produtos Alim. em Geral ou Especial. em Produtos Alim. não Especif. Ant.,1,0,1
10/2020,Com. Atac. de Art. de Escritório e de Papelaria,0,1,-1
10/2020,"Com. Var. de Doces, Balas, Bombons e Semelhantes",0,1,-1
10/2020,Com. Var. Especial. de Eletrod. e Equip. de áudio e Vídeo,2,2,0
10/2020,Com. Var. Especial. de Eletrod. e Equip. de áudio e Vídeo,2,1,1
10/2020,Com. Var. de Outros Produtos não Especif. Ant.,1,1,0
10/2020,Com. Var. de Mat. de Const. não Especif. Ant.,0,2,-2
10/2020,Padaria e Confeitaria com Pred. de Revenda,1,0,1
10/2020,Com. Var. de Art. do Vestuário e Acessórios,1,1,0
10/2020,Com. Var. de Art. do Vestuário e Acessórios,2,6,-4
10/2020,Com. Var. de Art. do Vestuário e Acessórios,2,1,1
10/2020,Com. Var. de Art. Médicos e Ortopédicos,1,1,0
10/2020,Com. Var. de Calçados,1,0,1
10/2020,Com. Var. de Calçados,2,4,-2
10/2020,Com. Var. de Calçados,1,0,1
10/2020,Com. Var. de Art. de Papelaria,1,0,1
10/2020,"Com. Var. de Merc. em Geral, com Pred. de Produtos Alim. - Hipermercados",23,8,15
10/2020,Com. Var. de Comb. para Veíc. Autom.,0,3,-3
10/2020,Com. Var. de Mat. de Const. não Especif. Ant.,1,1,0
10/2020,Com. Var. de Art. do Vestuário e Acessórios,1,0,1
10/2020,Com. Var. de Madeira e Artefatos,1,1,0
10/2020,Com. Atac. de Produtos Alim. em Geral,4,7,-3
10/2020,Com. Var. de Móveis,1,0,1
10/2020,Com. Var. de Art. do Vestuário e Acessórios,3,3,0
10/2020,"Com. Var. de Merc. em Geral, com Pred. de Produtos Alim. - Superm.",0,7,-7
10/2020,"Com. Var. de Produtos Farmac., sem Manip. de Fórmulas",1,0,1
10/2020,"Com. Var. de Merc. em Geral, com Pred. de Produtos Alim. - Superm.",0,7,-7
10/2020,Com. Var. de Equip. para Escritório,0,1,-1
10/2020,Com. Var. de Plantas e Flores Naturais,1,0,1
10/2020,"Com. Var. de Merc. em Geral, com Pred. de Produtos Alim. - Superm.",1,0,1
10/2020,Lojas de Dep. ou Magazines (Desativado),1,1,0
10/2020,Com. Var. de Art. de óptica,0,1,-1
10/2020,Com. Var. de Comb. para Veíc. Autom.,1,1,0
10/2020,Com. Var. de Art. do Vestuário e Acessórios,1,1,0
10/2020,Com. Var. de Art. do Vestuário e Acessórios,1,0,1
10/2020,"Com. Var. de Cosméticos, Produtos de Perfumaria e de Higiene Pessoal",1,2,-1
10/2020,"Com. Var. de Cosméticos, Produtos de Perfumaria e de Higiene Pessoal",0,4,-4
10/2020,Com. a Var. de Peças e Acessórios Novos para Veíc. Autom.,1,2,-1
10/2020,Com. Var. de Carnes - Açougues,1,0,1
10/2020,"Comercio Var. de Art. de Cama, Mesa e Banho",0,1,-1
10/2020,"Com. Var. de Merc. em Geral, com Pred. de Produtos Alim. - Superm.",1,1,0
10/2020,"Com. Var. de Merc. em Geral, com Pred. de Produtos Alim. - Minimercados, Mercearias e Armazéns",1,0,1
10/2020,Com. Var. de Comb. para Veíc. Autom.,2,2,0
10/2020,Com. Var. de Mat. de Const. em Geral,1,0,1
10/2020,Com. a Var. de Peças e Acessórios Novos para Veíc. Autom.,1,1,0
10/2020,"Com. a Var. de Automóveis, Camionetas e Utilitários Novos",0,2,-2
10/2020,Com. Atac. Especial. em Outros Produtos Intermediários não Especif. Ant.,2,2,0
10/2020,Com. por Atacado de Caminhões Novos e Usados,5,0,5
10/2020,Com. Atac. de Ferragens e Ferramentas,0,2,-2
10/2020,"Com. Var. de Merc. em Geral, com Pred. de Produtos Alim. - Minimercados, Mercearias e Armazéns",1,0,1
10/2020,Com. Var. Especial. de Eletrod. e Equip. de áudio e Vídeo,1,0,1
10/2020,"Com. Var. de Produtos Farmac., sem Manip. de Fórmulas",0,1,-1
10/2020,Com. Var. de Comb. para Veíc. Autom.,1,3,-2
10/2020,"Com. Var. de Merc. em Geral, com Pred. de Produtos Alim. - Superm.",1,1,0
10/2020,"Com. Var. de Merc. em Geral, com Pred. de Produtos Alim. - Superm.",1,6,-5
10/2020,"Com. Var. de Merc. em Geral, com Pred. de Produtos Alim. - Superm.",1,5,-4
10/2020,"Com. Var. de Merc. em Geral, com Pred. de Produtos Alim. - Superm.",1,1,0
10/2020,"Com. Var. de Merc. em Geral, com Pred. de Produtos Alim. - Superm.",5,5,0
10/2020,"Com. Var. de Merc. em Geral, com Pred. de Produtos Alim. - Superm.",3,2,1
10/2020,"Com. Var. de Merc. em Geral, com Pred. de Produtos Alim. - Superm.",2,0,2
10/2020,"Com. Var. de Merc. em Geral, com Pred. de Produtos Alim. - Superm.",12,11,1
10/2020,"Com. Var. de Merc. em Geral, com Pred. de Produtos Alim. - Superm.",4,2,2
10/2020,"Com. Var. de Merc. em Geral, com Pred. de Produtos Alim. - Superm.",8,7,1
10/2020,Com. Atac. de Produtos Alim. em Geral,0,1,-1
10/2020,"Com. Var. de Merc. em Geral, com Pred. de Produtos Alim. - Superm.",5,5,0
10/2020,"Com. Var. de Merc. em Geral, com Pred. de Produtos Alim. - Superm.",1,1,0
10/2020,"Com. Var. de Merc. em Geral, com Pred. de Produtos Alim. - Superm.",4,2,2
10/2020,"Com. Var. de Merc. em Geral, com Pred. de Produtos Alim. - Superm.",4,2,2
10/2020,"Com. Var. de Merc. em Geral, com Pred. de Produtos Alim. - Superm.",14,5,9
10/2020,"Com. a Var. de Automóveis, Camionetas e Utilitários Novos",0,1,-1
10/2020,Com. Atac. de Bebidas não Especificadas Ant.,0,1,-1
10/2020,Com. Var. de Comb. para Veíc. Autom.,1,0,1
10/2020,"Com. Var. de Merc. em Geral, com Pred. de Produtos Alim. - Superm.",4,3,1
10/2020,"Com. Var. de Merc. em Geral, com Pred. de Produtos Alim. - Superm.",2,3,-1
10/2020,"Com. Var. de Merc. em Geral, com Pred. de Produtos Alim. - Superm.",2,5,-3
10/2020,"Com. Var. de Merc. em Geral, com Pred. de Produtos Alim. - Superm.",0,5,-5
10/2020,"Com. Var. de Merc. em Geral, com Pred. de Produtos Alim. - Superm.",3,7,-4
10/2020,"Com. Atac. de Frutas, Verduras, Raízes, Tubérculos, Hortaliças e Legumes Frescos",7,3,4
10/2020,Com. Var. de Art. de Papelaria,1,0,1
10/2020,Com. Var. de Mat. de Const. em Geral,1,1,0
10/2020,Com. Atac. de Art. de Escritório e de Papelaria,3,3,0
10/2020,"Com. Var. de Produtos Farmac., sem Manip. de Fórmulas",0,1,-1
10/2020,"Com. Atac. de Máquinas, Aparelhos e Equip. para Uso Agropecuário, Partes e Peças",6,5,1
10/2020,Com. Atac. de Produtos Alim. em Geral,3,4,-1
10/2020,Com. Var. de Mat. de Const. em Geral,2,2,0
10/2020,Com. Var. de Art. Fotográficos e para Filmagem,0,1,-1
10/2020,Com. Var. de Calçados,1,1,0
10/2020,Com. Var. de Calçados,5,4,1
10/2020,"Com. Var. de Produtos Farmac., com Manip. de Fórmulas",7,7,0
10/2020,Com. a Var. de Peças e Acessórios Novos para Veíc. Autom.,2,0,2
10/2020,Com. por Atacado de Peças e Acessórios Novos para Veíc. Autom.,1,0,1
10/2020,Padaria e Confeitaria com Pred. de Revenda,2,1,1
10/2020,"Com. Var. de Produtos Farmac., sem Manip. de Fórmulas",1,0,1
10/2020,Com. Var. de Animais Vivos e de Art. e Alimentos para Animais de Estimação,3,3,0
10/2020,"Com. Atac. de Outras Máquinas e Equip. não Especif. Ant., Partes e Peças",4,4,0
10/2020,Com. Var. de Animais Vivos e de Art. e Alimentos para Animais de Estimação,1,0,1
10/2020,"Com. Var. de Produtos Farmac., sem Manip. de Fórmulas",2,0,2
10/2020,"Com. Var. de Merc. em Geral, com Pred. de Produtos Alim. - Minimercados, Mercearias e Armazéns",1,0,1
10/2020,Serv. de Manutenção e Reparação Mecânica de Veíc. Autom.,1,1,0
10/2020,"Com. Var. de Merc. em Geral, com Pred. de Produtos Alim. - Minimercados, Mercearias e Armazéns",3,1,2
10/2020,Com. Var. de Mat. de Const. não Especif. Ant.,0,1,-1
10/2020,Serv. de Manutenção e Reparação Mecânica de Veíc. Autom.,0,1,-1
10/2020,"Com. Var. de Merc. em Geral, com Pred. de Produtos Alim. - Minimercados, Mercearias e Armazéns",0,3,-3
10/2020,"Com. Var. de Merc. em Geral, com Pred. de Produtos Alim. - Minimercados, Mercearias e Armazéns",0,1,-1
10/2020,Com. Var. de Mat. de Const. não Especif. Ant.,1,1,0
10/2020,Com. a Var. de Peças e Acessórios Novos para Veíc. Autom.,1,0,1
10/2020,"Com. a Var. de Automóveis, Camionetas e Utilitários Novos",3,3,0
10/2020,"Com. Atac. de Resíduos e Sucatas Não-Metálicos, Exceto de Papel e Papelão",1,0,1
10/2020,"Com. Atac. de Máquinas, Aparelhos e Equip. para Uso Agropecuário, Partes e Peças",3,1,2
10/2020,Padaria e Confeitaria com Pred. de Revenda,0,1,-1
10/2020,Com. Var. de Produtos Saneantes Domissanitários,1,0,1
10/2020,"Com. Atac. de Bicicletas, Triciclos e Outros Veíc. Recreativos",0,1,-1
10/2020,Com. Var. Especial. de Eletrod. e Equip. de áudio e Vídeo,1,1,0
10/2020,"Com. a Var. de Automóveis, Camionetas e Utilitários Usados",0,1,-1
10/2020,Com. Var. de Art. de Papelaria,0,2,-2
10/2020,Com. Var. de Comb. para Veíc. Autom.,1,0,1
10/2020,Com. a Var. de Peças e Acessórios para Motocicletas e Motonetas (Desativado),1,0,1
10/2020,Com. Var. de Art. de óptica,0,2,-2
10/2020,Com. Var. de Laticínios e Frios,1,0,1
10/2020,Com. Var. de Laticínios e Frios,0,1,-1
10/2020,Com. a Var. de Peças e Acessórios Novos para Veíc. Autom.,1,0,1
10/2020,"Com. Var. de Merc. em Geral, com Pred. de Produtos Alim. - Minimercados, Mercearias e Armazéns",1,0,1
10/2020,Com. Var. de Brinquedos e Art. Recreativos,0,1,-1
10/2020,"Com. Var. de Produtos Farmac., com Manip. de Fórmulas",1,0,1
10/2020,Com. Var. de Brinquedos e Art. Recreativos,11,11,0
10/2020,"Com. Atac. de Cerveja, Chope e Refrigerante",6,7,-1
10/2020,Com. Var. de Comb. para Veíc. Autom.,0,1,-1
10/2020,Padaria e Confeitaria com Pred. de Revenda,2,2,0
10/2020,Com. Var. Especial. de Equip. e Suprimentos de Informática,1,0,1
10/2020,Comercio Var. de Art. de Armarinho,1,1,0
10/2020,Com. Var. de Art. de óptica,1,0,1
10/2020,Com. Var. de Ferragens e Ferramentas,1,0,1
10/2020,Com. Var. de Tintas e Mat. para Pintura,0,1,-1
10/2020,Com. Var. de Comb. para Veíc. Autom.,1,0,1
10/2020,Com. Var. de Comb. para Veíc. Autom.,1,1,0
10/2020,"Com. Atac. de Frutas, Verduras, Raízes, Tubérculos, Hortaliças e Legumes Frescos",0,1,-1
10/2020,Com. a Var. de Peças e Acessórios Novos para Veíc. Autom.,1,0,1
10/2020,Com. Atac. de Leite e Laticínios,0,1,-1
10/2020,Com. Var. de Mat. de Const. não Especif. Ant.,2,0,2
10/2020,Com. Var. de Mat. de Const. não Especif. Ant.,2,1,1
10/2020,Com. por Atacado de Caminhões Novos e Usados,2,1,1
10/2020,Com. Var. de Art. do Vestuário e Acessórios,0,1,-1
10/2020,Com. Atac. de Aves Vivas e Ovos,2,0,2
10/2020,Com. Atac. de Aves Vivas e Ovos,0,2,-2
10/2020,Lojas de Dep. ou Magazines (Desativado),2,0,2
10/2020,"Lojas de Dep. ou Magazines, Exceto Lojas Francas (Duty Free)",3,7,-4
10/2020,Com. Atac. de Cosméticos e Produtos de Perfumaria,2,1,1
10/2020,"Com. Atac. de Cerveja, Chope e Refrigerante",6,3,3
10/2020,Com. Var. de Art. do Vestuário e Acessórios,0,1,-1
10/2020,"Com. Var. de Merc. em Geral, com Pred. de Produtos Alim. - Superm.",4,9,-5
10/2020,"Com. Var. de Produtos Farmac., sem Manip. de Fórmulas",3,1,2
10/2020,"Com. Var. de Produtos Farmac., sem Manip. de Fórmulas",1,0,1
10/2020,"Com. Atac. de Instrumentos e Mat. para Uso Médico, Cirúrgico, Hospitalar e de Laboratórios",1,0,1
10/2020,"Com. Var. de Produtos Farmac., sem Manip. de Fórmulas",1,0,1
10/2020,"Com. Var. de Produtos Farmac., sem Manip. de Fórmulas",2,1,1
10/2020,"Com. Var. de Produtos Farmac., sem Manip. de Fórmulas",0,1,-1
10/2020,"Com. Var. de Produtos Farmac., sem Manip. de Fórmulas",1,1,0
10/2020,"Com. Var. de Produtos Farmac., sem Manip. de Fórmulas",1,0,1
10/2020,"Com. Var. de Produtos Farmac., sem Manip. de Fórmulas",1,0,1
10/2020,"Com. Var. de Produtos Farmac., sem Manip. de Fórmulas",1,0,1
10/2020,"Com. Atac. de Cerveja, Chope e Refrigerante",1,0,1
10/2020,Com. Var. de Art. de Viagem,1,1,0
10/2020,Com. Var. de Art. de Viagem,0,1,-1
10/2020,Com. Var. de Outros Art. de Uso Doméstico não Especif. Ant.,1,1,0
10/2020,"Com. Atac. de Chocolates, Confeitos, Balas, Bombons e Semelhantes",6,1,5
10/2020,"Com. Atac. de Frutas, Verduras, Raízes, Tubérculos, Hortaliças e Legumes Frescos",1,0,1
10/2020,Com. Var. de Plantas e Flores Naturais,2,7,-5
10/2020,Com. Var. de Mat. de Const. em Geral,2,3,-1
10/2020,Com. por Atacado de Peças e Acessórios Novos para Veíc. Autom.,1,0,1
10/2020,Com. Var. Especial. de Equip. de Telefonia e Comunicação,1,0,1
10/2020,Com. a Var. de Peças e Acessórios Novos para Veíc. Autom.,1,2,-1
10/2020,Com. a Var. de Pneumáticos e Câmaras-De-Ar,0,1,-1
10/2020,Com. Var. de Outros Produtos não Especif. Ant.,2,1,1
10/2020,"Com. Var. de Merc. em Geral, com Pred. de Produtos Alim. - Superm.",28,48,-20
10/2020,Com. Var. de Art. de Joalheria,2,1,1
10/2020,Com. Var. de Outros Produtos não Especif. Ant.,1,1,0
10/2020,Com. por Atacado de Peças e Acessórios Novos para Veíc. Autom.,0,1,-1
10/2020,"Com. Var. de Produtos Farmac., sem Manip. de Fórmulas",0,2,-2
10/2020,"Com. Var. de Produtos Farmac., sem Manip. de Fórmulas",1,0,1
10/2020,"Com. Var. de Produtos Farmac., sem Manip. de Fórmulas",0,1,-1
10/2020,Com. Var. de Móveis,0,1,-1
10/2020,Com. Var. de Mat. de Const. não Especif. Ant.,1,1,0
10/2020,Com. Var. de Carnes - Açougues,2,0,2
10/2020,Com. Var. de Produtos Alim. em Geral ou Especial. em Produtos Alim. não Especif. Ant.,2,1,1
10/2020,"Lojas de Variedades, Exceto Lojas de Dep. ou Magazines",0,1,-1
10/2020,Com. Var. de Outros Produtos não Especif. Ant.,1,1,0
10/2020,Com. Var. de Art. do Vestuário e Acessórios,0,1,-1
10/2020,Com. Var. de Mat. de Const. não Especif. Ant.,2,4,-2
10/2020,Com. Var. de Art. do Vestuário e Acessórios,1,0,1
10/2020,Com. Var. de Mat. de Const. não Especif. Ant.,1,0,1
10/2020,Com. Atac. de Matérias-Primas Agrícolas não Especificadas Ant.,4,1,3
10/2020,Com. Var. de Art. de Joalheria,1,0,1
10/2020,"Com. Var. de Merc. em Geral, com Pred. de Produtos Alim. - Minimercados, Mercearias e Armazéns",1,0,1
10/2020,"Com. Var. de Merc. em Geral, com Pred. de Produtos Alim. - Minimercados, Mercearias e Armazéns",1,0,1
10/2020,"Com. Var. de Merc. em Geral, com Pred. de Produtos Alim. - Minimercados, Mercearias e Armazéns",0,1,-1
10/2020,Padaria e Confeitaria com Pred. de Revenda,0,2,-2
10/2020,"Com. Var. de Produtos Farmac., com Manip. de Fórmulas",1,1,0
10/2020,"Com. a Var. de Automóveis, Camionetas e Utilitários Novos",2,1,1
10/2020,"Com. Var. de Merc. em Geral, com Pred. de Produtos Alim. - Minimercados, Mercearias e Armazéns",0,1,-1
10/2020,"Com. Var. de Produtos Farmac., sem Manip. de Fórmulas",1,1,0
10/2020,Com. Var. de Mat. de Const. não Especif. Ant.,1,1,0
10/2020,Com. Var. de Tintas e Mat. para Pintura,1,1,0
10/2020,Com. Var. de Tintas e Mat. para Pintura,1,1,0
10/2020,Com. Var. de Tintas e Mat. para Pintura,0,3,-3
10/2020,Com. Var. de Mat. de Const. não Especif. Ant.,0,1,-1
10/2020,Com. Var. de Art. do Vestuário e Acessórios,0,1,-1
10/2020,"Com. Atac. de Máquinas e Equip. para Uso Industrial, Partes e Peças",1,0,1
10/2020,Com. Var. de Art. de óptica,0,1,-1
10/2020,Com. Var. de Outros Produtos não Especif. Ant.,0,1,-1
10/2020,Com. Var. de Comb. para Veíc. Autom.,2,1,1
10/2020,Com. Var. de Comb. para Veíc. Autom.,1,0,1
10/2020,"Com. Atac. de Merc. em Geral, com Pred. de Insumos Agropecuários",0,1,-1
10/2020,"Serv. de Lavagem, Lubrificação e Polimento de Veíc. Autom.",3,1,2
10/2020,Com. Var. de Jornais e Revistas,0,1,-1
10/2020,Com. Var. de Vidros,0,1,-1
10/2020,"Com. Atac. de Cerveja, Chope e Refrigerante",10,1,9
10/2020,"Com. Var. de Merc. em Geral, com Pred. de Produtos Alim. - Superm.",1,1,0
10/2020,Com. Var. de Produtos Alim. em Geral ou Especial. em Produtos Alim. não Especif. Ant.,0,2,-2
10/2020,"Com. Var. de Merc. em Geral, com Pred. de Produtos Alim. - Hipermercados",14,9,5
10/2020,Com. Atac. de Ferragens e Ferramentas,2,2,0
10/2020,"Com. Var. Especial. de Peças e Acessórios para Aparelhos Eletroeletrônicos para Uso Doméstico, Exceto Informática e Comunicação",2,0,2
10/2020,Com. a Var. de Peças e Acessórios Novos para Veíc. Autom.,3,3,0
10/2020,"Com. Var. de Merc. em Geral, com Pred. de Produtos Alim. - Hipermercados",12,6,6
10/2020,Com. Atac. Especial. de Mat. de Const. não Especif. Ant.,11,7,4
10/2020,Com. Var. de Art. de Joalheria,2,0,2
10/2020,"Com. Atac. de Máquinas, Aparelhos e Equip. para Uso Agropecuário, Partes e Peças",0,1,-1
10/2020,Com. Var. de Ferragens e Ferramentas,3,1,2
10/2020,Com. Var. de Art. do Vestuário e Acessórios,2,2,0
10/2020,Com. Var. de Art. do Vestuário e Acessórios,0,1,-1
10/2020,"Com. Var. de Produtos Farmac., com Manip. de Fórmulas",0,1,-1
10/2020,Com. Var. de Art. do Vestuário e Acessórios,0,1,-1
10/2020,Com. Var. Especial. de Equip. de Telefonia e Comunicação,0,1,-1
06/2020,Com. Var. de Mat. de Const. não Especif. Ant.,2,1,1
06/2020,Com. Atac. de Ferragens e Ferramentas,0,2,-2
06/2020,"Com. Var. Especial. de Peças e Acessórios para Aparelhos Eletroeletrônicos para Uso Doméstico, Exceto Informática e Comunicação",0,1,-1
06/2020,Com. Var. Especial. de Eletrod. e Equip. de áudio e Vídeo,10,1,9
06/2020,Com. Var. de Outros Produtos não Especif. Ant.,1,0,1
06/2020,Com. Var. de Equip. para Escritório,0,1,-1
06/2020,Com. Var. de Outros Produtos não Especif. Ant.,0,1,-1
06/2020,Com. a Var. de Peças e Acessórios Novos para Veíc. Autom.,0,1,-1
06/2020,"Com. Var. de Cosméticos, Produtos de Perfumaria e de Higiene Pessoal",0,1,-1
06/2020,"Representantes Comerciais e Agentes do Com. de Têxteis, Vestuário, Calçados e Art. de Viagem",0,1,-1
06/2020,Com. Var. de Art. do Vestuário e Acessórios,0,4,-4
06/2020,"Com. Atac. de Merc. em Geral, sem Pred. de Alimentos ou de Insumos Agropecuários",11,10,1
06/2020,"Com. a Var. de Automóveis, Camionetas e Utilitários Novos",6,8,-2
06/2020,Com. Atac. de Medicamentos e Drogas de Uso Humano,24,9,15
06/2020,"Com. Var. de Produtos Farmac., sem Manip. de Fórmulas",1,0,1
06/2020,Padaria e Confeitaria com Pred. de Revenda,1,0,1
06/2020,Com. Atac. Especial. em Outros Produtos Intermediários não Especif. Ant.,0,7,-7
06/2020,"Com. Atac. de Produtos da Extração Mineral, Exceto Comb.",1,0,1
06/2020,Com. a Var. de Peças e Acessórios Novos para Veíc. Autom.,1,0,1
06/2020,"Com. Var. de Doces, Balas, Bombons e Semelhantes",0,1,-1
06/2020,Com. Atac. de Resíduos e Sucatas Metálicos,1,0,1
06/2020,Com. Atac. de Carnes Bovinas e Suínas e Derivados,1,10,-9
06/2020,"Com. Var. de Merc. em Geral, com Pred. de Produtos Alim. - Minimercados, Mercearias e Armazéns",1,0,1
06/2020,"Com. Var. de Merc. em Geral, com Pred. de Produtos Alim. - Minimercados, Mercearias e Armazéns",0,1,-1
06/2020,Com. Var. de Outros Produtos não Especif. Ant.,1,0,1
06/2020,Com. Var. Especial. de Equip. de Telefonia e Comunicação,0,3,-3
06/2020,Com. por Atacado de Pneumáticos e Câmaras-De-Ar,1,1,0
06/2020,Com. Atac. de Resíduos e Sucatas Metálicos,0,1,-1
06/2020,Com. Var. de Outros Art. de Uso Doméstico não Especif. Ant.,1,0,1
06/2020,Com. Var. de Mat. de Const. não Especif. Ant.,1,0,1
06/2020,Com. Var. de Comb. para Veíc. Autom.,0,1,-1
06/2020,Com. Atac. de Produtos Alim. em Geral,3,1,2
06/2020,Com. Var. Especial. de Equip. e Suprimentos de Informática,4,2,2
06/2020,Com. Var. de Art. Esportivos,0,1,-1
06/2020,Com. Var. de Comb. para Veíc. Autom.,0,1,-1
06/2020,"Com. a Var. de Automóveis, Camionetas e Utilitários Novos",0,2,-2
06/2020,Com. Var. de Gás LiqüEfeito de Petróleo (Glp),1,1,0
06/2020,Com. Var. de Móveis,1,0,1
06/2020,Com. Atac. de Embalagens,0,7,-7
06/2020,Com. Var. de Art. Médicos e Ortopédicos,0,1,-1
06/2020,"Com. a Var. de Automóveis, Camionetas e Utilitários Novos",0,1,-1
06/2020,"Com. a Var. de Automóveis, Camionetas e Utilitários Novos",0,2,-2
06/2020,Serv. de Manutenção e Reparação Mecânica de Veíc. Autom.,0,1,-1
06/2020,Padaria e Confeitaria com Pred. de Revenda,0,2,-2
06/2020,Com. Var. Especial. de Eletrod. e Equip. de áudio e Vídeo,0,1,-1
06/2020,"Com. Var. de Suvenires, Bijuterias e Artesanatos",0,1,-1
06/2020,"Com. Var. de Produtos Farmac., sem Manip. de Fórmulas",1,1,0
06/2020,Com. Var. de Madeira e Artefatos,0,1,-1
06/2020,Com. Var. de Equip. para Escritório,0,1,-1
06/2020,Com. Var. de Art. de Iluminação,0,1,-1
06/2020,Com. Var. de Outros Produtos não Especif. Ant.,0,1,-1
06/2020,Com. Var. de Outros Art. de Uso Doméstico não Especif. Ant.,0,1,-1
06/2020,Com. Var. de Móveis,0,1,-1
06/2020,Com. Var. de Mat. de Const. em Geral,1,0,1
06/2020,"Com. Var. de Produtos Farmac., com Manip. de Fórmulas",1,0,1
06/2020,Com. Var. de Art. do Vestuário e Acessórios,0,1,-1
06/2020,"Com. Var. de Merc. em Geral, com Pred. de Produtos Alim. - Superm.",8,1,7
06/2020,"Com. Var. de Merc. em Geral, com Pred. de Produtos Alim. - Superm.",5,0,5
06/2020,Com. Var. de Produtos Alim. em Geral ou Especial. em Produtos Alim. não Especif. Ant.,0,1,-1
06/2020,Com. Var. Especial. de Equip. e Suprimentos de Informática,2,3,-1
06/2020,Com. Var. de Hortifrutigranjeiros,0,1,-1
06/2020,"Com. Atac. de Frutas, Verduras, Raízes, Tubérculos, Hortaliças e Legumes Frescos",0,2,-2
06/2020,"Lojas de Variedades, Exceto Lojas de Dep. ou Magazines",0,1,-1
06/2020,Com. Var. de Art. de óptica,0,1,-1
06/2020,"Com. Var. de Produtos Farmac., sem Manip. de Fórmulas",0,1,-1
06/2020,Com. Var. de Art. de Joalheria,0,1,-1
06/2020,Com. Var. de Produtos Saneantes Domissanitários,1,0,1
06/2020,Com. Var. de Comb. para Veíc. Autom.,0,1,-1
06/2020,Com. Var. de Mat. de Const. não Especif. Ant.,2,0,2
06/2020,Com. Atac. de Sorvetes,5,3,2
06/2020,Com. Atac. Especial. em Outros Produtos Intermediários não Especif. Ant.,0,1,-1
06/2020,Com. Atac. de Ferragens e Ferramentas,0,1,-1
06/2020,Com. Var. de Material Elétrico,0,2,-2
06/2020,Serv. de Manutenção e Reparação Mecânica de Veíc. Autom.,1,1,0
06/2020,Com. Var. de Plantas e Flores Naturais,2,0,2
06/2020,Com. por Atacado de Peças e Acessórios para Motocicletas e Motonetas,1,1,0
06/2020,"Com. Var. de Merc. em Geral, com Pred. de Produtos Alim. - Minimercados, Mercearias e Armazéns",0,1,-1
06/2020,"Com. a Var. de Automóveis, Camionetas e Utilitários Novos",0,1,-1
06/2020,Com. Var. de Comb. para Veíc. Autom.,0,6,-6
06/2020,Com. Atac. de Produtos Alim. em Geral,14,9,5
06/2020,Com. Var. de Comb. para Veíc. Autom.,0,1,-1
06/2020,"Com. Var. de Produtos Farmac., sem Manip. de Fórmulas",1,1,0
06/2020,"Com. Var. de Merc. em Geral, com Pred. de Produtos Alim. - Minimercados, Mercearias e Armazéns",0,1,-1
06/2020,Com. a Var. de Pneumáticos e Câmaras-De-Ar,0,1,-1
06/2020,Com. Var. de Plantas e Flores Naturais,1,1,0
06/2020,Com. Var. de Art. do Vestuário e Acessórios,0,4,-4
06/2020,Com. Var. de Tecidos,0,1,-1
06/2020,Serv. de Manutenção e Reparação Mecânica de Veíc. Autom.,3,0,3
06/2020,Com. Var. de Equip. para Escritório,1,2,-1
06/2020,Com. Atac. de Embalagens,0,1,-1
06/2020,Com. Var. Especial. de Eletrod. e Equip. de áudio e Vídeo,0,1,-1
06/2020,Com. Atac. de Produtos Alim. em Geral,0,1,-1
06/2020,"Com. Var. de Merc. em Geral, com Pred. de Produtos Alim. - Minimercados, Mercearias e Armazéns",0,1,-1
06/2020,Com. Var. de Plantas e Flores Naturais,0,2,-2
06/2020,Serv. de Lanternagem ou Funilaria e Pintura de Veíc. Autom.,0,1,-1
06/2020,Com. Var. de Jornais e Revistas,0,1,-1
06/2020,Com. Var. de Comb. para Veíc. Autom.,0,1,-1
06/2020,Com. Var. de Calçados,0,1,-1
06/2020,"Com. a Var. de Automóveis, Camionetas e Utilitários Novos",5,1,4
06/2020,Comercio Var. de Art. de Armarinho,1,0,1
06/2020,Com. Var. de Art. de Joalheria,0,1,-1
06/2020,Com. Var. de Art. Fotográficos e para Filmagem,0,1,-1
06/2020,Padaria e Confeitaria com Pred. de Revenda,1,1,0
06/2020,Com. Var. de Mat. de Const. em Geral,0,1,-1
06/2020,"Com. Atac. de Merc. em Geral, sem Pred. de Alimentos ou de Insumos Agropecuários",2,0,2
06/2020,"Com. Var. de Merc. em Geral, com Pred. de Produtos Alim. - Superm.",4,11,-7
06/2020,Com. Var. de Art. de óptica,0,1,-1
06/2020,Com. Atac. de Outros Equip. e Art. de Uso Pessoal e Doméstico não Especif. Ant.,2,2,0
06/2020,"Com. Var. de Produtos Farmac., sem Manip. de Fórmulas",1,0,1
06/2020,Com. Var. de Tintas e Mat. para Pintura,0,1,-1
06/2020,Com. Var. de Outros Art. de Uso Doméstico não Especif. Ant.,0,1,-1
06/2020,Com. Atac. de Outros Equip. e Art. de Uso Pessoal e Doméstico não Especif. Ant.,1,3,-2
06/2020,Com. Var. de Livros,1,0,1
06/2020,Serv. de Manutenção e Reparação Mecânica de Veíc. Autom.,0,1,-1
06/2020,"Com. Var. de Cosméticos, Produtos de Perfumaria e de Higiene Pessoal",0,1,-1
06/2020,"Com. Var. de Merc. em Geral, com Pred. de Produtos Alim. - Minimercados, Mercearias e Armazéns",1,0,1
06/2020,"Com. Atac. de Frutas, Verduras, Raízes, Tubérculos, Hortaliças e Legumes Frescos",0,1,-1
06/2020,Com. Var. de Outros Produtos não Especif. Ant.,0,1,-1
06/2020,"Com. Var. de Merc. em Geral, com Pred. de Produtos Alim. - Superm.",10,3,7
06/2020,"Com. Var. de Merc. em Geral, com Pred. de Produtos Alim. - Hipermercados",48,2,46
06/2020,"Com. Var. de Merc. em Geral, com Pred. de Produtos Alim. - Superm.",0,1,-1
06/2020,"Com. a Var. de Automóveis, Camionetas e Utilitários Usados",2,0,2
06/2020,Com. Var. de Art. de Colchoaria,1,0,1
06/2020,Com. Var. de Livros,0,1,-1
06/2020,Com. Var. de Art. do Vestuário e Acessórios,0,1,-1
06/2020,Padaria e Confeitaria com Pred. de Revenda,0,1,-1
06/2020,Com. Var. de Outros Art. de Uso Doméstico não Especif. Ant.,0,1,-1
06/2020,"Com. Var. de Merc. em Geral, com Pred. de Produtos Alim. - Minimercados, Mercearias e Armazéns",4,2,2
06/2020,Com. Var. de Plantas e Flores Naturais,1,0,1
06/2020,Com. Var. de Art. Esportivos,2,0,2
06/2020,Com. Var. de Comb. para Veíc. Autom.,0,1,-1
06/2020,Com. Atac. de Componentes Eletrônicos e Equip. de Telefonia e Comunicação,0,22,-22
06/2020,"Com. Var. de Merc. em Geral, com Pred. de Produtos Alim. - Superm.",11,14,-3
06/2020,"Com. Var. de Bicicletas e Triciclos, Peças e Acessórios",1,0,1
06/2020,"Com. Var. de Bicicletas e Triciclos, Peças e Acessórios",2,1,1
06/2020,Com. Var. de Comb. para Veíc. Autom.,0,1,-1
06/2020,"Com. Atac. de Jóias, Relógios e Bijuterias, Inclusive Pedras Preciosas e Semipreciosas Lapidadas",0,2,-2
06/2020,Com. a Var. de Peças e Acessórios Novos para Veíc. Autom.,0,1,-1
06/2020,Com. Var. de Art. do Vestuário e Acessórios,0,1,-1
06/2020,Com. Var. de Art. de Colchoaria,1,0,1
06/2020,"Com. Atac. de Frutas, Verduras, Raízes, Tubérculos, Hortaliças e Legumes Frescos",11,9,2
06/2020,Com. Atac. de Produtos Odontológicos,0,4,-4
06/2020,Com. Var. de Comb. para Veíc. Autom.,0,1,-1
06/2020,Com. Var. de Comb. para Veíc. Autom.,0,1,-1
06/2020,"Com. Var. de Produtos Farmac., sem Manip. de Fórmulas",2,0,2
06/2020,Com. Var. de Tintas e Mat. para Pintura,1,1,0
06/2020,"Com. Atac. de Cerveja, Chope e Refrigerante",0,1,-1
06/2020,Com. Var. de Produtos Saneantes Domissanitários,0,1,-1
06/2020,Com. Var. de Art. de Iluminação,0,1,-1
06/2020,"Representantes Comerciais e Agentes do Com. de Produtos Alim., Bebidas e Fumo",0,2,-2
06/2020,Com. Var. de Carnes - Açougues,0,1,-1
06/2020,Com. Var. de Art. de Papelaria,0,1,-1
06/2020,"Com. Var. de Merc. em Geral, com Pred. de Produtos Alim. - Minimercados, Mercearias e Armazéns",1,0,1
06/2020,"Com. Var. de Suvenires, Bijuterias e Artesanatos",0,1,-1
06/2020,Padaria e Confeitaria com Pred. de Revenda,0,1,-1
06/2020,Com. Var. Especial. de Eletrod. e Equip. de áudio e Vídeo,2,1,1
06/2020,Com. Var. Especial. de Eletrod. e Equip. de áudio e Vídeo,0,1,-1
06/2020,Com. Var. de Madeira e Artefatos,0,1,-1
06/2020,Com. Var. de Plantas e Flores Naturais,0,1,-1
06/2020,Com. Atac. de Produtos Alim. em Geral,1,0,1
06/2020,"Representantes Comerciais e Agentes do Com. de Máquinas, Equip., Embarcações e Aeronaves",1,2,-1
06/2020,Com. Var. de Comb. para Veíc. Autom.,0,1,-1
06/2020,Com. Var. de Produtos Alim. em Geral ou Especial. em Produtos Alim. não Especif. Ant.,0,1,-1
06/2020,Com. Var. de Material Elétrico,1,0,1
06/2020,Com. Var. de Comb. para Veíc. Autom.,0,1,-1
06/2020,Com. Var. de Art. Médicos e Ortopédicos,0,1,-1
06/2020,Com. Var. de Art. do Vestuário e Acessórios,0,4,-4
06/2020,Com. Var. de Comb. para Veíc. Autom.,0,2,-2
06/2020,"Com. Var. de Merc. em Geral, com Pred. de Produtos Alim. - Minimercados, Mercearias e Armazéns",1,2,-1
06/2020,Com. a Var. de Peças e Acessórios Novos para Veíc. Autom.,0,1,-1
06/2020,Com. Var. de Ferragens e Ferramentas,1,0,1
06/2020,Serv. de Manutenção e Reparação Mecânica de Veíc. Autom.,0,1,-1
06/2020,"Com. a Var. de Automóveis, Camionetas e Utilitários Novos",0,2,-2
06/2020,Com. a Var. de Peças e Acessórios Novos para Veíc. Autom.,0,1,-1
06/2020,Com. Var. de Produtos Alim. em Geral ou Especial. em Produtos Alim. não Especif. Ant.,0,1,-1
06/2020,Com. Var. de Outros Produtos não Especif. Ant.,1,1,0
06/2020,Com. Atac. de Embalagens,4,7,-3
06/2020,Com. a Var. de Peças e Acessórios Novos para Veíc. Autom.,1,0,1
06/2020,"Com. a Var. de Automóveis, Camionetas e Utilitários Novos",3,1,2
06/2020,"Com. Atac. de Bombas e Compressores, Partes e Peças",0,1,-1
06/2020,Com. Var. de Art. do Vestuário e Acessórios,0,1,-1
06/2020,Com. Var. de Outros Produtos não Especif. Ant.,0,2,-2
06/2020,Com. Var. de Móveis,8,3,5
06/2020,Com. Var. de Móveis,0,1,-1
06/2020,Com. Var. de Comb. para Veíc. Autom.,0,1,-1
06/2020,Com. a Var. de Peças e Acessórios Novos para Veíc. Autom.,0,1,-1
06/2020,Com. Var. de Plantas e Flores Naturais,0,1,-1
06/2020,"Lojas de Variedades, Exceto Lojas de Dep. ou Magazines",0,1,-1
06/2020,"Com. a Var. de Automóveis, Camionetas e Utilitários Usados",0,1,-1
06/2020,"Com. a Var. de Automóveis, Camionetas e Utilitários Novos",1,0,1
06/2020,Com. Var. de Hortifrutigranjeiros,6,8,-2
06/2020,"Com. Atac. de Frutas, Verduras, Raízes, Tubérculos, Hortaliças e Legumes Frescos",1,2,-1
06/2020,Com. Var. de Hortifrutigranjeiros,6,5,1
06/2020,Com. Var. de Gás LiqüEfeito de Petróleo (Glp),0,1,-1
06/2020,"Com. Var. de Cosméticos, Produtos de Perfumaria e de Higiene Pessoal",0,1,-1
06/2020,"Com. Atac. de Merc. em Geral, com Pred. de Produtos Alim.",3,5,-2
06/2020,Com. Var. de Laticínios e Frios,0,1,-1
06/2020,"Serv. de Lavagem, Lubrificação e Polimento de Veíc. Autom.",0,1,-1
06/2020,Com. Var. de Art. do Vestuário e Acessórios,0,1,-1
06/2020,"Com. Var. de Produtos Farmac., sem Manip. de Fórmulas",0,2,-2
06/2020,"Com. Var. de Merc. em Geral, com Pred. de Produtos Alim. - Minimercados, Mercearias e Armazéns",0,1,-1
06/2020,"Com. Atac. de Frutas, Verduras, Raízes, Tubérculos, Hortaliças e Legumes Frescos",2,0,2
06/2020,"Com. a Var. de Automóveis, Camionetas e Utilitários Novos",1,2,-1
06/2020,Com. Var. de Art. de Papelaria,0,1,-1
06/2020,Com. Var. de Material Elétrico,0,1,-1
06/2020,Com. Var. de Lubrificantes,1,0,1
06/2020,Com. Var. de Comb. para Veíc. Autom.,1,1,0
06/2020,"Com. Var. de Merc. em Geral, com Pred. de Produtos Alim. - Minimercados, Mercearias e Armazéns",0,1,-1
06/2020,"Com. a Var. de Automóveis, Camionetas e Utilitários Novos",1,1,0
06/2020,"Com. Var. de Merc. em Geral, com Pred. de Produtos Alim. - Minimercados, Mercearias e Armazéns",3,0,3
06/2020,Serv. de Manutenção e Reparação Mecânica de Veíc. Autom.,0,1,-1
06/2020,Com. Atac. de Alimentos para Animais,0,4,-4
06/2020,Com. Atac. de Alimentos para Animais,0,1,-1
06/2020,Com. Var. de Art. do Vestuário e Acessórios,5,87,-82
06/2020,Com. por Atacado de Caminhões Novos e Usados,0,1,-1
06/2020,Com. Var. de Outros Produtos não Especif. Ant.,5,0,5
06/2020,"Com. Atac. de Frutas, Verduras, Raízes, Tubérculos, Hortaliças e Legumes Frescos",0,1,-1
06/2020,Com. Var. de Madeira e Artefatos,1,0,1
06/2020,Com. Var. Especial. de Equip. e Suprimentos de Informática,1,0,1
06/2020,Com. Var. de Produtos Saneantes Domissanitários,0,1,-1
06/2020,Com. Var. de Plantas e Flores Naturais,0,1,-1
06/2020,Tabacaria,0,2,-2
06/2020,"Com. Var. de Cosméticos, Produtos de Perfumaria e de Higiene Pessoal",0,4,-4
06/2020,Com. Var. de Plantas e Flores Naturais,0,1,-1
06/2020,"Com. Atac. de Frutas, Verduras, Raízes, Tubérculos, Hortaliças e Legumes Frescos",0,1,-1
06/2020,Com. Var. de Madeira e Artefatos,0,1,-1
06/2020,Com. Var. Especial. de Equip. e Suprimentos de Informática,0,1,-1
06/2020,Com. Var. de Art. do Vestuário e Acessórios,0,1,-1
06/2020,Com. Var. de Carnes - Açougues,0,1,-1
06/2020,Com. Var. de Ferragens e Ferramentas,0,1,-1
06/2020,Com. a Var. de Peças e Acessórios Novos para Veíc. Autom.,0,1,-1
06/2020,"Com. Atac. de Produtos da Extração Mineral, Exceto Comb.",0,1,-1
06/2020,Com. Var. de Livros,0,2,-2
06/2020,Com. Var. de Art. do Vestuário e Acessórios,0,1,-1
06/2020,Com. Var. de Art. de Joalheria,2,1,1
06/2020,"Com. Var. de Merc. em Geral, com Pred. de Produtos Alim. - Superm.",1,0,1
06/2020,Com. Var. de Ferragens e Ferramentas,1,0,1
06/2020,Serv. de Lanternagem ou Funilaria e Pintura de Veíc. Autom.,0,1,-1
06/2020,Com. Var. de Calçados,0,1,-1
06/2020,"Com. Var. de Produtos Farmac., sem Manip. de Fórmulas",1,0,1
06/2020,Com. Var. de Móveis,2,0,2
06/2020,"Com. Var. de Cosméticos, Produtos de Perfumaria e de Higiene Pessoal",0,1,-1
06/2020,"Com. Var. de Cosméticos, Produtos de Perfumaria e de Higiene Pessoal",0,1,-1
06/2020,"Com. Atac. de Merc. em Geral, com Pred. de Produtos Alim.",8,9,-1
06/2020,Com. Atac. Especial. em Outros Produtos Intermediários não Especif. Ant.,1,0,1
06/2020,Com. Atac. Especial. em Outros Produtos Alim. não Especif. Ant.,1,0,1
06/2020,Com. Var. de Art. do Vestuário e Acessórios,0,2,-2
06/2020,"Serv. de Lavagem, Lubrificação e Polimento de Veíc. Autom.",0,1,-1
06/2020,Com. Var. de Art. de óptica,1,0,1
06/2020,Com. Var. de Brinquedos e Art. Recreativos,2,4,-2
06/2020,"Com. Atac. de Cereais e Leguminosas Beneficiados, Farinhas, Amidos e Féculas, com Atividade de Fracionamento e Acondicionamento Associada",0,1,-1
06/2020,Com. Var. de Ferragens e Ferramentas,0,1,-1
06/2020,Com. Var. de Mat. de Const. não Especif. Ant.,0,1,-1
06/2020,Com. Var. Especial. de Instrumentos Musicais e Acessórios,0,1,-1
06/2020,Com. a Var. de Peças e Acessórios Novos para Veíc. Autom.,0,1,-1
06/2020,Com. Atac. de Cosméticos e Produtos de Perfumaria,0,1,-1
06/2020,Com. Var. de Outros Produtos não Especif. Ant.,1,0,1
06/2020,Com. Atac. de Ferragens e Ferramentas,1,1,0
06/2020,Com. a Var. de Peças e Acessórios Usados para Veíc. Autom.,0,1,-1
06/2020,Com. Var. de Outros Produtos não Especif. Ant.,0,1,-1
06/2020,Com. Var. de Móveis,42,10,32
06/2020,Com. Var. de Mat. de Const. em Geral,0,1,-1
06/2020,Com. Var. de Outros Produtos não Especif. Ant.,0,1,-1
06/2020,Com. Var. de Outros Art. de Uso Doméstico não Especif. Ant.,0,2,-2
06/2020,"Com. a Var. de Automóveis, Camionetas e Utilitários Usados",0,1,-1
06/2020,Com. Var. de Livros,2,3,-1
06/2020,Com. Var. de Animais Vivos e de Art. e Alimentos para Animais de Estimação,0,1,-1
06/2020,Com. Var. de Brinquedos e Art. Recreativos,0,1,-1
06/2020,Com. Var. de Art. de óptica,0,1,-1
06/2020,"Com. Var. de Doces, Balas, Bombons e Semelhantes",2,3,-1
06/2020,"Com. Atac. de Chocolates, Confeitos, Balas, Bombons e Semelhantes",0,1,-1
06/2020,Com. Var. de Mat. de Const. em Geral,3,2,1
06/2020,"Com. Var. de Doces, Balas, Bombons e Semelhantes",0,1,-1
06/2020,"Com. Atac. de Máquinas e Equip. para Uso Industrial, Partes e Peças",1,1,0
06/2020,Com. Var. de Calçados,0,2,-2
06/2020,Com. Var. de Produtos Alim. em Geral ou Especial. em Produtos Alim. não Especif. Ant.,0,2,-2
06/2020,"Com. Var. de Merc. em Geral, com Pred. de Produtos Alim. - Minimercados, Mercearias e Armazéns",1,0,1
06/2020,"Com. Var. de Cosméticos, Produtos de Perfumaria e de Higiene Pessoal",0,1,-1
06/2020,Comercio Var. de Art. de Armarinho,0,1,-1
06/2020,"Com. Var. de Merc. em Geral, com Pred. de Produtos Alim. - Minimercados, Mercearias e Armazéns",0,1,-1
06/2020,Com. Var. Especial. de Equip. de Telefonia e Comunicação,1,0,1
06/2020,Com. Var. de Produtos Alim. em Geral ou Especial. em Produtos Alim. não Especif. Ant.,0,1,-1
06/2020,Com. Var. de Art. do Vestuário e Acessórios,0,1,-1
06/2020,"Com. Var. de Merc. em Geral, com Pred. de Produtos Alim. - Minimercados, Mercearias e Armazéns",0,1,-1
06/2020,"Serv. de Lavagem, Lubrificação e Polimento de Veíc. Autom.",23,1,22
06/2020,Com. Var. de Produtos Alim. em Geral ou Especial. em Produtos Alim. não Especif. Ant.,1,0,1
06/2020,Com. por Atacado de Motocicletas e Motonetas,0,4,-4
06/2020,Com. Var. de Calçados,0,1,-1
06/2020,"Com. Var. de Produtos Farmac., com Manip. de Fórmulas",3,2,1
06/2020,Com. Var. de Outros Produtos não Especif. Ant.,0,1,-1
06/2020,Com. Var. de Ferragens e Ferramentas,0,1,-1
06/2020,Com. Var. Especial. de Equip. de Telefonia e Comunicação,0,1,-1
06/2020,Com. Var. de Móveis,0,1,-1
06/2020,Com. Atac. de Carnes Bovinas e Suínas e Derivados,3,1,2
06/2020,Com. Var. de Animais Vivos e de Art. e Alimentos para Animais de Estimação,0,2,-2
06/2020,Com. Var. de Art. do Vestuário e Acessórios,0,1,-1
06/2020,"Com. Var. de Suvenires, Bijuterias e Artesanatos",0,2,-2
06/2020,"Com. Atac. de Máquinas e Equip. para Uso Industrial, Partes e Peças",0,1,-1
06/2020,"Com. Var. de Cosméticos, Produtos de Perfumaria e de Higiene Pessoal",0,1,-1
06/2020,Com. Var. de Animais Vivos e de Art. e Alimentos para Animais de Estimação,0,1,-1
06/2020,Com. a Var. de Peças e Acessórios Novos para Veíc. Autom.,0,1,-1
06/2020,"Com. Var. de Merc. em Geral, com Pred. de Produtos Alim. - Minimercados, Mercearias e Armazéns",0,1,-1
06/2020,"Com. Var. de Produtos Farmac., sem Manip. de Fórmulas",0,1,-1
06/2020,Serv. de Manutenção e Reparação Mecânica de Veíc. Autom.,0,1,-1
06/2020,"Com. Var. de Suvenires, Bijuterias e Artesanatos",1,1,0
06/2020,Com. Var. de Livros,1,2,-1
06/2020,Com. Var. de Carnes - Açougues,2,0,2
06/2020,Com. Var. de Carnes - Açougues,0,1,-1
06/2020,Com. Atac. de Componentes Eletrônicos e Equip. de Telefonia e Comunicação,2,0,2
06/2020,Com. Var. de Art. de óptica,1,0,1
06/2020,Com. a Var. de Peças e Acessórios Novos para Veíc. Autom.,0,2,-2
06/2020,Com. a Var. de Peças e Acessórios Novos para Veíc. Autom.,1,0,1
06/2020,Com. Var. de Produtos Alim. em Geral ou Especial. em Produtos Alim. não Especif. Ant.,0,1,-1
06/2020,Com. a Var. de Pneumáticos e Câmaras-De-Ar,1,1,0
06/2020,Padaria e Confeitaria com Pred. de Revenda,1,0,1
06/2020,Padaria e Confeitaria com Pred. de Revenda,0,3,-3
06/2020,Padaria e Confeitaria com Pred. de Revenda,1,0,1
06/2020,Com. Var. de Art. do Vestuário e Acessórios,0,1,-1
06/2020,Com. Var. Especial. de Equip. de Telefonia e Comunicação,1,0,1
06/2020,Com. Var. de Comb. para Veíc. Autom.,1,0,1
06/2020,"Com. Atac. de Outras Máquinas e Equip. não Especif. Ant., Partes e Peças",6,1,5
06/2020,"Com. Var. de Merc. em Geral, com Pred. de Produtos Alim. - Minimercados, Mercearias e Armazéns",1,1,0
06/2020,"Com. Var. de Merc. em Geral, com Pred. de Produtos Alim. - Minimercados, Mercearias e Armazéns",0,1,-1
06/2020,Com. Var. de Outros Produtos não Especif. Ant.,0,1,-1
06/2020,Com. a Var. de Peças e Acessórios Novos para Veíc. Autom.,0,1,-1
06/2020,Padaria e Confeitaria com Pred. de Revenda,0,1,-1
06/2020,Com. Var. de Móveis,1,0,1
06/2020,"Com. Atac. de Instrumentos e Mat. para Uso Médico, Cirúrgico, Hospitalar e de Laboratórios",18,2,16
06/2020,Com. Var. de Ferragens e Ferramentas,0,3,-3
06/2020,Serv. de Manutenção e Reparação Mecânica de Veíc. Autom.,1,1,0
06/2020,Com. Var. de Comb. para Veíc. Autom.,0,4,-4
06/2020,Com. Var. de Produtos Alim. em Geral ou Especial. em Produtos Alim. não Especif. Ant.,21,1,20
06/2020,Com. Var. de Material Elétrico,6,2,4
06/2020,Com. Var. de Produtos Alim. em Geral ou Especial. em Produtos Alim. não Especif. Ant.,0,1,-1
06/2020,Com. Atac. de Cosméticos e Produtos de Perfumaria,0,3,-3
06/2020,Com. Var. de Art. do Vestuário e Acessórios,0,1,-1
06/2020,Serv. de Manutenção e Reparação Mecânica de Veíc. Autom.,0,1,-1
06/2020,Com. Var. de Art. de óptica,0,1,-1
06/2020,"Com. Var. de Cosméticos, Produtos de Perfumaria e de Higiene Pessoal",2,0,2
06/2020,"Com. Atac. de Frutas, Verduras, Raízes, Tubérculos, Hortaliças e Legumes Frescos",2,0,2
06/2020,Padaria e Confeitaria com Pred. de Revenda,1,0,1
06/2020,"Com. Atac. de Frutas, Verduras, Raízes, Tubérculos, Hortaliças e Legumes Frescos",0,1,-1
06/2020,Com. a Var. de Peças e Acessórios Novos para Veíc. Autom.,1,1,0
06/2020,Com. Var. de Outros Produtos não Especif. Ant.,0,1,-1
06/2020,Com. Atac. de Produtos Alim. em Geral,5,4,1
06/2020,"Serv. de Instalação, Manutenção e Reparação de Acessórios para Veíc. Autom.",1,1,0
06/2020,Com. Var. de Carnes - Açougues,1,0,1
06/2020,Com. Var. Especial. de Eletrod. e Equip. de áudio e Vídeo,33,5,28
06/2020,Com. a Var. de Peças e Acessórios Usados para Veíc. Autom.,0,2,-2
06/2020,Com. Var. de Outros Art. de Uso Doméstico não Especif. Ant.,1,0,1
06/2020,Com. Var. de Art. de Papelaria,1,0,1
06/2020,Com. Var. de Art. de Papelaria,0,1,-1
06/2020,Com. Var. de Comb. para Veíc. Autom.,0,1,-1
06/2020,Com. Var. de Bebidas,1,0,1
06/2020,Com. a Var. de Peças e Acessórios Novos para Veíc. Autom.,0,1,-1
06/2020,Com. Var. de Mat. de Const. em Geral,0,1,-1
06/2020,Com. Var. de Art. do Vestuário e Acessórios,0,1,-1
06/2020,"Com. Atac. de Frutas, Verduras, Raízes, Tubérculos, Hortaliças e Legumes Frescos",1,0,1
06/2020,Com. Var. de Art. do Vestuário e Acessórios,1,0,1
06/2020,"Representantes Comerciais e Agentes do Com. de Máquinas, Equip., Embarcações e Aeronaves",0,1,-1
06/2020,"Com. Var. de Cosméticos, Produtos de Perfumaria e de Higiene Pessoal",0,3,-3
06/2020,Com. Var. de Art. do Vestuário e Acessórios,0,1,-1
06/2020,"Com. Var. de Produtos Farmac., sem Manip. de Fórmulas",0,3,-3
06/2020,Com. Var. de Art. Médicos e Ortopédicos,0,1,-1
06/2020,Com. Var. de Livros,0,1,-1
06/2020,Com. Var. de Mat. de Const. não Especif. Ant.,1,0,1
06/2020,Serv. de Borracharia para Veíc. Autom.,3,1,2
06/2020,Padaria e Confeitaria com Pred. de Revenda,1,1,0
06/2020,"Com. Var. de Produtos Farmac., sem Manip. de Fórmulas",1,0,1
06/2020,Com. Var. de Produtos Alim. em Geral ou Especial. em Produtos Alim. não Especif. Ant.,1,0,1
06/2020,Com. Var. de Animais Vivos e de Art. e Alimentos para Animais de Estimação,0,2,-2
06/2020,Com. Var. de Calçados,1,0,1
06/2020,Com. Var. de Art. do Vestuário e Acessórios,0,1,-1
06/2020,Com. Var. de Tecidos,2,0,2
06/2020,Com. Var. de Carnes - Açougues,1,0,1
06/2020,"Com. Atac. de Resíduos e Sucatas Não-Metálicos, Exceto de Papel e Papelão",0,2,-2
06/2020,Lojas de Dep. ou Magazines (Desativado),1,1,0
06/2020,"Com. Var. de Merc. em Geral, com Pred. de Produtos Alim. - Superm.",1,2,-1
06/2020,"Com. Var. de Produtos Farmac., sem Manip. de Fórmulas",1,0,1
06/2020,Com. Var. de Outros Produtos não Especif. Ant.,0,1,-1
06/2020,Com. Atac. de Produtos Alim. em Geral,1,0,1
06/2020,"Com. Var. Especial. de Peças e Acessórios para Aparelhos Eletroeletrônicos para Uso Doméstico, Exceto Informática e Comunicação",0,1,-1
06/2020,Com. Var. de Outros Produtos não Especif. Ant.,3,0,3
06/2020,Com. Var. de Tintas e Mat. para Pintura,0,1,-1
06/2020,Padaria e Confeitaria com Pred. de Revenda,0,1,-1
06/2020,Com. Var. Especial. de Eletrod. e Equip. de áudio e Vídeo,0,1,-1
06/2020,"Com. Var. de Merc. em Geral, com Pred. de Produtos Alim. - Minimercados, Mercearias e Armazéns",2,2,0
06/2020,Com. Var. de Outros Produtos não Especif. Ant.,1,1,0
06/2020,"Com. Var. de Cosméticos, Produtos de Perfumaria e de Higiene Pessoal",3,0,3
06/2020,"Com. Var. de Doces, Balas, Bombons e Semelhantes",0,2,-2
06/2020,Com. Var. de Produtos Alim. em Geral ou Especial. em Produtos Alim. não Especif. Ant.,0,1,-1
06/2020,Com. Var. de Art. do Vestuário e Acessórios,1,0,1
06/2020,Com. Var. de Art. do Vestuário e Acessórios,0,3,-3
06/2020,Com. Var. de Ferragens e Ferramentas,1,0,1
06/2020,Com. Var. de Mat. de Const. em Geral,0,1,-1
06/2020,"Com. a Var. de Automóveis, Camionetas e Utilitários Novos",1,1,0
06/2020,Com. Var. de Bebidas,1,1,0
06/2020,Com. Var. de Gás LiqüEfeito de Petróleo (Glp),2,0,2
06/2020,Serv. de Lanternagem ou Funilaria e Pintura de Veíc. Autom.,1,0,1
06/2020,Com. Var. de Art. do Vestuário e Acessórios,0,1,-1
06/2020,Com. Var. de Art. do Vestuário e Acessórios,0,1,-1
06/2020,"Com. Var. de Merc. em Geral, com Pred. de Produtos Alim. - Hipermercados",5,8,-3
06/2020,"Com. Var. de Merc. em Geral, com Pred. de Produtos Alim. - Superm.",2,0,2
06/2020,Com. Var. de Outros Produtos não Especif. Ant.,0,1,-1
06/2020,Com. Var. de Art. do Vestuário e Acessórios,1,0,1
06/2020,Com. Var. de Art. do Vestuário e Acessórios,0,2,-2
06/2020,Com. Var. de Produtos Alim. em Geral ou Especial. em Produtos Alim. não Especif. Ant.,1,0,1
06/2020,Com. Var. de Art. do Vestuário e Acessórios,0,1,-1
06/2020,"Lojas de Variedades, Exceto Lojas de Dep. ou Magazines",0,1,-1
06/2020,Com. Atac. Especial. em Outros Produtos Alim. não Especif. Ant.,1,0,1
06/2020,Com. Var. de Produtos Alim. em Geral ou Especial. em Produtos Alim. não Especif. Ant.,0,1,-1
06/2020,Com. Var. de Art. de óptica,1,0,1
06/2020,Peixaria,0,1,-1
06/2020,"Lojas de Variedades, Exceto Lojas de Dep. ou Magazines",1,0,1
06/2020,Com. Var. de Plantas e Flores Naturais,1,1,0
06/2020,Com. Var. de Material Elétrico,2,0,2
06/2020,Com. Var. de Material Elétrico,2,1,1
06/2020,"Com. Var. de Merc. em Geral, com Pred. de Produtos Alim. - Superm.",1,0,1
06/2020,Com. a Var. de Peças e Acessórios Novos para Veíc. Autom.,1,0,1
06/2020,Com. Var. Especial. de Equip. de Telefonia e Comunicação,2,1,1
06/2020,Com. Var. de Outros Produtos não Especif. Ant.,1,0,1
06/2020,Serv. de Borracharia para Veíc. Autom.,1,1,0
06/2020,Com. Var. Especial. de Eletrod. e Equip. de áudio e Vídeo,0,1,-1
06/2020,Com. Var. Especial. de Eletrod. e Equip. de áudio e Vídeo,18,19,-1
06/2020,Com. Var. Especial. de Eletrod. e Equip. de áudio e Vídeo,0,2,-2
06/2020,Com. Var. Especial. de Eletrod. e Equip. de áudio e Vídeo,0,3,-3
06/2020,Com. Var. Especial. de Eletrod. e Equip. de áudio e Vídeo,0,9,-9
06/2020,Com. Var. de Art. do Vestuário e Acessórios,0,1,-1
06/2020,Com. Var. de Art. do Vestuário e Acessórios,0,3,-3
06/2020,Com. a Var. de Peças e Acessórios Novos para Veíc. Autom.,1,0,1
06/2020,Com. Atac. de Outros Produtos Químicos e Petroquímicos não Especif. Ant.,0,1,-1
06/2020,Com. Var. de Hortifrutigranjeiros,1,0,1
06/2020,Com. Var. de Ferragens e Ferramentas,0,1,-1
06/2020,Com. Var. de Outros Art. de Uso Doméstico não Especif. Ant.,0,1,-1
06/2020,Com. Var. de Outros Art. Usados,1,0,1
06/2020,Com. Var. de Outros Art. de Uso Doméstico não Especif. Ant.,0,1,-1
06/2020,"Com. Atac. de Outras Máquinas e Equip. não Especif. Ant., Partes e Peças",5,1,4
06/2020,"Com. Atac. de Outras Máquinas e Equip. não Especif. Ant., Partes e Peças",0,1,-1
06/2020,"Com. a Var. de Automóveis, Camionetas e Utilitários Novos",1,0,1
06/2020,"Com. Var. de Produtos Farmac., sem Manip. de Fórmulas",2,1,1
06/2020,Padaria e Confeitaria com Pred. de Revenda,2,0,2
06/2020,Com. Var. de Mat. de Const. em Geral,3,0,3
06/2020,Com. Var. de Plantas e Flores Naturais,1,0,1
06/2020,"Com. Var. de Merc. em Geral, com Pred. de Produtos Alim. - Minimercados, Mercearias e Armazéns",3,0,3
06/2020,Com. Var. de Bebidas,4,1,3
06/2020,"Com. Var. de Produtos Farmac., sem Manip. de Fórmulas",1,0,1
06/2020,Com. Var. de Art. do Vestuário e Acessórios,0,3,-3
06/2020,Com. Var. de Art. de óptica,1,0,1
06/2020,Com. Var. Especial. de Eletrod. e Equip. de áudio e Vídeo,0,2,-2
06/2020,Com. Var. Especial. de Eletrod. e Equip. de áudio e Vídeo,0,1,-1
06/2020,Com. Var. de Mat. de Const. não Especif. Ant.,1,0,1
06/2020,Com. a Var. de Peças e Acessórios Novos para Veíc. Autom.,1,1,0
06/2020,Com. Var. de Outros Produtos não Especif. Ant.,0,1,-1
06/2020,Com. Var. de Art. do Vestuário e Acessórios,0,6,-6
06/2020,Com. Var. de Art. do Vestuário e Acessórios,0,1,-1
06/2020,Com. Var. de Calçados,0,18,-18
06/2020,Com. Var. de Calçados,0,5,-5
06/2020,Com. Var. de Calçados,0,5,-5
06/2020,Com. Var. de Calçados,0,3,-3
06/2020,Com. Var. de Calçados,0,5,-5
06/2020,Com. Var. de Calçados,0,6,-6
06/2020,Com. Var. de Calçados,0,21,-21
06/2020,Com. Var. de Calçados,0,3,-3
06/2020,"Com. Var. de Merc. em Geral, com Pred. de Produtos Alim. - Hipermercados",24,7,17
06/2020,"Com. Var. de Produtos Farmac., sem Manip. de Fórmulas",1,0,1
06/2020,Com. Var. de Mat. de Const. não Especif. Ant.,0,1,-1
06/2020,Com. Atac. de Ferragens e Ferramentas,0,1,-1
06/2020,Com. Var. de Art. do Vestuário e Acessórios,0,2,-2
06/2020,Com. Atac. de Cosméticos e Produtos de Perfumaria,1,0,1
06/2020,Com. Var. de Madeira e Artefatos,2,0,2
06/2020,Com. Atac. de Produtos Alim. em Geral,1,0,1
06/2020,Com. Var. de Comb. para Veíc. Autom.,0,1,-1
06/2020,"Com. Var. de Merc. em Geral, com Pred. de Produtos Alim. - Superm.",3,14,-11
06/2020,"Com. Var. de Merc. em Geral, com Pred. de Produtos Alim. - Superm.",0,3,-3
06/2020,Padaria e Confeitaria com Pred. de Revenda,0,1,-1
06/2020,"Com. Atac. de Chocolates, Confeitos, Balas, Bombons e Semelhantes",0,1,-1
06/2020,Lojas de Dep. ou Magazines (Desativado),0,1,-1
06/2020,Com. Var. de Comb. para Veíc. Autom.,0,4,-4
06/2020,Com. Var. de Gás LiqüEfeito de Petróleo (Glp),0,1,-1
06/2020,Com. Var. de Comb. para Veíc. Autom.,0,1,-1
06/2020,"Com. Var. de Cosméticos, Produtos de Perfumaria e de Higiene Pessoal",3,0,3
06/2020,Com. Var. de Mat. de Const. não Especif. Ant.,0,1,-1
06/2020,Com. a Var. de Peças e Acessórios Novos para Veíc. Autom.,3,1,2
06/2020,"Comercio Var. de Art. de Cama, Mesa e Banho",0,1,-1
06/2020,Com. Var. de Art. de Papelaria,0,1,-1
06/2020,"Com. Var. de Merc. em Geral, com Pred. de Produtos Alim. - Superm.",1,0,1
06/2020,Com. Var. de Art. de Joalheria,0,1,-1
06/2020,Com. Var. de Comb. para Veíc. Autom.,0,1,-1
06/2020,"Com. a Var. de Automóveis, Camionetas e Utilitários Novos",0,2,-2
06/2020,Com. Atac. Especial. em Outros Produtos Intermediários não Especif. Ant.,5,0,5
06/2020,Com. a Var. de Peças e Acessórios Novos para Veíc. Autom.,0,1,-1
06/2020,Com. Var. de Mat. de Const. não Especif. Ant.,1,0,1
06/2020,Com. a Var. de Motocicletas e Motonetas Novas,1,0,1
06/2020,Padaria e Confeitaria com Pred. de Revenda,0,1,-1
06/2020,"Com. Var. de Merc. em Geral, com Pred. de Produtos Alim. - Superm.",0,2,-2
06/2020,"Com. Var. de Merc. em Geral, com Pred. de Produtos Alim. - Superm.",0,2,-2
06/2020,"Com. Var. de Merc. em Geral, com Pred. de Produtos Alim. - Superm.",0,1,-1
06/2020,"Com. Var. de Merc. em Geral, com Pred. de Produtos Alim. - Superm.",4,8,-4
06/2020,"Com. Var. de Merc. em Geral, com Pred. de Produtos Alim. - Superm.",18,13,5
06/2020,"Com. Var. de Merc. em Geral, com Pred. de Produtos Alim. - Superm.",2,6,-4
06/2020,"Com. Var. de Merc. em Geral, com Pred. de Produtos Alim. - Superm.",11,17,-6
06/2020,Com. Atac. de Produtos Alim. em Geral,0,6,-6
06/2020,"Com. Var. de Merc. em Geral, com Pred. de Produtos Alim. - Superm.",2,8,-6
06/2020,"Com. Var. de Merc. em Geral, com Pred. de Produtos Alim. - Superm.",2,4,-2
06/2020,"Com. Var. de Merc. em Geral, com Pred. de Produtos Alim. - Superm.",2,4,-2
06/2020,"Com. Var. de Merc. em Geral, com Pred. de Produtos Alim. - Superm.",4,8,-4
06/2020,"Com. Var. de Merc. em Geral, com Pred. de Produtos Alim. - Superm.",10,19,-9
06/2020,Padaria e Confeitaria com Pred. de Revenda,1,2,-1
06/2020,"Com. a Var. de Automóveis, Camionetas e Utilitários Novos",0,3,-3
06/2020,Padaria e Confeitaria com Pred. de Revenda,0,1,-1
06/2020,Com. Var. de Comb. para Veíc. Autom.,0,1,-1
06/2020,"Com. Var. de Merc. em Geral, com Pred. de Produtos Alim. - Superm.",4,4,0
06/2020,"Com. Var. de Merc. em Geral, com Pred. de Produtos Alim. - Superm.",5,5,0
06/2020,"Com. Var. de Merc. em Geral, com Pred. de Produtos Alim. - Superm.",3,1,2
06/2020,"Com. Var. de Merc. em Geral, com Pred. de Produtos Alim. - Superm.",3,3,0
06/2020,"Com. Var. de Merc. em Geral, com Pred. de Produtos Alim. - Superm.",4,1,3
06/2020,"Com. Atac. de Frutas, Verduras, Raízes, Tubérculos, Hortaliças e Legumes Frescos",3,3,0
06/2020,Com. Atac. de Art. de Escritório e de Papelaria,0,1,-1
06/2020,"Com. Atac. de Máquinas, Aparelhos e Equip. para Uso Agropecuário, Partes e Peças",3,2,1
06/2020,Com. Atac. de Produtos Alim. em Geral,1,0,1
06/2020,"Com. Var. de Produtos Farmac., com Manip. de Fórmulas",1,0,1
06/2020,Com. Var. de Mat. de Const. em Geral,0,1,-1
06/2020,Com. Var. de Art. Fotográficos e para Filmagem,0,1,-1
06/2020,"Com. Var. de Produtos Farmac., com Manip. de Fórmulas",2,2,0
06/2020,Comercio Var. de Art. de Armarinho,1,0,1
06/2020,Com. a Var. de Peças e Acessórios Novos para Veíc. Autom.,1,2,-1
06/2020,Com. por Atacado de Peças e Acessórios Novos para Veíc. Autom.,0,1,-1
06/2020,Padaria e Confeitaria com Pred. de Revenda,0,2,-2
06/2020,Com. Var. de Animais Vivos e de Art. e Alimentos para Animais de Estimação,0,1,-1
06/2020,"Com. Atac. de Outras Máquinas e Equip. não Especif. Ant., Partes e Peças",1,1,0
06/2020,Com. Var. de Produtos Farmac. Homeopáticos,0,1,-1
06/2020,Com. Var. de Art. do Vestuário e Acessórios,0,1,-1
06/2020,Com. Var. de Art. do Vestuário e Acessórios,0,1,-1
06/2020,Serv. de Manutenção e Reparação Mecânica de Veíc. Autom.,2,0,2
06/2020,Com. Var. de Mat. de Const. não Especif. Ant.,0,1,-1
06/2020,"Com. a Var. de Automóveis, Camionetas e Utilitários Novos",3,6,-3
06/2020,Com. Var. de Equip. para Escritório,0,1,-1
06/2020,Com. Var. de Bebidas,0,1,-1
06/2020,Com. Var. de Art. do Vestuário e Acessórios,0,3,-3
06/2020,Com. Atac. de Outros Equip. e Art. de Uso Pessoal e Doméstico não Especif. Ant.,1,5,-4
06/2020,"Com. Atac. de Máquinas, Aparelhos e Equip. para Uso Agropecuário, Partes e Peças",4,2,2
06/2020,Com. Var. de Outros Produtos não Especif. Ant.,0,1,-1
06/2020,Com. a Var. de Peças e Acessórios Novos para Veíc. Autom.,0,1,-1
06/2020,Com. Var. de Produtos Saneantes Domissanitários,1,0,1
06/2020,"Com. Atac. de Bicicletas, Triciclos e Outros Veíc. Recreativos",1,0,1
06/2020,Com. Var. Especial. de Eletrod. e Equip. de áudio e Vídeo,0,2,-2
06/2020,Com. Var. Especial. de Eletrod. e Equip. de áudio e Vídeo,0,1,-1
06/2020,Com. Atac. de Material Elétrico,0,1,-1
06/2020,Com. a Var. de Peças e Acessórios Novos para Veíc. Autom.,0,1,-1
06/2020,"Com. Atac. de Produtos de Higiene, Limpeza e Conservação Domiciliar",0,1,-1
06/2020,Com. Var. de Outros Produtos não Especif. Ant.,0,1,-1
06/2020,Com. Var. de Brinquedos e Art. Recreativos,0,3,-3
06/2020,Com. a Var. de Peças e Acessórios Novos para Veíc. Autom.,0,1,-1
06/2020,"Com. Atac. de Cerveja, Chope e Refrigerante",3,4,-1
06/2020,Padaria e Confeitaria com Pred. de Revenda,1,1,0
06/2020,Com. Atac. de Aves Vivas e Ovos,0,1,-1
06/2020,Com. Var. de Mat. de Const. não Especif. Ant.,0,1,-1
06/2020,Com. por Atacado de Caminhões Novos e Usados,0,3,-3
06/2020,Com. a Var. de Peças e Acessórios Novos para Veíc. Autom.,0,2,-2
06/2020,Com. Atac. de Cosméticos e Produtos de Perfumaria,0,1,-1
06/2020,"Com. Atac. de Cerveja, Chope e Refrigerante",5,2,3
06/2020,"Com. Var. de Merc. em Geral, com Pred. de Produtos Alim. - Superm.",8,7,1
06/2020,"Com. Var. de Produtos Farmac., sem Manip. de Fórmulas",0,1,-1
06/2020,"Com. Var. de Produtos Farmac., sem Manip. de Fórmulas",2,1,1
06/2020,"Com. Var. de Produtos Farmac., sem Manip. de Fórmulas",3,2,1
06/2020,"Com. Var. de Produtos Farmac., sem Manip. de Fórmulas",0,1,-1
06/2020,"Com. Var. de Produtos Farmac., sem Manip. de Fórmulas",0,1,-1
06/2020,"Com. Var. de Produtos Farmac., sem Manip. de Fórmulas",0,1,-1
06/2020,"Com. Var. de Produtos Farmac., sem Manip. de Fórmulas",0,1,-1
06/2020,"Com. Var. de Produtos Farmac., sem Manip. de Fórmulas",0,2,-2
06/2020,"Com. Var. de Produtos Farmac., sem Manip. de Fórmulas",1,0,1
06/2020,"Com. Var. de Produtos Farmac., sem Manip. de Fórmulas",0,2,-2
06/2020,"Com. Var. de Produtos Farmac., sem Manip. de Fórmulas",0,1,-1
06/2020,"Com. Var. de Produtos Farmac., sem Manip. de Fórmulas",0,1,-1
06/2020,"Com. Var. de Produtos Farmac., sem Manip. de Fórmulas",0,1,-1
06/2020,"Com. Var. de Produtos Farmac., sem Manip. de Fórmulas",0,1,-1
06/2020,"Com. Var. de Produtos Farmac., sem Manip. de Fórmulas",0,1,-1
06/2020,Com. Var. de Tintas e Mat. para Pintura,0,1,-1
06/2020,"Com. Atac. de Chocolates, Confeitos, Balas, Bombons e Semelhantes",0,5,-5
06/2020,Com. Var. de Plantas e Flores Naturais,2,2,0
06/2020,Com. por Atacado de Peças e Acessórios Novos para Veíc. Autom.,1,1,0
06/2020,"Com. Var. de Produtos Farmac., sem Manip. de Fórmulas",1,0,1
06/2020,"Com. Var. de Merc. em Geral, com Pred. de Produtos Alim. - Superm.",13,25,-12
06/2020,"Com. Var. de Produtos Farmac., com Manip. de Fórmulas",0,1,-1
06/2020,Com. Atac. de Resinas e Elastômeros,0,1,-1
06/2020,Com. Var. de Outros Produtos não Especif. Ant.,1,1,0
06/2020,"Com. Var. de Produtos Farmac., sem Manip. de Fórmulas",3,1,2
06/2020,"Com. Var. de Produtos Farmac., sem Manip. de Fórmulas",1,0,1
06/2020,Com. Var. de Mat. de Const. não Especif. Ant.,4,1,3
06/2020,"Com. Var. de Merc. em Geral, com Pred. de Produtos Alim. - Superm.",3,0,3
06/2020,Com. Var. de Produtos Alim. em Geral ou Especial. em Produtos Alim. não Especif. Ant.,0,1,-1
06/2020,Com. Atac. Especial. em Outros Produtos Alim. não Especif. Ant.,0,4,-4
06/2020,Com. Var. de Mat. de Const. não Especif. Ant.,1,0,1
06/2020,Com. Atac. de Matérias-Primas Agrícolas não Especificadas Ant.,2,0,2
06/2020,Com. Atac. de Produtos Odontológicos,0,1,-1
06/2020,Padaria e Confeitaria com Pred. de Revenda,1,0,1
06/2020,Com. Var. de Brinquedos e Art. Recreativos,0,1,-1
06/2020,"Com. Var. de Produtos Farmac., sem Manip. de Fórmulas",0,1,-1
06/2020,"Com. Var. de Produtos Farmac., com Manip. de Fórmulas",2,1,1
06/2020,Com. a Var. de Peças e Acessórios Novos para Veíc. Autom.,1,0,1
06/2020,"Com. a Var. de Automóveis, Camionetas e Utilitários Novos",3,2,1
06/2020,Com. Var. de Outros Art. de Uso Doméstico não Especif. Ant.,1,2,-1
06/2020,Com. Var. de Art. de Colchoaria,1,0,1
06/2020,Com. Var. de Tintas e Mat. para Pintura,1,0,1
06/2020,Com. Var. de Outros Produtos não Especif. Ant.,0,1,-1
06/2020,Com. Var. de Outros Produtos não Especif. Ant.,1,1,0
06/2020,"Com. Atac. de Merc. em Geral, com Pred. de Insumos Agropecuários",1,2,-1
06/2020,"Com. Atac. de Cerveja, Chope e Refrigerante",0,8,-8
06/2020,"Com. Atac. de Bombas e Compressores, Partes e Peças",0,1,-1
06/2020,Com. Var. de Plantas e Flores Naturais,0,1,-1
06/2020,Com. Var. de Ferragens e Ferramentas,1,0,1
06/2020,Serv. de Manutenção e Reparação Mecânica de Veíc. Autom.,0,2,-2
06/2020,"Com. Var. de Merc. em Geral, com Pred. de Produtos Alim. - Superm.",1,2,-1
06/2020,"Com. Var. de Merc. em Geral, com Pred. de Produtos Alim. - Hipermercados",5,9,-4
06/2020,Com. a Var. de Peças e Acessórios Novos para Veíc. Autom.,1,1,0
06/2020,"Com. Var. de Merc. em Geral, com Pred. de Produtos Alim. - Hipermercados",0,1,-1
06/2020,Com. por Atacado de Motocicletas e Motonetas,0,7,-7
06/2020,Com. Var. de Art. do Vestuário e Acessórios,0,1,-1
06/2020,"Com. Var. de Produtos Farmac., com Manip. de Fórmulas",1,0,1
03/2021,Com. Var. Especial. de Equip. de Telefonia e Comunicação,0,1,-1
03/2021,Com. Var. de Mat. de Const. não Especif. Ant.,1,0,1
03/2021,"Com. Var. de Cosméticos, Produtos de Perfumaria e de Higiene Pessoal",1,0,1
03/2021,Com. Var. de Outros Produtos não Especif. Ant.,0,1,-1
03/2021,Com. Var. Especial. de Eletrod. e Equip. de áudio e Vídeo,3,6,-3
03/2021,"Com. Var. de Merc. em Geral, com Pred. de Produtos Alim. - Minimercados, Mercearias e Armazéns",0,1,-1
03/2021,Padaria e Confeitaria com Pred. de Revenda,2,1,1
03/2021,Com. Var. de Madeira e Artefatos,1,0,1
03/2021,"Com. Atac. de Lustres, Luminárias e Abajures",5,0,5
03/2021,Com. Atac. de Ferragens e Ferramentas,1,1,0
03/2021,Com. Var. de Outros Produtos não Especif. Ant.,1,0,1
03/2021,Com. Var. de Móveis,1,0,1
03/2021,"Com. Var. de Cosméticos, Produtos de Perfumaria e de Higiene Pessoal",0,1,-1
03/2021,"Com. Atac. de Frutas, Verduras, Raízes, Tubérculos, Hortaliças e Legumes Frescos",3,0,3
03/2021,"Com. Var. de Art. de Caça, Pesca e Camping",0,1,-1
03/2021,"Com. a Var. de Automóveis, Camionetas e Utilitários Usados",0,1,-1
03/2021,"Com. Var. de Produtos Farmac., com Manip. de Fórmulas",3,2,1
03/2021,Com. a Var. de Pneumáticos e Câmaras-De-Ar,1,0,1
03/2021,Com. Var. de Lubrificantes,0,1,-1
03/2021,Com. Var. Especial. de Eletrod. e Equip. de áudio e Vídeo,0,1,-1
03/2021,Com. a Var. de Peças e Acessórios Novos para Veíc. Autom.,0,1,-1
03/2021,Com. Var. de Outros Produtos não Especif. Ant.,1,0,1
03/2021,"Com. Var. de Merc. em Geral, com Pred. de Produtos Alim. - Hipermercados",2,14,-12
03/2021,"Com. a Var. de Automóveis, Camionetas e Utilitários Novos",4,4,0
03/2021,Com. Atac. de Medicamentos e Drogas de Uso Humano,64,46,18
03/2021,"Com. Var. de Produtos Farmac., sem Manip. de Fórmulas",0,1,-1
03/2021,Padaria e Confeitaria com Pred. de Revenda,0,2,-2
03/2021,Com. Atac. Especial. em Outros Produtos Intermediários não Especif. Ant.,1,1,0
03/2021,Com. Atac. de Componentes Eletrônicos e Equip. de Telefonia e Comunicação,0,1,-1
03/2021,"Com. Atac. de Produtos da Extração Mineral, Exceto Comb.",0,1,-1
03/2021,Com. a Var. de Pneumáticos e Câmaras-De-Ar,0,1,-1
03/2021,Com. Var. Especial. de Equip. e Suprimentos de Informática,1,5,-4
03/2021,Com. Atac. de Outros Equip. e Art. de Uso Pessoal e Doméstico não Especif. Ant.,1,0,1
03/2021,Com. Var. de Outros Produtos não Especif. Ant.,2,0,2
03/2021,Com. Var. de Tintas e Mat. para Pintura,0,1,-1
03/2021,Com. Var. de Lubrificantes,0,1,-1
03/2021,Com. Atac. de Resíduos e Sucatas Metálicos,0,1,-1
03/2021,Com. Atac. de Carnes Bovinas e Suínas e Derivados,15,3,12
03/2021,"Com. Var. de Merc. em Geral, com Pred. de Produtos Alim. - Minimercados, Mercearias e Armazéns",2,2,0
03/2021,Com. por Atacado de Peças e Acessórios Novos para Veíc. Autom.,1,0,1
03/2021,Com. Var. de Mat. de Const. não Especif. Ant.,1,0,1
03/2021,Com. por Atacado de Peças e Acessórios Novos para Veíc. Autom.,2,2,0
03/2021,"Com. Var. de Merc. em Geral, com Pred. de Produtos Alim. - Minimercados, Mercearias e Armazéns",1,0,1
03/2021,Com. por Atacado de Pneumáticos e Câmaras-De-Ar,3,0,3
03/2021,Com. Atac. de Resíduos de Papel e Papelão,1,0,1
03/2021,Com. Var. de Mat. de Const. não Especif. Ant.,2,1,1
03/2021,Com. Var. de Mat. de Const. não Especif. Ant.,0,1,-1
03/2021,Com. Var. de Art. do Vestuário e Acessórios,0,1,-1
03/2021,"Com. Atac. de Bicicletas, Triciclos e Outros Veíc. Recreativos",2,0,2
03/2021,Com. Var. Especial. de Equip. e Suprimentos de Informática,1,1,0
03/2021,Com. Var. de Art. Esportivos,0,1,-1
03/2021,Com. Var. de Outros Produtos não Especif. Ant.,0,1,-1
03/2021,Com. Var. de Art. do Vestuário e Acessórios,0,1,-1
03/2021,"Com. a Var. de Automóveis, Camionetas e Utilitários Novos",1,0,1
03/2021,Com. Var. de Móveis,1,0,1
03/2021,Representantes Comerciais e Agentes do Com. de Merc. em Geral não Especial.,1,0,1
03/2021,Com. Var. de Outros Produtos não Especif. Ant.,1,0,1
03/2021,"Com. a Var. de Automóveis, Camionetas e Utilitários Novos",1,1,0
03/2021,Com. Var. de Outros Produtos não Especif. Ant.,1,0,1
03/2021,Com. Var. de Produtos Alim. em Geral ou Especial. em Produtos Alim. não Especif. Ant.,0,1,-1
03/2021,Com. Var. de Mat. de Const. não Especif. Ant.,0,1,-1
03/2021,Com. a Var. de Pneumáticos e Câmaras-De-Ar,1,0,1
03/2021,Com. Var. de Art. do Vestuário e Acessórios,0,2,-2
03/2021,Com. Var. de Carnes - Açougues,0,1,-1
03/2021,Com. Var. de Outros Produtos não Especif. Ant.,2,1,1
03/2021,"Comercio Var. de Art. de Cama, Mesa e Banho",1,0,1
03/2021,Com. Var. de Tintas e Mat. para Pintura,2,0,2
03/2021,"Com. Var. de Suvenires, Bijuterias e Artesanatos",0,1,-1
03/2021,"Com. Var. de Produtos Farmac., com Manip. de Fórmulas",1,2,-1
03/2021,"Com. Var. de Produtos Farmac., sem Manip. de Fórmulas",1,1,0
03/2021,Com. Var. Especial. de Equip. de Telefonia e Comunicação,1,0,1
03/2021,Com. Atac. Especial. em Outros Produtos Intermediários não Especif. Ant.,1,0,1
03/2021,Com. Atac. de Cosméticos e Produtos de Perfumaria,1,4,-3
03/2021,"Com. Var. de Cosméticos, Produtos de Perfumaria e de Higiene Pessoal",0,1,-1
03/2021,Com. Var. de Mat. de Const. em Geral,1,2,-1
03/2021,Com. Var. de Art. do Vestuário e Acessórios,2,0,2
03/2021,"Com. Var. de Merc. em Geral, com Pred. de Produtos Alim. - Superm.",1,1,0
03/2021,"Com. Var. de Merc. em Geral, com Pred. de Produtos Alim. - Superm.",3,3,0
03/2021,"Com. Var. de Merc. em Geral, com Pred. de Produtos Alim. - Minimercados, Mercearias e Armazéns",0,2,-2
03/2021,"Comercio Var. de Art. de Cama, Mesa e Banho",0,1,-1
03/2021,Com. a Var. de Peças e Acessórios Novos para Veíc. Autom.,1,0,1
03/2021,Com. Var. de Hortifrutigranjeiros,1,0,1
03/2021,Com. Var. de Art. do Vestuário e Acessórios,1,0,1
03/2021,Com. Var. de Móveis,1,0,1
03/2021,Comercio Var. de Art. de Armarinho,1,0,1
03/2021,Comercio Var. de Art. de Armarinho,0,1,-1
03/2021,Com. Var. de Mat. de Const. não Especif. Ant.,2,1,1
03/2021,"Com. Var. de Doces, Balas, Bombons e Semelhantes",0,1,-1
03/2021,Com. Var. de Produtos Saneantes Domissanitários,1,0,1
03/2021,Com. Var. de Mat. de Const. não Especif. Ant.,2,1,1
03/2021,Com. Atac. de Sorvetes,6,6,0
03/2021,Com. Atac. de Outros Equip. e Art. de Uso Pessoal e Doméstico não Especif. Ant.,0,3,-3
03/2021,"Com. Var. de Produtos Farmac., sem Manip. de Fórmulas",2,0,2
03/2021,Com. Var. de Art. do Vestuário e Acessórios,1,1,0
03/2021,Com. Atac. de Ferragens e Ferramentas,1,2,-1
03/2021,Com. Var. de Outros Produtos não Especif. Ant.,1,1,0
03/2021,Com. a Var. de Peças e Acessórios Novos para Veíc. Autom.,1,0,1
03/2021,Serv. de Manutenção e Reparação Mecânica de Veíc. Autom.,0,1,-1
03/2021,Com. Var. de Art. do Vestuário e Acessórios,0,1,-1
03/2021,Com. Var. de Plantas e Flores Naturais,2,1,1
03/2021,Com. por Atacado de Peças e Acessórios para Motocicletas e Motonetas,2,0,2
03/2021,"Com. a Var. de Automóveis, Camionetas e Utilitários Novos",3,0,3
03/2021,Com. Var. Especial. de Eletrod. e Equip. de áudio e Vídeo,0,2,-2
03/2021,Com. Var. de Comb. para Veíc. Autom.,1,2,-1
03/2021,Com. Atac. de Produtos Alim. em Geral,12,10,2
03/2021,"Com. Var. Especial. de Peças e Acessórios para Aparelhos Eletroeletrônicos para Uso Doméstico, Exceto Informática e Comunicação",0,1,-1
03/2021,Com. Var. Especial. de Equip. e Suprimentos de Informática,1,0,1
03/2021,Com. Var. de Equip. para Escritório,0,1,-1
03/2021,Com. Var. de Mat. de Const. não Especif. Ant.,0,1,-1
03/2021,"Com. a Var. de Automóveis, Camionetas e Utilitários Usados",0,1,-1
03/2021,Com. Var. de Plantas e Flores Naturais,0,1,-1
03/2021,Com. Var. de Outros Produtos não Especif. Ant.,3,2,1
03/2021,Serv. de Manutenção e Reparação Mecânica de Veíc. Autom.,2,1,1
03/2021,Com. Var. de Equip. para Escritório,8,1,7
03/2021,Com. Var. Especial. de Eletrod. e Equip. de áudio e Vídeo,2,2,0
03/2021,"Com. Var. Especial. de Peças e Acessórios para Aparelhos Eletroeletrônicos para Uso Doméstico, Exceto Informática e Comunicação",0,1,-1
03/2021,"Com. Atac. de Máquinas, Aparelhos e Equip. para Uso Odonto-Médico-Hospitalar, Partes e Peças",0,1,-1
03/2021,Com. Var. de Hortifrutigranjeiros,2,11,-9
03/2021,Com. Var. de Hortifrutigranjeiros,1,2,-1
03/2021,"Com. a Var. de Automóveis, Camionetas e Utilitários Novos",1,0,1
03/2021,Com. Atac. Especial. em Outros Produtos Intermediários não Especif. Ant.,0,1,-1
03/2021,Serv. de Lanternagem ou Funilaria e Pintura de Veíc. Autom.,0,2,-2
03/2021,Com. Var. de Produtos Alim. em Geral ou Especial. em Produtos Alim. não Especif. Ant.,2,1,1
03/2021,Com. a Var. de Peças e Acessórios Novos para Veíc. Autom.,4,2,2
03/2021,Com. Var. de Comb. para Veíc. Autom.,1,1,0
03/2021,"Com. a Var. de Automóveis, Camionetas e Utilitários Novos",2,7,-5
03/2021,Com. Var. de Art. do Vestuário e Acessórios,0,1,-1
03/2021,Serv. de Manutenção e Reparação Mecânica de Veíc. Autom.,1,0,1
03/2021,Com. Atac. de Resíduos e Sucatas Metálicos,1,1,0
03/2021,Com. Var. de Carnes - Açougues,0,1,-1
03/2021,Comercio Var. de Art. de Armarinho,1,0,1
03/2021,Com. Var. de Art. Fotográficos e para Filmagem,1,0,1
03/2021,Com. Var. de Art. do Vestuário e Acessórios,0,2,-2
03/2021,Com. Var. de Madeira e Artefatos,2,3,-1
03/2021,Com. a Var. de Motocicletas e Motonetas Novas,1,1,0
03/2021,Padaria e Confeitaria com Pred. de Revenda,1,1,0
03/2021,Com. Var. de Art. de óptica,0,1,-1
03/2021,"Com. Atac. de Outras Máquinas e Equip. não Especif. Ant., Partes e Peças",0,1,-1
03/2021,"Com. Atac. de Resíduos e Sucatas Não-Metálicos, Exceto de Papel e Papelão",2,1,1
03/2021,"Com. Atac. de Merc. em Geral, sem Pred. de Alimentos ou de Insumos Agropecuários",1,0,1
03/2021,"Com. Var. de Merc. em Geral, com Pred. de Produtos Alim. - Superm.",11,8,3
03/2021,Com. Var. de Art. de óptica,0,2,-2
03/2021,Com. Var. Especial. de Eletrod. e Equip. de áudio e Vídeo,2,0,2
03/2021,Com. Var. de Outros Produtos não Especif. Ant.,1,0,1
03/2021,Com. Var. de Art. do Vestuário e Acessórios,0,1,-1
03/2021,Com. Var. de Tintas e Mat. para Pintura,1,0,1
03/2021,Com. Atac. de Produtos Alim. em Geral,1,1,0
03/2021,Com. Var. de Mat. de Const. em Geral,1,0,1
03/2021,Com. Var. de Outros Art. de Uso Doméstico não Especif. Ant.,0,5,-5
03/2021,Com. Var. de Outros Art. de Uso Doméstico não Especif. Ant.,0,4,-4
03/2021,Com. Var. de Outros Art. de Uso Doméstico não Especif. Ant.,0,4,-4
03/2021,Com. Atac. de Outros Equip. e Art. de Uso Pessoal e Doméstico não Especif. Ant.,13,4,9
03/2021,Com. Var. de Livros,0,3,-3
03/2021,Com. Var. de Mat. de Const. em Geral,1,0,1
03/2021,Serv. de Manutenção e Reparação Mecânica de Veíc. Autom.,0,1,-1
03/2021,"Com. Var. de Merc. em Geral, com Pred. de Produtos Alim. - Minimercados, Mercearias e Armazéns",3,2,1
03/2021,Com. Var. de Animais Vivos e de Art. e Alimentos para Animais de Estimação,0,1,-1
03/2021,"Com. Atac. de Instrumentos e Mat. para Uso Médico, Cirúrgico, Hospitalar e de Laboratórios",0,1,-1
03/2021,"Com. Var. de Merc. em Geral, com Pred. de Produtos Alim. - Superm.",4,0,4
03/2021,"Com. Var. de Merc. em Geral, com Pred. de Produtos Alim. - Hipermercados",6,11,-5
03/2021,"Com. Var. de Merc. em Geral, com Pred. de Produtos Alim. - Superm.",0,2,-2
03/2021,"Com. a Var. de Automóveis, Camionetas e Utilitários Usados",2,1,1
03/2021,Com. Var. Especial. de Equip. e Suprimentos de Informática,0,1,-1
03/2021,Com. Var. de Ferragens e Ferramentas,0,1,-1
03/2021,Com. Var. Especial. de Eletrod. e Equip. de áudio e Vídeo,0,1,-1
03/2021,Com. a Var. de Peças e Acessórios Novos para Veíc. Autom.,1,0,1
03/2021,Com. Var. de Mat. de Const. não Especif. Ant.,1,0,1
03/2021,Com. Var. de Art. do Vestuário e Acessórios,0,1,-1
03/2021,Com. Var. de Outros Art. de Uso Doméstico não Especif. Ant.,1,1,0
03/2021,Com. a Var. de Peças e Acessórios Novos para Veíc. Autom.,2,0,2
03/2021,Com. Var. de Art. do Vestuário e Acessórios,1,0,1
03/2021,"Com. Var. de Merc. em Geral, com Pred. de Produtos Alim. - Minimercados, Mercearias e Armazéns",6,3,3
03/2021,Com. Var. de Plantas e Flores Naturais,2,0,2
03/2021,Com. Var. de Plantas e Flores Naturais,0,2,-2
03/2021,Com. Var. de Art. Esportivos,0,1,-1
03/2021,Com. Var. de Art. do Vestuário e Acessórios,0,1,-1
03/2021,"Com. Atac. de Resíduos e Sucatas Não-Metálicos, Exceto de Papel e Papelão",1,0,1
03/2021,"Com. Var. de Merc. em Geral, com Pred. de Produtos Alim. - Superm.",23,11,12
03/2021,"Lojas de Variedades, Exceto Lojas de Dep. ou Magazines",0,1,-1
03/2021,"Com. Var. de Bicicletas e Triciclos, Peças e Acessórios",4,2,2
03/2021,Com. Var. de Comb. para Veíc. Autom.,2,0,2
03/2021,"Com. Atac. de Máquinas e Equip. para Uso Industrial, Partes e Peças",1,0,1
03/2021,Com. a Var. de Peças e Acessórios Novos para Veíc. Autom.,0,1,-1
03/2021,Com. Var. de Art. do Vestuário e Acessórios,9,2,7
03/2021,Com. a Var. de Peças e Acessórios Novos para Veíc. Autom.,1,0,1
03/2021,Com. a Var. de Peças e Acessórios Novos para Veíc. Autom.,1,0,1
03/2021,Com. a Var. de Peças e Acessórios Novos para Veíc. Autom.,0,1,-1
03/2021,Com. Var. de Art. de óptica,1,0,1
03/2021,"Com. Atac. de Frutas, Verduras, Raízes, Tubérculos, Hortaliças e Legumes Frescos",1,5,-4
03/2021,Com. Var. de Mat. de Const. em Geral,1,0,1
03/2021,"Com. Atac. de Produtos Siderúrgicos e Metalúrgicos, Exceto para Const.",0,1,-1
03/2021,Com. Var. de Comb. para Veíc. Autom.,1,0,1
03/2021,Representantes Comerciais e Agentes do Com. de Merc. em Geral não Especial.,1,0,1
03/2021,"Com. Var. de Produtos Farmac., sem Manip. de Fórmulas",1,0,1
03/2021,Com. Atac. de Componentes Eletrônicos e Equip. de Telefonia e Comunicação,1,1,0
03/2021,Com. Var. de Mat. Hidráulicos,0,2,-2
03/2021,Com. Var. de Comb. para Veíc. Autom.,2,2,0
03/2021,"Com. Atac. de Cerveja, Chope e Refrigerante",6,5,1
03/2021,Com. Var. de Madeira e Artefatos,1,0,1
03/2021,Serv. de Manutenção e Reparação Mecânica de Veíc. Autom.,1,0,1
03/2021,Com. Var. de Art. de Iluminação,4,2,2
03/2021,"Representantes Comerciais e Agentes do Com. de Produtos Alim., Bebidas e Fumo",0,1,-1
03/2021,Padaria e Confeitaria com Pred. de Revenda,1,2,-1
03/2021,Com. Var. de Outros Art. de Uso Doméstico não Especif. Ant.,0,1,-1
03/2021,Com. Var. de Art. de óptica,1,0,1
03/2021,Serv. de Manutenção e Reparação Mecânica de Veíc. Autom.,0,2,-2
03/2021,"Com. Var. de Cosméticos, Produtos de Perfumaria e de Higiene Pessoal",2,1,1
03/2021,Com. Var. de Art. de Colchoaria,0,1,-1
03/2021,Com. Var. de Art. do Vestuário e Acessórios,1,0,1
03/2021,Com. Var. de Material Elétrico,0,2,-2
03/2021,"Com. a Var. de Automóveis, Camionetas e Utilitários Novos",1,1,0
03/2021,Com. Var. Especial. de Eletrod. e Equip. de áudio e Vídeo,1,2,-1
03/2021,Com. Var. Especial. de Eletrod. e Equip. de áudio e Vídeo,0,2,-2
03/2021,Com. Var. de Outros Produtos não Especif. Ant.,3,1,2
03/2021,Com. Atac. de Produtos Alim. em Geral,0,1,-1
03/2021,"Com. Var. de Doces, Balas, Bombons e Semelhantes",0,1,-1
03/2021,Com. a Var. de Peças e Acessórios Novos para Veíc. Autom.,0,1,-1
03/2021,Com. Var. de Art. do Vestuário e Acessórios,0,1,-1
03/2021,Com. Var. Especial. de Equip. e Suprimentos de Informática,2,0,2
03/2021,Com. Var. Especial. de Equip. e Suprimentos de Informática,0,1,-1
03/2021,Com. Var. de Ferragens e Ferramentas,4,1,3
03/2021,Com. Atac. de Embalagens,1,1,0
03/2021,"Com. Var. de Produtos Farmac., sem Manip. de Fórmulas",1,0,1
03/2021,Comercio Var. de Art. de Armarinho,0,3,-3
03/2021,Com. Var. de Outros Art. de Uso Doméstico não Especif. Ant.,1,0,1
03/2021,Com. Var. de Produtos Alim. em Geral ou Especial. em Produtos Alim. não Especif. Ant.,2,1,1
03/2021,Com. Var. Especial. de Equip. de Telefonia e Comunicação,0,1,-1
03/2021,Com. Var. de Comb. para Veíc. Autom.,0,1,-1
03/2021,Com. Var. de Comb. para Veíc. Autom.,2,2,0
03/2021,Com. Var. de Outros Art. de Uso Doméstico não Especif. Ant.,1,0,1
03/2021,Com. Var. de Comb. para Veíc. Autom.,1,0,1
03/2021,"Com. Var. de Merc. em Geral, com Pred. de Produtos Alim. - Minimercados, Mercearias e Armazéns",0,1,-1
03/2021,Com. a Var. de Peças e Acessórios Novos para Veíc. Autom.,1,1,0
03/2021,Com. Var. de Ferragens e Ferramentas,4,1,3
03/2021,Com. Var. de Mat. de Const. em Geral,1,0,1
03/2021,Com. Var. de Animais Vivos e de Art. e Alimentos para Animais de Estimação,1,0,1
03/2021,Com. Var. de Produtos Alim. em Geral ou Especial. em Produtos Alim. não Especif. Ant.,2,5,-3
03/2021,"Com. Atac. de Máquinas e Equip. para Uso Industrial, Partes e Peças",2,0,2
03/2021,"Com. Var. de Doces, Balas, Bombons e Semelhantes",1,0,1
03/2021,Com. Var. de Art. Médicos e Ortopédicos,2,0,2
03/2021,Com. Var. de Art. do Vestuário e Acessórios,0,1,-1
03/2021,Com. Var. de Móveis,1,0,1
03/2021,Com. Var. de Calçados,0,1,-1
03/2021,Padaria e Confeitaria com Pred. de Revenda,0,1,-1
03/2021,Com. a Var. de Peças e Acessórios Novos para Veíc. Autom.,1,0,1
03/2021,Com. Var. de Produtos Alim. em Geral ou Especial. em Produtos Alim. não Especif. Ant.,5,7,-2
03/2021,Com. Var. de Art. de Iluminação,0,1,-1
03/2021,Com. Var. de Outros Produtos não Especif. Ant.,2,2,0
03/2021,Com. Atac. de Embalagens,5,3,2
03/2021,Com. a Var. de Peças e Acessórios Novos para Veíc. Autom.,0,1,-1
03/2021,Com. Var. de Gás LiqüEfeito de Petróleo (Glp),0,1,-1
03/2021,"Com. a Var. de Automóveis, Camionetas e Utilitários Novos",1,2,-1
03/2021,Com. Var. de Outros Produtos não Especif. Ant.,0,2,-2
03/2021,Com. Var. de Móveis,1,4,-3
03/2021,Com. Var. de Comb. para Veíc. Autom.,1,0,1
03/2021,Com. Var. de Comb. para Veíc. Autom.,2,2,0
03/2021,Com. Var. de Produtos Saneantes Domissanitários,6,2,4
03/2021,Com. Var. de Móveis,1,1,0
03/2021,"Com. Var. de Produtos Farmac., sem Manip. de Fórmulas",2,0,2
03/2021,"Com. Var. de Cosméticos, Produtos de Perfumaria e de Higiene Pessoal",0,2,-2
03/2021,Com. Var. de Carnes - Açougues,1,1,0
03/2021,Com. Var. de Outros Produtos não Especif. Ant.,0,1,-1
03/2021,"Com. a Var. de Automóveis, Camionetas e Utilitários Usados",0,1,-1
03/2021,Com. a Var. de Peças e Acessórios Novos para Veíc. Autom.,1,0,1
03/2021,"Com. a Var. de Automóveis, Camionetas e Utilitários Novos",0,1,-1
03/2021,Com. Atac. de Embalagens,5,3,2
03/2021,Com. Var. de Hortifrutigranjeiros,5,10,-5
03/2021,"Com. Atac. de Frutas, Verduras, Raízes, Tubérculos, Hortaliças e Legumes Frescos",0,5,-5
03/2021,Com. Var. de Hortifrutigranjeiros,9,9,0
03/2021,Com. Var. Especial. de Equip. e Suprimentos de Informática,0,1,-1
03/2021,"Com. Var. de Cosméticos, Produtos de Perfumaria e de Higiene Pessoal",0,1,-1
03/2021,Outros Representantes Comerciais e Agentes do Com. Especial. em Produtos não Especif. Ant.,1,0,1
03/2021,"Com. Atac. de Merc. em Geral, com Pred. de Produtos Alim.",6,6,0
03/2021,Com. Var. de Art. do Vestuário e Acessórios,0,1,-1
03/2021,Com. Var. de Laticínios e Frios,0,1,-1
03/2021,Serv. de Borracharia para Veíc. Autom.,0,1,-1
03/2021,Com. Var. de Comb. para Veíc. Autom.,0,1,-1
03/2021,"Com. Atac. de Frutas, Verduras, Raízes, Tubérculos, Hortaliças e Legumes Frescos",0,1,-1
03/2021,"Com. Atac. de Livros, Jornais e Outras Publicações",1,0,1
03/2021,"Com. a Var. de Automóveis, Camionetas e Utilitários Novos",1,2,-1
03/2021,Serv. de Alinhamento e Balanceamento de Veíc. Autom.,1,1,0
03/2021,Com. Var. de Móveis,10,4,6
03/2021,Com. Var. de Móveis,1,0,1
03/2021,"Lojas de Variedades, Exceto Lojas de Dep. ou Magazines",0,1,-1
03/2021,"Com. Var. de Cosméticos, Produtos de Perfumaria e de Higiene Pessoal",0,1,-1
03/2021,Com. a Var. de Peças e Acessórios Novos para Veíc. Autom.,1,0,1
03/2021,Com. Var. de Lubrificantes,1,0,1
03/2021,Com. Var. de Comb. para Veíc. Autom.,1,2,-1
03/2021,"Com. Var. de Produtos Farmac., sem Manip. de Fórmulas",0,1,-1
03/2021,"Com. Var. de Merc. em Geral, com Pred. de Produtos Alim. - Minimercados, Mercearias e Armazéns",3,2,1
03/2021,Com. Atac. de Resíduos e Sucatas Metálicos,1,0,1
03/2021,Com. Var. de Art. do Vestuário e Acessórios,0,1,-1
03/2021,Com. a Var. de Peças e Acessórios Novos para Veíc. Autom.,0,1,-1
03/2021,"Com. Var. de Merc. em Geral, com Pred. de Produtos Alim. - Minimercados, Mercearias e Armazéns",0,1,-1
03/2021,"Com. Atac. de Outras Máquinas e Equip. não Especif. Ant., Partes e Peças",0,1,-1
03/2021,Com. Atac. de Alimentos para Animais,6,3,3
03/2021,Com. Var. de Art. do Vestuário e Acessórios,0,8,-8
03/2021,Com. por Atacado de Caminhões Novos e Usados,2,0,2
03/2021,Com. Var. de Outros Produtos não Especif. Ant.,8,2,6
03/2021,Com. Var. de Produtos Saneantes Domissanitários,0,1,-1
03/2021,Com. Var. de Art. de Papelaria,3,1,2
03/2021,Com. Var. de Art. do Vestuário e Acessórios,0,1,-1
03/2021,Com. Var. de Art. do Vestuário e Acessórios,0,2,-2
03/2021,Com. Var. de Madeira e Artefatos,2,0,2
03/2021,Com. Var. de Art. do Vestuário e Acessórios,1,0,1
03/2021,Com. Var. de Art. Médicos e Ortopédicos,0,1,-1
03/2021,Com. Var. de Art. do Vestuário e Acessórios,1,0,1
03/2021,Com. Var. de Comb. para Veíc. Autom.,1,0,1
03/2021,Com. Atac. de Outros Equip. e Art. de Uso Pessoal e Doméstico não Especif. Ant.,2,1,1
03/2021,"Serv. de Instalação, Manutenção e Reparação de Acessórios para Veíc. Autom.",4,2,2
03/2021,Com. Var. de Plantas e Flores Naturais,4,0,4
03/2021,Com. Var. de Calçados,1,0,1
03/2021,Com. Var. de Art. do Vestuário e Acessórios,1,3,-2
03/2021,Serv. de Manutenção e Reparação Mecânica de Veíc. Autom.,0,13,-13
03/2021,Com. Var. de Comb. para Veíc. Autom.,1,0,1
03/2021,Com. Var. de Carnes - Açougues,1,0,1
03/2021,"Com. Var. de Produtos Farmac., sem Manip. de Fórmulas",0,1,-1
03/2021,Com. a Var. de Peças e Acessórios Novos para Veíc. Autom.,0,1,-1
03/2021,"Lojas de Variedades, Exceto Lojas de Dep. ou Magazines",0,1,-1
03/2021,Com. Var. de Art. do Vestuário e Acessórios,1,3,-2
03/2021,Com. Var. de Art. do Vestuário e Acessórios,0,1,-1
03/2021,Com. Var. de Art. do Vestuário e Acessórios,1,0,1
03/2021,Com. Var. de Mat. de Const. em Geral,2,2,0
03/2021,Com. Var. de Outros Art. de Uso Doméstico não Especif. Ant.,1,0,1
03/2021,Com. Var. de Ferragens e Ferramentas,2,0,2
03/2021,Representantes Comerciais e Agentes do Com. de Merc. em Geral não Especial.,1,1,0
03/2021,Com. Var. de Vidros,3,2,1
03/2021,Com. Var. de Jornais e Revistas,1,0,1
03/2021,"Com. Var. de Cosméticos, Produtos de Perfumaria e de Higiene Pessoal",0,1,-1
03/2021,Com. por Atacado de Peças e Acessórios Novos para Veíc. Autom.,2,1,1
03/2021,"Com. Atac. de Merc. em Geral, com Pred. de Produtos Alim.",18,16,2
03/2021,Com. Atac. Especial. em Outros Produtos Alim. não Especif. Ant.,3,0,3
03/2021,Com. Var. de Brinquedos e Art. Recreativos,0,1,-1
03/2021,Representantes Comerciais e Agentes do Com. de Merc. em Geral não Especial.,1,0,1
03/2021,Com. Var. de Art. de óptica,0,1,-1
03/2021,"Com. Var. de Merc. em Geral, com Pred. de Produtos Alim. - Minimercados, Mercearias e Armazéns",1,1,0
03/2021,Com. Atac. Especial. em Outros Produtos Intermediários não Especif. Ant.,2,1,1
03/2021,"Com. Atac. de Outras Máquinas e Equip. não Especif. Ant., Partes e Peças",5,3,2
03/2021,Com. Var. de Lubrificantes,0,1,-1
03/2021,"Com. Atac. de Cereais e Leguminosas Beneficiados, Farinhas, Amidos e Féculas, com Atividade de Fracionamento e Acondicionamento Associada",1,0,1
03/2021,Com. Var. de Art. do Vestuário e Acessórios,0,1,-1
03/2021,Com. Atac. de Embalagens,0,2,-2
03/2021,Com. a Var. de Peças e Acessórios Novos para Veíc. Autom.,1,1,0
03/2021,Com. Var. de Gás LiqüEfeito de Petróleo (Glp),0,1,-1
03/2021,"Com. Var. de Bicicletas e Triciclos, Peças e Acessórios",0,1,-1
03/2021,Com. Var. de Outros Produtos não Especif. Ant.,0,3,-3
03/2021,Com. a Var. de Peças e Acessórios Usados para Veíc. Autom.,2,7,-5
03/2021,Com. Var. Especial. de Eletrod. e Equip. de áudio e Vídeo,2,1,1
03/2021,Com. a Var. de Pneumáticos e Câmaras-De-Ar,1,1,0
03/2021,"Com. Var. de Produtos Farmac., sem Manip. de Fórmulas",2,1,1
03/2021,Com. Var. de Ferragens e Ferramentas,0,1,-1
03/2021,Com. Var. de Móveis,4,4,0
03/2021,Com. Var. de Art. do Vestuário e Acessórios,0,2,-2
03/2021,"Serv. de Instalação, Manutenção e Reparação de Acessórios para Veíc. Autom.",1,0,1
03/2021,Com. Var. de Mat. de Const. em Geral,1,2,-1
03/2021,Com. Var. de Art. do Vestuário e Acessórios,0,1,-1
03/2021,Com. a Var. de Peças e Acessórios Novos para Veíc. Autom.,4,1,3
03/2021,Com. Var. de Livros,0,1,-1
03/2021,Com. Var. de Animais Vivos e de Art. e Alimentos para Animais de Estimação,1,0,1
03/2021,Com. Atac. de Alimentos para Animais,2,1,1
03/2021,Com. Var. de Produtos Alim. em Geral ou Especial. em Produtos Alim. não Especif. Ant.,0,1,-1
03/2021,"Lojas de Variedades, Exceto Lojas de Dep. ou Magazines",0,1,-1
03/2021,Com. Var. de Art. do Vestuário e Acessórios,0,1,-1
03/2021,Com. Var. de Tintas e Mat. para Pintura,0,2,-2
03/2021,Com. Var. de Mat. de Const. em Geral,0,1,-1
03/2021,"Com. Var. de Doces, Balas, Bombons e Semelhantes",18,6,12
03/2021,"Com. Atac. de Chocolates, Confeitos, Balas, Bombons e Semelhantes",7,1,6
03/2021,Com. Var. de Móveis,2,0,2
03/2021,Com. Var. de Móveis,1,0,1
03/2021,"Com. Atac. de Merc. em Geral, sem Pred. de Alimentos ou de Insumos Agropecuários",1,0,1
03/2021,"Com. Var. Especial. de Peças e Acessórios para Aparelhos Eletroeletrônicos para Uso Doméstico, Exceto Informática e Comunicação",0,2,-2
03/2021,Com. Var. de Calçados,0,5,-5
03/2021,Serv. de Lanternagem ou Funilaria e Pintura de Veíc. Autom.,1,0,1
03/2021,Com. Var. de Art. do Vestuário e Acessórios,0,1,-1
03/2021,Serv. de Lanternagem ou Funilaria e Pintura de Veíc. Autom.,0,1,-1
03/2021,Com. Var. de Calçados,0,7,-7
03/2021,Com. Var. de Art. do Vestuário e Acessórios,1,1,0
03/2021,Com. Var. de Calçados,0,1,-1
03/2021,Comercio Var. de Art. de Armarinho,2,2,0
03/2021,"Com. Var. de Merc. em Geral, com Pred. de Produtos Alim. - Minimercados, Mercearias e Armazéns",0,2,-2
03/2021,Padaria e Confeitaria com Pred. de Revenda,0,1,-1
03/2021,Com. Var. de Art. do Vestuário e Acessórios,0,1,-1
03/2021,Com. Var. de Art. de óptica,2,1,1
03/2021,Com. Var. de Art. do Vestuário e Acessórios,0,1,-1
03/2021,Com. Var. de Material Elétrico,1,0,1
03/2021,"Com. Var. de Merc. em Geral, com Pred. de Produtos Alim. - Superm.",0,1,-1
03/2021,Com. Var. Especial. de Equip. e Suprimentos de Informática,3,2,1
03/2021,"Com. Var. de Suvenires, Bijuterias e Artesanatos",1,0,1
03/2021,"Serv. de Lavagem, Lubrificação e Polimento de Veíc. Autom.",9,14,-5
03/2021,Com. Var. de Art. do Vestuário e Acessórios,0,1,-1
03/2021,"Com. Var. de Doces, Balas, Bombons e Semelhantes",1,1,0
03/2021,"Com. Atac. de Máquinas e Equip. para Uso Industrial, Partes e Peças",4,5,-1
03/2021,Com. por Atacado de Motocicletas e Motonetas,0,1,-1
03/2021,Com. Var. Especial. de Equip. de Telefonia e Comunicação,0,1,-1
03/2021,Com. Var. de Calçados,2,0,2
03/2021,Com. Var. de Tintas e Mat. para Pintura,0,1,-1
03/2021,"Com. Var. de Produtos Farmac., com Manip. de Fórmulas",1,4,-3
03/2021,Com. Var. de Outros Produtos não Especif. Ant.,1,1,0
03/2021,Com. Var. Especial. de Equip. de Telefonia e Comunicação,1,1,0
03/2021,Com. Var. Especial. de Eletrod. e Equip. de áudio e Vídeo,1,0,1
03/2021,Com. Var. de Plantas e Flores Naturais,2,0,2
03/2021,Com. Atac. de Carnes Bovinas e Suínas e Derivados,0,1,-1
03/2021,Com. Var. de Animais Vivos e de Art. e Alimentos para Animais de Estimação,1,0,1
03/2021,Com. a Var. de Peças e Acessórios Novos para Veíc. Autom.,1,0,1
03/2021,Com. Var. de Art. do Vestuário e Acessórios,0,1,-1
03/2021,"Lojas de Variedades, Exceto Lojas de Dep. ou Magazines",1,2,-1
03/2021,Com. Var. de Lubrificantes,2,0,2
03/2021,"Com. Atac. de Art. do Vestuário e Acessórios, Exceto Profissionais e de Segurança",0,1,-1
03/2021,Com. Var. Especial. de Equip. e Suprimentos de Informática,1,1,0
03/2021,Com. Var. de Animais Vivos e de Art. e Alimentos para Animais de Estimação,1,0,1
03/2021,Com. Var. de Art. de Joalheria,0,2,-2
03/2021,Com. Var. de Art. do Vestuário e Acessórios,0,1,-1
03/2021,Com. Var. de Hortifrutigranjeiros,1,1,0
03/2021,Com. Var. de Outros Produtos não Especif. Ant.,1,0,1
03/2021,Serv. de Manutenção e Reparação Mecânica de Veíc. Autom.,1,1,0
03/2021,"Com. Var. de Merc. em Geral, com Pred. de Produtos Alim. - Minimercados, Mercearias e Armazéns",1,1,0
03/2021,Com. Var. Especial. de Eletrod. e Equip. de áudio e Vídeo,0,1,-1
03/2021,"Com. Var. de Suvenires, Bijuterias e Artesanatos",0,1,-1
03/2021,Com. Var. de Art. de óptica,0,1,-1
03/2021,Com. Var. de Mat. de Const. em Geral,1,0,1
03/2021,Com. Var. de Livros,0,2,-2
03/2021,Com. Var. de Carnes - Açougues,0,1,-1
03/2021,Serv. de Lanternagem ou Funilaria e Pintura de Veíc. Autom.,0,1,-1
03/2021,Com. Atac. de Componentes Eletrônicos e Equip. de Telefonia e Comunicação,5,1,4
03/2021,Com. Var. Especial. de Equip. de Telefonia e Comunicação,0,1,-1
03/2021,Com. Var. de Madeira e Artefatos,1,0,1
03/2021,"Lojas de Variedades, Exceto Lojas de Dep. ou Magazines",0,2,-2
03/2021,Serv. de Manutenção e Reparação Mecânica de Veíc. Autom.,1,0,1
03/2021,Padaria e Confeitaria com Pred. de Revenda,1,1,0
03/2021,Padaria e Confeitaria com Pred. de Revenda,1,0,1
03/2021,Com. Var. de Art. de óptica,0,1,-1
03/2021,Padaria e Confeitaria com Pred. de Revenda,2,1,1
03/2021,Com. Var. de Art. de Joalheria,1,0,1
03/2021,Com. Var. de Art. do Vestuário e Acessórios,1,0,1
03/2021,Com. Var. de Art. do Vestuário e Acessórios,0,1,-1
03/2021,Com. Var. de Plantas e Flores Naturais,0,1,-1
03/2021,Com. Var. de Móveis,5,0,5
03/2021,Com. Var. de Art. do Vestuário e Acessórios,0,2,-2
03/2021,Serv. de Manutenção e Reparação Mecânica de Veíc. Autom.,1,0,1
03/2021,Com. Var. Especial. de Equip. de Telefonia e Comunicação,0,1,-1
03/2021,Com. Var. de Art. do Vestuário e Acessórios,1,0,1
03/2021,Com. Var. de Art. do Vestuário e Acessórios,1,1,0
03/2021,Com. Var. de Comb. para Veíc. Autom.,3,2,1
03/2021,"Com. Atac. de Outras Máquinas e Equip. não Especif. Ant., Partes e Peças",11,5,6
03/2021,Com. Atac. de Ferragens e Ferramentas,0,1,-1
03/2021,Com. Var. de Móveis,0,1,-1
03/2021,"Com. Var. de Merc. em Geral, com Pred. de Produtos Alim. - Minimercados, Mercearias e Armazéns",2,0,2
03/2021,"Com. Var. de Produtos Farmac., sem Manip. de Fórmulas",0,1,-1
03/2021,"Com. Var. de Suvenires, Bijuterias e Artesanatos",1,0,1
03/2021,"Com. Var. de Merc. em Geral, com Pred. de Produtos Alim. - Minimercados, Mercearias e Armazéns",0,1,-1
03/2021,Com. a Var. de Peças e Acessórios Novos para Veíc. Autom.,1,0,1
03/2021,"Com. Atac. de Instrumentos e Mat. para Uso Médico, Cirúrgico, Hospitalar e de Laboratórios",22,7,15
03/2021,"Com. Var. de Produtos Farmac., sem Manip. de Fórmulas",0,1,-1
03/2021,Com. Var. de Tintas e Mat. para Pintura,0,1,-1
03/2021,"Com. Var. de Cosméticos, Produtos de Perfumaria e de Higiene Pessoal",1,0,1
03/2021,"Com. Var. de Suvenires, Bijuterias e Artesanatos",0,1,-1
03/2021,Padaria e Confeitaria com Pred. de Revenda,1,0,1
03/2021,Padaria e Confeitaria com Pred. de Revenda,0,4,-4
03/2021,Com. Var. de Outros Produtos não Especif. Ant.,0,1,-1
03/2021,Com. Var. de Mat. de Const. não Especif. Ant.,1,0,1
03/2021,Outros Representantes Comerciais e Agentes do Com. Especial. em Produtos não Especif. Ant.,1,0,1
03/2021,Com. Var. de Comb. para Veíc. Autom.,1,1,0
03/2021,"Lojas de Dep. ou Magazines, Exceto Lojas Francas (Duty Free)",2,7,-5
03/2021,Serv. de Manutenção e Reparação Mecânica de Veíc. Autom.,1,0,1
03/2021,Com. Var. de Art. de óptica,2,0,2
03/2021,Com. Var. Especial. de Equip. de Telefonia e Comunicação,1,0,1
03/2021,Com. Var. de Outros Art. de Uso Doméstico não Especif. Ant.,1,0,1
03/2021,"Com. a Var. de Automóveis, Camionetas e Utilitários Usados",0,1,-1
03/2021,Com. Var. de Comb. para Veíc. Autom.,2,1,1
03/2021,Com. Atac. de Outros Equip. e Art. de Uso Pessoal e Doméstico não Especif. Ant.,0,1,-1
03/2021,"Lojas de Variedades, Exceto Lojas de Dep. ou Magazines",0,1,-1
03/2021,Com. Var. de Produtos Alim. em Geral ou Especial. em Produtos Alim. não Especif. Ant.,2,6,-4
03/2021,Com. Var. de Outros Produtos não Especif. Ant.,1,0,1
03/2021,Com. Var. de Art. do Vestuário e Acessórios,0,1,-1
03/2021,Com. Atac. de Mat. de Const. em Geral,0,1,-1
03/2021,"Com. Atac. de Frutas, Verduras, Raízes, Tubérculos, Hortaliças e Legumes Frescos",0,1,-1
03/2021,Com. Atac. de Cosméticos e Produtos de Perfumaria,0,1,-1
03/2021,"Com. Var. de Merc. em Geral, com Pred. de Produtos Alim. - Minimercados, Mercearias e Armazéns",0,1,-1
03/2021,Com. Var. de Móveis,1,0,1
03/2021,Com. Var. de Art. do Vestuário e Acessórios,0,1,-1
03/2021,Com. Var. de Art. do Vestuário e Acessórios,1,2,-1
03/2021,Com. Var. de Art. de Joalheria,1,1,0
03/2021,Com. Var. de Merc. em Lojas de Conveniência,1,0,1
03/2021,Com. a Var. de Peças e Acessórios Novos para Veíc. Autom.,2,0,2
03/2021,Com. a Var. de Peças e Acessórios Novos para Veíc. Autom.,0,1,-1
03/2021,"Com. Atac. de Vidros, Espelhos e Vitrais",3,1,2
03/2021,"Com. Atac. de Frutas, Verduras, Raízes, Tubérculos, Hortaliças e Legumes Frescos",5,1,4
03/2021,Com. a Var. de Peças e Acessórios Novos para Veíc. Autom.,3,1,2
03/2021,"Com. Var. de Merc. em Geral, com Pred. de Produtos Alim. - Superm.",2,1,1
03/2021,Com. Var. Especial. de Equip. e Suprimentos de Informática,1,0,1
03/2021,Com. Atac. de Produtos Alim. em Geral,1,10,-9
03/2021,"Serv. de Instalação, Manutenção e Reparação de Acessórios para Veíc. Autom.",1,1,0
03/2021,Serv. de Alinhamento e Balanceamento de Veíc. Autom.,0,1,-1
03/2021,"Com. Var. de Merc. em Geral, com Pred. de Produtos Alim. - Minimercados, Mercearias e Armazéns",0,1,-1
03/2021,Com. Var. Especial. de Eletrod. e Equip. de áudio e Vídeo,3,14,-11
03/2021,Com. Var. de Móveis,0,1,-1
03/2021,Com. Var. de Art. do Vestuário e Acessórios,0,1,-1
03/2021,Com. Var. de Art. do Vestuário e Acessórios,0,1,-1
03/2021,Com. Var. de Art. de óptica,1,0,1
03/2021,Com. Var. de Outros Art. de Uso Doméstico não Especif. Ant.,0,1,-1
03/2021,Com. Var. de Comb. para Veíc. Autom.,1,0,1
03/2021,Com. Var. de Art. do Vestuário e Acessórios,0,1,-1
03/2021,Com. Var. de Outros Produtos não Especif. Ant.,1,1,0
03/2021,Com. Atac. de Cosméticos e Produtos de Perfumaria,0,3,-3
03/2021,Com. Var. de Art. do Vestuário e Acessórios,0,2,-2
03/2021,Com. Atac. Especial. em Outros Produtos Alim. não Especif. Ant.,5,0,5
03/2021,Com. Var. de Calçados,1,0,1
03/2021,Com. a Var. de Pneumáticos e Câmaras-De-Ar,0,1,-1
03/2021,Com. Var. de Art. de Papelaria,1,0,1
03/2021,Com. Var. de Carnes - Açougues,0,1,-1
03/2021,Com. Var. de Art. de Colchoaria,1,0,1
03/2021,Com. Var. de Mat. de Const. em Geral,1,0,1
03/2021,Com. Var. de Art. do Vestuário e Acessórios,0,1,-1
03/2021,Com. Var. de Art. do Vestuário e Acessórios,1,1,0
03/2021,Comercio Var. de Art. de Armarinho,1,0,1
03/2021,Com. Var. de Outros Produtos não Especif. Ant.,0,1,-1
03/2021,Com. Var. de Carnes - Açougues,2,0,2
03/2021,Com. Var. de Art. do Vestuário e Acessórios,0,1,-1
03/2021,Com. Var. de Outros Produtos não Especif. Ant.,0,1,-1
03/2021,Com. Atac. de Cosméticos e Produtos de Perfumaria,1,0,1
03/2021,Com. Var. de Hortifrutigranjeiros,1,1,0
03/2021,Comercio Var. de Art. de Armarinho,1,1,0
03/2021,Com. Var. de Animais Vivos e de Art. e Alimentos para Animais de Estimação,1,0,1
03/2021,Com. Var. de Produtos Alim. em Geral ou Especial. em Produtos Alim. não Especif. Ant.,0,1,-1
03/2021,Com. Var. de Art. de óptica,0,1,-1
03/2021,Com. Var. de Art. de óptica,1,1,0
03/2021,Padaria e Confeitaria com Pred. de Revenda,1,0,1
03/2021,Com. Var. de Outros Art. de Uso Doméstico não Especif. Ant.,1,1,0
03/2021,Com. Var. de Merc. em Lojas de Conveniência,1,0,1
03/2021,Com. Var. de Merc. em Lojas de Conveniência,2,1,1
03/2021,Com. Var. de Hortifrutigranjeiros,1,0,1
03/2021,"Com. Var. de Cosméticos, Produtos de Perfumaria e de Higiene Pessoal",1,0,1
03/2021,Com. Var. de Art. do Vestuário e Acessórios,0,1,-1
03/2021,Com. Var. de Produtos Saneantes Domissanitários,0,1,-1
03/2021,Serv. de Borracharia para Veíc. Autom.,0,2,-2
03/2021,Padaria e Confeitaria com Pred. de Revenda,1,1,0
03/2021,Com. Var. de Carnes - Açougues,0,1,-1
03/2021,Com. Atac. de Embalagens,0,1,-1
03/2021,"Com. Var. de Cosméticos, Produtos de Perfumaria e de Higiene Pessoal",1,0,1
03/2021,"Com. Var. de Suvenires, Bijuterias e Artesanatos",2,0,2
03/2021,"Com. Var. de Produtos Farmac., sem Manip. de Fórmulas",0,2,-2
03/2021,"Com. Var. de Produtos Farmac., sem Manip. de Fórmulas",1,0,1
03/2021,Com. Var. de Art. do Vestuário e Acessórios,0,1,-1
03/2021,Com. Var. de Outros Produtos não Especif. Ant.,1,0,1
03/2021,Com. Var. de Animais Vivos e de Art. e Alimentos para Animais de Estimação,1,1,0
03/2021,Padaria e Confeitaria com Pred. de Revenda,0,1,-1
03/2021,Com. Var. de Carnes - Açougues,1,0,1
03/2021,"Com. Atac. de Resíduos e Sucatas Não-Metálicos, Exceto de Papel e Papelão",4,0,4
03/2021,"Com. Atac. de Resíduos e Sucatas Não-Metálicos, Exceto de Papel e Papelão",0,2,-2
03/2021,"Com. Var. de Cosméticos, Produtos de Perfumaria e de Higiene Pessoal",0,1,-1
03/2021,"Com. Atac. de Merc. em Geral, sem Pred. de Alimentos ou de Insumos Agropecuários",0,11,-11
03/2021,"Com. Var. de Cosméticos, Produtos de Perfumaria e de Higiene Pessoal",1,0,1
03/2021,Serv. de Manutenção e Reparação Elétrica de Veíc. Autom.,5,0,5
03/2021,"Com. Var. de Merc. em Geral, com Pred. de Produtos Alim. - Superm.",2,1,1
03/2021,Padaria e Confeitaria com Pred. de Revenda,0,1,-1
03/2021,Com. Var. de Brinquedos e Art. Recreativos,0,1,-1
03/2021,"Com. Atac. de Frutas, Verduras, Raízes, Tubérculos, Hortaliças e Legumes Frescos",4,0,4
03/2021,Com. Var. de Merc. em Lojas de Conveniência,0,1,-1
03/2021,"Com. Atac. de Jóias, Relógios e Bijuterias, Inclusive Pedras Preciosas e Semipreciosas Lapidadas",0,1,-1
03/2021,Com. Var. de Animais Vivos e de Art. e Alimentos para Animais de Estimação,0,2,-2
03/2021,Com. Var. de Carnes - Açougues,0,1,-1
03/2021,Padaria e Confeitaria com Pred. de Revenda,1,0,1
03/2021,Com. Var. de Produtos Saneantes Domissanitários,0,1,-1
03/2021,Com. a Var. de Peças e Acessórios Novos para Motocicletas e Motonetas,0,1,-1
03/2021,Com. Var. de Outros Produtos não Especif. Ant.,1,0,1
03/2021,Com. Var. de Art. de Relojoaria,0,1,-1
03/2021,Com. Var. de Merc. em Lojas de Conveniência,1,0,1
03/2021,Com. Var. de Brinquedos e Art. Recreativos,0,1,-1
03/2021,Com. Var. de Outros Produtos não Especif. Ant.,1,1,0
03/2021,Com. Var. Especial. de Equip. de Telefonia e Comunicação,0,1,-1
03/2021,Com. Var. de Produtos Alim. em Geral ou Especial. em Produtos Alim. não Especif. Ant.,0,1,-1
03/2021,Com. Atac. de Mat. de Const. em Geral,1,0,1
03/2021,"Com. Var. de Merc. em Geral, com Pred. de Produtos Alim. - Minimercados, Mercearias e Armazéns",1,1,0
03/2021,"Com. Var. de Merc. em Geral, com Pred. de Produtos Alim. - Minimercados, Mercearias e Armazéns",0,1,-1
03/2021,Com. Var. de Outros Produtos não Especif. Ant.,0,2,-2
03/2021,"Com. Var. de Cosméticos, Produtos de Perfumaria e de Higiene Pessoal",1,3,-2
03/2021,"Com. Var. de Produtos Farmac., sem Manip. de Fórmulas",1,1,0
03/2021,"Com. Var. de Merc. em Geral, com Pred. de Produtos Alim. - Minimercados, Mercearias e Armazéns",0,1,-1
03/2021,Com. Var. de Art. do Vestuário e Acessórios,1,1,0
03/2021,Com. Var. de Art. do Vestuário e Acessórios,0,1,-1
03/2021,Com. Var. de Art. do Vestuário e Acessórios,1,0,1
03/2021,Com. Var. de Produtos Alim. em Geral ou Especial. em Produtos Alim. não Especif. Ant.,0,3,-3
03/2021,Com. Var. de Art. Médicos e Ortopédicos,1,0,1
03/2021,Com. Var. de Mat. de Const. em Geral,5,0,5
03/2021,Com. Var. de Bebidas,1,1,0
03/2021,Com. Var. de Art. do Vestuário e Acessórios,0,1,-1
03/2021,"Com. Var. de Merc. em Geral, com Pred. de Produtos Alim. - Minimercados, Mercearias e Armazéns",1,0,1
03/2021,"Com. Var. de Merc. em Geral, com Pred. de Produtos Alim. - Hipermercados",10,5,5
03/2021,Com. Var. de Art. do Vestuário e Acessórios,1,1,0
03/2021,"Com. Atac. de Vidros, Espelhos e Vitrais",0,3,-3
03/2021,Com. Var. de Art. de Joalheria,0,2,-2
03/2021,Com. Var. de Animais Vivos e de Art. e Alimentos para Animais de Estimação,1,0,1
03/2021,"Com. Var. de Merc. em Geral, com Pred. de Produtos Alim. - Superm.",1,0,1
03/2021,Com. Var. de Comb. para Veíc. Autom.,1,2,-1
03/2021,Com. Var. de Lubrificantes,1,0,1
03/2021,Com. Var. de Art. do Vestuário e Acessórios,0,6,-6
03/2021,Com. Var. de Art. do Vestuário e Acessórios,1,0,1
03/2021,Com. Var. de Calçados,0,1,-1
03/2021,Com. Var. de Produtos Alim. em Geral ou Especial. em Produtos Alim. não Especif. Ant.,0,1,-1
03/2021,"Com. Var. de Suvenires, Bijuterias e Artesanatos",1,0,1
03/2021,Com. Atac. de Produtos Alim. em Geral,1,14,-13
03/2021,Serv. de Manutenção e Reparação Mecânica de Veíc. Autom.,0,1,-1
03/2021,Com. Var. Especial. de Equip. de Telefonia e Comunicação,2,4,-2
03/2021,Com. Atac. Especial. em Outros Produtos Alim. não Especif. Ant.,8,2,6
03/2021,Com. Var. de Mat. de Const. não Especif. Ant.,0,2,-2
03/2021,Com. Var. de Produtos Alim. em Geral ou Especial. em Produtos Alim. não Especif. Ant.,0,1,-1
03/2021,Peixaria,1,0,1
03/2021,Com. Var. de Hortifrutigranjeiros,1,0,1
03/2021,Serv. de Manutenção e Reparação Elétrica de Veíc. Autom.,1,0,1
03/2021,"Lojas de Variedades, Exceto Lojas de Dep. ou Magazines",0,1,-1
03/2021,Com. Var. de Plantas e Flores Naturais,13,3,10
03/2021,Com. Var. de Art. do Vestuário e Acessórios,0,2,-2
03/2021,Com. Var. de Art. do Vestuário e Acessórios,0,1,-1
03/2021,Com. Var. de Tintas e Mat. para Pintura,1,0,1
03/2021,Com. Var. de Material Elétrico,2,0,2
03/2021,Com. Var. de Art. Esportivos,1,0,1
03/2021,Com. Var. de Art. do Vestuário e Acessórios,3,0,3
03/2021,"Com. Var. de Merc. em Geral, com Pred. de Produtos Alim. - Minimercados, Mercearias e Armazéns",1,0,1
03/2021,Com. Var. de Material Elétrico,0,1,-1
03/2021,Com. Var. de Calçados,0,1,-1
03/2021,"Com. Var. de Merc. em Geral, com Pred. de Produtos Alim. - Superm.",1,0,1
03/2021,"Comercio Var. de Art. de Cama, Mesa e Banho",1,0,1
03/2021,Serv. de Borracharia para Veíc. Autom.,3,1,2
03/2021,"Com. Var. de Suvenires, Bijuterias e Artesanatos",1,0,1
03/2021,"Com. Var. de Suvenires, Bijuterias e Artesanatos",0,2,-2
03/2021,"Com. Var. de Merc. em Geral, com Pred. de Produtos Alim. - Superm.",0,2,-2
03/2021,Com. Var. Especial. de Eletrod. e Equip. de áudio e Vídeo,0,4,-4
03/2021,Com. Var. Especial. de Eletrod. e Equip. de áudio e Vídeo,39,49,-10
03/2021,Com. Var. Especial. de Eletrod. e Equip. de áudio e Vídeo,1,5,-4
03/2021,Com. Var. Especial. de Eletrod. e Equip. de áudio e Vídeo,1,3,-2
03/2021,Com. Var. Especial. de Eletrod. e Equip. de áudio e Vídeo,0,2,-2
03/2021,Com. Var. Especial. de Eletrod. e Equip. de áudio e Vídeo,50,24,26
03/2021,Com. Var. Especial. de Eletrod. e Equip. de áudio e Vídeo,1,0,1
03/2021,Com. Var. Especial. de Eletrod. e Equip. de áudio e Vídeo,1,0,1
03/2021,"Com. Var. de Merc. em Geral, com Pred. de Produtos Alim. - Minimercados, Mercearias e Armazéns",0,1,-1
03/2021,"Com. Var. de Merc. em Geral, com Pred. de Produtos Alim. - Minimercados, Mercearias e Armazéns",0,6,-6
03/2021,Com. Var. de Art. do Vestuário e Acessórios,1,0,1
03/2021,Com. Var. de Art. do Vestuário e Acessórios,0,6,-6
03/2021,Com. Var. de Art. do Vestuário e Acessórios,1,8,-7
03/2021,Com. Var. de Art. do Vestuário e Acessórios,0,1,-1
03/2021,"Serv. de Lavagem, Lubrificação e Polimento de Veíc. Autom.",0,1,-1
03/2021,Com. Var. de Art. Médicos e Ortopédicos,1,0,1
03/2021,Com. Var. de Material Elétrico,1,1,0
03/2021,Com. Var. de Produtos Alim. em Geral ou Especial. em Produtos Alim. não Especif. Ant.,1,0,1
03/2021,Com. Var. de Bebidas,1,0,1
03/2021,"Com. Var. de Doces, Balas, Bombons e Semelhantes",0,1,-1
03/2021,"Com. Var. de Doces, Balas, Bombons e Semelhantes",0,1,-1
03/2021,Com. Var. Especial. de Equip. de Telefonia e Comunicação,0,1,-1
03/2021,Com. Var. de Gás LiqüEfeito de Petróleo (Glp),0,1,-1
03/2021,Com. Var. de Tintas e Mat. para Pintura,1,0,1
03/2021,Com. Var. de Art. Esportivos,0,2,-2
03/2021,Com. Var. de Outros Art. Usados,0,2,-2
03/2021,Com. Var. de Art. do Vestuário e Acessórios,0,2,-2
03/2021,Com. Var. de Art. do Vestuário e Acessórios,0,2,-2
03/2021,Com. Var. de Animais Vivos e de Art. e Alimentos para Animais de Estimação,2,0,2
03/2021,Padaria e Confeitaria com Pred. de Revenda,1,3,-2
03/2021,"Com. Var. de Cosméticos, Produtos de Perfumaria e de Higiene Pessoal",0,1,-1
03/2021,"Com. Atac. de Outras Máquinas e Equip. não Especif. Ant., Partes e Peças",13,5,8
03/2021,Com. Var. de Merc. em Lojas de Conveniência,0,1,-1
03/2021,"Com. Var. de Cosméticos, Produtos de Perfumaria e de Higiene Pessoal",0,1,-1
03/2021,Com. Var. de Calçados,0,1,-1
03/2021,"Com. Var. de Produtos Farmac., sem Manip. de Fórmulas",1,0,1
03/2021,Serv. de Lanternagem ou Funilaria e Pintura de Veíc. Autom.,1,0,1
03/2021,"Com. Var. de Produtos Farmac., sem Manip. de Fórmulas",2,0,2
03/2021,Com. Var. de Art. de óptica,0,1,-1
03/2021,Com. Var. de Calçados,2,0,2
03/2021,Com. Var. de Art. de óptica,0,1,-1
03/2021,Com. Var. de Art. do Vestuário e Acessórios,1,0,1
03/2021,Padaria e Confeitaria com Pred. de Revenda,1,0,1
03/2021,Com. Var. de Art. do Vestuário e Acessórios,0,1,-1
03/2021,Com. Var. de Comb. para Veíc. Autom.,1,0,1
03/2021,Com. Var. de Art. do Vestuário e Acessórios,1,1,0
03/2021,Com. Var. de Art. do Vestuário e Acessórios,0,2,-2
03/2021,Serv. de Lanternagem ou Funilaria e Pintura de Veíc. Autom.,0,1,-1
03/2021,Com. Var. de Mat. de Const. em Geral,1,0,1
03/2021,Com. Var. de Móveis,1,0,1
03/2021,"Com. Var. de Merc. em Geral, com Pred. de Produtos Alim. - Minimercados, Mercearias e Armazéns",1,0,1
03/2021,"Com. Var. de Doces, Balas, Bombons e Semelhantes",2,0,2
03/2021,Com. Var. de Produtos Alim. em Geral ou Especial. em Produtos Alim. não Especif. Ant.,2,0,2
03/2021,Com. Var. de Art. do Vestuário e Acessórios,0,1,-1
03/2021,Com. Var. de Art. de óptica,3,0,3
03/2021,Com. Var. de Art. do Vestuário e Acessórios,1,0,1
03/2021,Com. Var. de Bebidas,1,0,1
03/2021,Serv. de Manutenção e Reparação Mecânica de Veíc. Autom.,1,0,1
03/2021,"Com. Var. de Doces, Balas, Bombons e Semelhantes",0,1,-1
03/2021,Com. a Var. de Peças e Acessórios Novos para Veíc. Autom.,3,0,3
03/2021,"Com. Var. de Produtos Farmac., sem Manip. de Fórmulas",0,1,-1
03/2021,Com. Var. de Móveis,2,0,2
03/2021,"Com. Var. de Produtos Farmac., sem Manip. de Fórmulas",1,0,1
03/2021,Com. Var. de Art. do Vestuário e Acessórios,1,1,0
03/2021,Com. Var. de Ferragens e Ferramentas,2,1,1
03/2021,Com. Var. de Art. do Vestuário e Acessórios,1,0,1
03/2021,Com. Var. de Art. do Vestuário e Acessórios,2,0,2
03/2021,Com. Var. de Art. Médicos e Ortopédicos,0,1,-1
03/2021,Com. Var. de Merc. em Lojas de Conveniência,1,0,1
03/2021,Com. Var. de Art. do Vestuário e Acessórios,3,0,3
03/2021,Com. Var. de Outros Art. de Uso Doméstico não Especif. Ant.,12,3,9
03/2021,Com. Var. de Art. do Vestuário e Acessórios,2,0,2
03/2021,"Lojas de Variedades, Exceto Lojas de Dep. ou Magazines",1,0,1
03/2021,Com. Var. de Art. do Vestuário e Acessórios,0,1,-1
03/2021,"Com. Var. de Cosméticos, Produtos de Perfumaria e de Higiene Pessoal",1,0,1
03/2021,Com. Atac. de Embalagens,1,1,0
03/2021,Com. a Var. de Peças e Acessórios Novos para Veíc. Autom.,2,2,0
03/2021,Com. Var. de Calçados,1,1,0
03/2021,Com. a Var. de Peças e Acessórios Novos para Veíc. Autom.,1,0,1
03/2021,Lojas de Dep. ou Magazines (Desativado),0,2,-2
03/2021,Com. Var. de Outros Art. de Uso Doméstico não Especif. Ant.,1,0,1
03/2021,Com. Var. de Produtos Alim. em Geral ou Especial. em Produtos Alim. não Especif. Ant.,0,1,-1
03/2021,Com. Var. de Mat. de Const. não Especif. Ant.,2,1,1
03/2021,Com. Var. de Art. do Vestuário e Acessórios,0,1,-1
03/2021,"Com. Var. de Produtos Farmac., sem Manip. de Fórmulas",1,0,1
03/2021,Com. Atac. de Bebidas não Especificadas Ant.,2,0,2
03/2021,Com. Var. de Produtos Alim. em Geral ou Especial. em Produtos Alim. não Especif. Ant.,5,0,5
03/2021,Com. Var. de Objetos de Arte,1,0,1
03/2021,"Com. Atac. de Frutas, Verduras, Raízes, Tubérculos, Hortaliças e Legumes Frescos",1,0,1
03/2021,Com. Var. de Vidros,1,0,1
03/2021,"Com. Atac. de Outras Máquinas e Equip. não Especif. Ant., Partes e Peças",4,1,3
03/2021,Com. Var. de Produtos Alim. em Geral ou Especial. em Produtos Alim. não Especif. Ant.,0,1,-1
03/2021,"Com. Var. de Cosméticos, Produtos de Perfumaria e de Higiene Pessoal",4,0,4
03/2021,Com. Var. de Art. de óptica,1,0,1
03/2021,Com. Var. de Art. de óptica,2,0,2
03/2021,Com. Var. Especial. de Eletrod. e Equip. de áudio e Vídeo,0,1,-1
03/2021,Com. Var. Especial. de Eletrod. e Equip. de áudio e Vídeo,0,1,-1
03/2021,"Com. Var. de Cosméticos, Produtos de Perfumaria e de Higiene Pessoal",0,1,-1
03/2021,Com. Var. de Outros Produtos não Especif. Ant.,0,1,-1
03/2021,Com. Var. de Mat. de Const. não Especif. Ant.,1,1,0
03/2021,Com. Var. de Outros Produtos não Especif. Ant.,1,0,1
03/2021,Comercio Var. de Art. de Armarinho,1,0,1
03/2021,Com. Var. de Art. do Vestuário e Acessórios,2,6,-4
03/2021,Com. Var. de Art. do Vestuário e Acessórios,2,1,1
03/2021,Com. Var. de Calçados,1,3,-2
03/2021,Com. Var. de Calçados,1,5,-4
03/2021,Com. Var. de Calçados,1,2,-1
03/2021,Com. Var. de Calçados,1,3,-2
03/2021,Com. Var. de Calçados,4,12,-8
03/2021,Com. Var. de Calçados,1,0,1
03/2021,"Com. Var. de Merc. em Geral, com Pred. de Produtos Alim. - Hipermercados",4,10,-6
03/2021,Com. Var. de Comb. para Veíc. Autom.,4,4,0
03/2021,"Com. Var. de Produtos Farmac., sem Manip. de Fórmulas",3,1,2
03/2021,Com. Atac. de Ferragens e Ferramentas,1,0,1
03/2021,"Lojas de Variedades, Exceto Lojas de Dep. ou Magazines",0,1,-1
03/2021,Com. a Var. de Pneumáticos e Câmaras-De-Ar,1,2,-1
03/2021,Com. Var. de Art. do Vestuário e Acessórios,2,1,1
03/2021,Com. Atac. de Cosméticos e Produtos de Perfumaria,1,0,1
03/2021,Com. Var. de Madeira e Artefatos,2,3,-1
03/2021,Com. Atac. de Produtos Alim. em Geral,4,6,-2
03/2021,Com. Var. de Móveis,2,1,1
03/2021,Com. Var. de Art. do Vestuário e Acessórios,2,1,1
03/2021,"Com. Var. de Merc. em Geral, com Pred. de Produtos Alim. - Superm.",2,1,1
03/2021,"Com. Var. de Merc. em Geral, com Pred. de Produtos Alim. - Superm.",4,2,2
03/2021,Com. Var. de Plantas e Flores Naturais,0,1,-1
03/2021,"Com. Atac. de Chocolates, Confeitos, Balas, Bombons e Semelhantes",2,3,-1
03/2021,"Com. Var. de Merc. em Geral, com Pred. de Produtos Alim. - Superm.",1,0,1
03/2021,"Lojas de Dep. ou Magazines, Exceto Lojas Francas (Duty Free)",2,4,-2
03/2021,"Lojas de Dep. ou Magazines, Exceto Lojas Francas (Duty Free)",1,0,1
03/2021,"Com. Var. de Merc. em Geral, com Pred. de Produtos Alim. - Minimercados, Mercearias e Armazéns",1,0,1
03/2021,Com. Var. de Comb. para Veíc. Autom.,1,0,1
03/2021,Com. Var. de Comb. para Veíc. Autom.,1,0,1
03/2021,"Com. Var. de Merc. em Geral, com Pred. de Produtos Alim. - Minimercados, Mercearias e Armazéns",0,1,-1
03/2021,Com. Var. de Gás LiqüEfeito de Petróleo (Glp),0,1,-1
03/2021,Com. Var. de Comb. para Veíc. Autom.,1,0,1
03/2021,Com. Var. de Art. do Vestuário e Acessórios,1,1,0
03/2021,Com. Var. de Tintas e Mat. para Pintura,0,1,-1
03/2021,"Com. Var. de Cosméticos, Produtos de Perfumaria e de Higiene Pessoal",1,0,1
03/2021,"Com. a Var. de Automóveis, Camionetas e Utilitários Usados",0,1,-1
03/2021,Com. a Var. de Peças e Acessórios Novos para Veíc. Autom.,2,1,1
03/2021,"Comercio Var. de Art. de Cama, Mesa e Banho",0,1,-1
03/2021,Com. Var. de Mat. de Const. não Especif. Ant.,1,1,0
03/2021,Com. Var. de Comb. para Veíc. Autom.,2,0,2
03/2021,Com. Var. de Art. de Joalheria,1,0,1
03/2021,Com. Var. de Mat. de Const. em Geral,3,1,2
03/2021,Com. Var. de Art. Esportivos,1,2,-1
03/2021,Com. Var. de Comb. para Veíc. Autom.,1,1,0
03/2021,"Com. a Var. de Automóveis, Camionetas e Utilitários Novos",1,3,-2
03/2021,Com. Atac. Especial. em Outros Produtos Intermediários não Especif. Ant.,0,2,-2
03/2021,Com. Var. de Art. de Joalheria,0,1,-1
03/2021,Com. Var. de Produtos Alim. em Geral ou Especial. em Produtos Alim. não Especif. Ant.,1,0,1
03/2021,Com. por Atacado de Caminhões Novos e Usados,2,1,1
03/2021,Com. a Var. de Peças e Acessórios Novos para Veíc. Autom.,2,1,1
03/2021,Com. a Var. de Pneumáticos e Câmaras-De-Ar,1,1,0
03/2021,Com. a Var. de Peças e Acessórios Novos para Veíc. Autom.,0,1,-1
03/2021,Com. a Var. de Motocicletas e Motonetas Novas,1,0,1
03/2021,Com. Var. de Comb. para Veíc. Autom.,1,1,0
03/2021,"Com. Var. de Merc. em Geral, com Pred. de Produtos Alim. - Superm.",1,4,-3
03/2021,"Com. Var. de Merc. em Geral, com Pred. de Produtos Alim. - Superm.",0,13,-13
03/2021,"Com. Var. de Merc. em Geral, com Pred. de Produtos Alim. - Superm.",0,3,-3
03/2021,"Com. Var. de Merc. em Geral, com Pred. de Produtos Alim. - Superm.",2,6,-4
03/2021,"Com. Var. de Merc. em Geral, com Pred. de Produtos Alim. - Superm.",4,13,-9
03/2021,"Com. Var. de Merc. em Geral, com Pred. de Produtos Alim. - Superm.",0,1,-1
03/2021,"Com. Var. de Merc. em Geral, com Pred. de Produtos Alim. - Superm.",9,17,-8
03/2021,"Com. Var. de Merc. em Geral, com Pred. de Produtos Alim. - Superm.",0,1,-1
03/2021,"Com. Var. de Merc. em Geral, com Pred. de Produtos Alim. - Superm.",2,10,-8
03/2021,Com. Atac. de Produtos Alim. em Geral,60,1,59
03/2021,"Com. Var. de Merc. em Geral, com Pred. de Produtos Alim. - Superm.",3,6,-3
03/2021,"Com. Var. de Merc. em Geral, com Pred. de Produtos Alim. - Superm.",2,1,1
03/2021,"Com. Var. de Merc. em Geral, com Pred. de Produtos Alim. - Superm.",2,1,1
03/2021,"Com. Var. de Merc. em Geral, com Pred. de Produtos Alim. - Superm.",3,1,2
03/2021,"Com. Var. de Merc. em Geral, com Pred. de Produtos Alim. - Superm.",1,9,-8
03/2021,"Com. a Var. de Automóveis, Camionetas e Utilitários Novos",3,2,1
03/2021,Padaria e Confeitaria com Pred. de Revenda,0,1,-1
03/2021,"Com. Var. de Produtos Farmac., sem Manip. de Fórmulas",0,1,-1
03/2021,Com. Var. de Mat. de Const. em Geral,1,1,0
03/2021,"Com. Var. de Merc. em Geral, com Pred. de Produtos Alim. - Superm.",12,5,7
03/2021,"Com. Var. de Merc. em Geral, com Pred. de Produtos Alim. - Superm.",6,5,1
03/2021,"Com. Var. de Merc. em Geral, com Pred. de Produtos Alim. - Superm.",4,4,0
03/2021,"Com. Var. de Merc. em Geral, com Pred. de Produtos Alim. - Superm.",5,2,3
03/2021,"Com. Var. de Merc. em Geral, com Pred. de Produtos Alim. - Superm.",2,2,0
03/2021,Com. Var. de Comb. para Veíc. Autom.,1,0,1
03/2021,"Com. Atac. de Frutas, Verduras, Raízes, Tubérculos, Hortaliças e Legumes Frescos",5,4,1
03/2021,Com. Atac. de Resíduos e Sucatas Metálicos,4,0,4
03/2021,Com. a Var. de Motocicletas e Motonetas Novas,0,1,-1
03/2021,Com. Var. de Mat. de Const. em Geral,2,1,1
03/2021,Com. Atac. de Art. de Escritório e de Papelaria,0,1,-1
03/2021,"Com. Atac. de Máquinas, Aparelhos e Equip. para Uso Agropecuário, Partes e Peças",9,9,0
03/2021,Com. Atac. de Produtos Alim. em Geral,0,2,-2
03/2021,Com. Var. de Mat. de Const. em Geral,1,1,0
03/2021,Com. Var. de Calçados,0,1,-1
03/2021,"Com. Var. de Produtos Farmac., com Manip. de Fórmulas",7,4,3
03/2021,Comercio Var. de Art. de Armarinho,0,1,-1
03/2021,Com. a Var. de Peças e Acessórios Novos para Veíc. Autom.,1,1,0
03/2021,Padaria e Confeitaria com Pred. de Revenda,1,1,0
03/2021,Com. Var. de Animais Vivos e de Art. e Alimentos para Animais de Estimação,1,0,1
03/2021,"Com. Atac. de Outras Máquinas e Equip. não Especif. Ant., Partes e Peças",7,6,1
03/2021,Com. Var. de Carnes - Açougues,0,1,-1
03/2021,Com. Var. de Comb. para Veíc. Autom.,1,0,1
03/2021,"Com. Atac. de Máquinas e Equip. para Uso Industrial, Partes e Peças",1,0,1
03/2021,Com. Var. de Art. de Papelaria,0,1,-1
03/2021,Serv. de Borracharia para Veíc. Autom.,2,0,2
03/2021,Com. Var. de Art. do Vestuário e Acessórios,0,1,-1
03/2021,Com. Var. de Art. do Vestuário e Acessórios,0,1,-1
03/2021,Com. Var. de Lubrificantes,1,0,1
03/2021,Com. a Var. de Pneumáticos e Câmaras-De-Ar,0,1,-1
03/2021,"Com. Var. de Merc. em Geral, com Pred. de Produtos Alim. - Minimercados, Mercearias e Armazéns",1,1,0
03/2021,"Com. Var. de Merc. em Geral, com Pred. de Produtos Alim. - Minimercados, Mercearias e Armazéns",3,1,2
03/2021,"Com. Var. de Merc. em Geral, com Pred. de Produtos Alim. - Minimercados, Mercearias e Armazéns",1,1,0
03/2021,Com. a Var. de Peças e Acessórios Novos para Veíc. Autom.,0,1,-1
03/2021,"Com. a Var. de Automóveis, Camionetas e Utilitários Novos",2,1,1
03/2021,Com. a Var. de Peças e Acessórios Novos para Veíc. Autom.,0,1,-1
03/2021,Com. Var. de Plantas e Flores Naturais,0,1,-1
03/2021,Com. Var. de Art. de óptica,1,0,1
03/2021,"Com. Var. de Produtos Farmac., com Manip. de Fórmulas",1,0,1
03/2021,"Com. Var. de Merc. em Geral, com Pred. de Produtos Alim. - Minimercados, Mercearias e Armazéns",0,1,-1
03/2021,Com. Atac. de Outros Equip. e Art. de Uso Pessoal e Doméstico não Especif. Ant.,1,1,0
03/2021,"Com. Atac. de Máquinas, Aparelhos e Equip. para Uso Agropecuário, Partes e Peças",5,0,5
03/2021,Padaria e Confeitaria com Pred. de Revenda,0,1,-1
03/2021,Com. Var. de Art. do Vestuário e Acessórios,0,2,-2
03/2021,Com. Var. de Art. de Papelaria,0,1,-1
03/2021,Com. Var. Especial. de Eletrod. e Equip. de áudio e Vídeo,0,1,-1
03/2021,Com. Var. de Art. de Papelaria,1,2,-1
03/2021,Com. Var. de Comb. para Veíc. Autom.,1,0,1
03/2021,"Com. Var. de Suvenires, Bijuterias e Artesanatos",1,0,1
03/2021,Com. Var. de Art. de óptica,0,1,-1
03/2021,Com. Var. de Art. Esportivos,0,2,-2
03/2021,Com. a Var. de Peças e Acessórios Novos para Veíc. Autom.,0,1,-1
03/2021,"Com. Var. de Merc. em Geral, com Pred. de Produtos Alim. - Minimercados, Mercearias e Armazéns",1,0,1
03/2021,Com. Var. de Art. de Papelaria,1,2,-1
03/2021,Com. Var. de Outros Produtos não Especif. Ant.,1,1,0
03/2021,"Com. Atac. de Cerveja, Chope e Refrigerante",12,15,-3
03/2021,Serv. de Manutenção e Reparação Mecânica de Veíc. Autom.,2,1,1
03/2021,Padaria e Confeitaria com Pred. de Revenda,0,1,-1
03/2021,Com. Var. de Tintas e Mat. para Pintura,3,0,3
03/2021,Com. Var. de Comb. para Veíc. Autom.,1,0,1
03/2021,Com. a Var. de Peças e Acessórios Novos para Veíc. Autom.,0,1,-1
03/2021,Com. Var. de Mat. de Const. não Especif. Ant.,0,1,-1
03/2021,Com. Atac. de Ferragens e Ferramentas,1,0,1
03/2021,Com. Var. de Vidros,0,1,-1
03/2021,Com. por Atacado de Peças e Acessórios Novos para Veíc. Autom.,0,3,-3
03/2021,"Com. Var. de Produtos Farmac., sem Manip. de Fórmulas",0,1,-1
03/2021,Com. a Var. de Peças e Acessórios Novos para Veíc. Autom.,2,2,0
03/2021,Com. Var. de Mat. de Const. não Especif. Ant.,3,0,3
03/2021,Com. por Atacado de Caminhões Novos e Usados,0,2,-2
03/2021,Com. Atac. de Aves Vivas e Ovos,1,0,1
03/2021,Com. a Var. de Peças e Acessórios Novos para Veíc. Autom.,0,1,-1
03/2021,"Lojas de Dep. ou Magazines, Exceto Lojas Francas (Duty Free)",0,1,-1
03/2021,"Lojas de Dep. ou Magazines, Exceto Lojas Francas (Duty Free)",0,3,-3
03/2021,Com. Atac. de Cosméticos e Produtos de Perfumaria,1,1,0
03/2021,Com. Atac. de Cosméticos e Produtos de Perfumaria,1,0,1
03/2021,"Com. Atac. de Cerveja, Chope e Refrigerante",8,4,4
03/2021,Com. Atac. de Art. de Escritório e de Papelaria,2,2,0
03/2021,"Com. Var. de Merc. em Geral, com Pred. de Produtos Alim. - Superm.",8,3,5
03/2021,"Com. Var. de Produtos Farmac., sem Manip. de Fórmulas",1,1,0
03/2021,"Com. Var. de Produtos Farmac., sem Manip. de Fórmulas",0,1,-1
03/2021,"Com. Var. de Produtos Farmac., sem Manip. de Fórmulas",1,1,0
03/2021,"Com. Atac. de Instrumentos e Mat. para Uso Médico, Cirúrgico, Hospitalar e de Laboratórios",1,0,1
03/2021,"Com. Var. de Produtos Farmac., sem Manip. de Fórmulas",1,0,1
03/2021,"Com. Var. de Produtos Farmac., sem Manip. de Fórmulas",1,1,0
03/2021,"Com. Var. de Produtos Farmac., sem Manip. de Fórmulas",1,1,0
03/2021,"Com. Var. de Produtos Farmac., sem Manip. de Fórmulas",0,1,-1
03/2021,"Com. Var. de Produtos Farmac., sem Manip. de Fórmulas",0,1,-1
03/2021,"Com. Var. de Produtos Farmac., sem Manip. de Fórmulas",1,0,1
03/2021,"Com. Var. de Produtos Farmac., sem Manip. de Fórmulas",2,0,2
03/2021,"Com. Var. de Produtos Farmac., sem Manip. de Fórmulas",0,2,-2
03/2021,"Com. Var. de Produtos Farmac., sem Manip. de Fórmulas",0,3,-3
03/2021,"Com. Var. de Produtos Farmac., sem Manip. de Fórmulas",2,2,0
03/2021,"Com. Var. de Produtos Farmac., sem Manip. de Fórmulas",1,2,-1
03/2021,"Com. Var. de Produtos Farmac., sem Manip. de Fórmulas",0,2,-2
03/2021,"Com. Var. de Produtos Farmac., sem Manip. de Fórmulas",2,0,2
03/2021,"Com. Var. de Produtos Farmac., sem Manip. de Fórmulas",0,1,-1
03/2021,"Com. Var. de Produtos Farmac., sem Manip. de Fórmulas",1,0,1
03/2021,Com. Var. de Art. de Viagem,2,2,0
03/2021,Com. Var. de Tintas e Mat. para Pintura,0,1,-1
03/2021,Com. Var. de Outros Art. de Uso Doméstico não Especif. Ant.,0,3,-3
03/2021,"Com. Atac. de Chocolates, Confeitos, Balas, Bombons e Semelhantes",2,1,1
03/2021,Com. Var. de Plantas e Flores Naturais,7,1,6
03/2021,Com. Var. de Mat. de Const. em Geral,1,0,1
03/2021,Com. por Atacado de Peças e Acessórios Novos para Veíc. Autom.,2,1,1
03/2021,"Comercio Var. de Art. de Cama, Mesa e Banho",0,1,-1
03/2021,"Com. Var. de Produtos Farmac., sem Manip. de Fórmulas",1,0,1
03/2021,Com. Var. de Comb. para Veíc. Autom.,0,1,-1
03/2021,"Com. Var. de Merc. em Geral, com Pred. de Produtos Alim. - Minimercados, Mercearias e Armazéns",0,1,-1
03/2021,Com. Var. de Outros Produtos não Especif. Ant.,1,0,1
03/2021,Com. Var. de Comb. para Veíc. Autom.,0,4,-4
03/2021,Com. Var. de Comb. para Veíc. Autom.,0,1,-1
03/2021,Com. Var. de Calçados,1,1,0
03/2021,"Com. Atac. de Máquinas e Equip. para Uso Industrial, Partes e Peças",1,0,1
03/2021,Com. por Atacado de Peças e Acessórios Novos para Veíc. Autom.,0,1,-1
03/2021,Com. Var. de Outros Produtos não Especif. Ant.,0,1,-1
03/2021,Padaria e Confeitaria com Pred. de Revenda,1,0,1
03/2021,Com. a Var. de Peças e Acessórios Novos para Veíc. Autom.,1,0,1
03/2021,Comercio Var. de Art. de Armarinho,0,1,-1
03/2021,"Com. Var. de Merc. em Geral, com Pred. de Produtos Alim. - Superm.",38,25,13
03/2021,Com. Var. de Art. de Joalheria,0,3,-3
03/2021,Com. a Var. de Peças e Acessórios Novos para Veíc. Autom.,1,0,1
03/2021,"Com. Var. de Produtos Farmac., com Manip. de Fórmulas",0,1,-1
03/2021,Com. Atac. de Resinas e Elastômeros,2,1,1
03/2021,Com. Var. de Outros Produtos não Especif. Ant.,1,1,0
03/2021,"Com. Var. de Produtos Farmac., sem Manip. de Fórmulas",2,1,1
03/2021,"Com. Var. de Produtos Farmac., sem Manip. de Fórmulas",1,1,0
03/2021,Com. Var. de Mat. de Const. não Especif. Ant.,0,1,-1
03/2021,"Com. Var. de Merc. em Geral, com Pred. de Produtos Alim. - Superm.",1,0,1
03/2021,Com. Var. de Produtos Alim. em Geral ou Especial. em Produtos Alim. não Especif. Ant.,0,2,-2
03/2021,Serv. de Manutenção e Reparação Mecânica de Veíc. Autom.,0,1,-1
03/2021,Com. Var. de Outros Produtos não Especif. Ant.,1,0,1
03/2021,Com. Var. de Mat. de Const. não Especif. Ant.,3,0,3
03/2021,Com. Atac. de Matérias-Primas Agrícolas não Especificadas Ant.,6,0,6
03/2021,"Com. Var. de Suvenires, Bijuterias e Artesanatos",0,1,-1
03/2021,"Serv. de Instalação, Manutenção e Reparação de Acessórios para Veíc. Autom.",0,1,-1
03/2021,Serv. de Manutenção e Reparação Mecânica de Veíc. Autom.,0,1,-1
03/2021,Com. a Var. de Peças e Acessórios Novos para Veíc. Autom.,0,1,-1
03/2021,Com. Var. de Tecidos,1,0,1
03/2021,"Com. Var. de Merc. em Geral, com Pred. de Produtos Alim. - Minimercados, Mercearias e Armazéns",0,1,-1
03/2021,Com. Var. Especial. de Equip. e Suprimentos de Informática,2,0,2
03/2021,Com. Atac. Especial. em Outros Produtos Alim. não Especif. Ant.,3,0,3
03/2021,"Com. Var. de Merc. em Geral, com Pred. de Produtos Alim. - Minimercados, Mercearias e Armazéns",1,1,0
03/2021,"Com. Var. de Merc. em Geral, com Pred. de Produtos Alim. - Minimercados, Mercearias e Armazéns",0,1,-1
03/2021,"Com. Var. de Produtos Farmac., com Manip. de Fórmulas",5,1,4
03/2021,"Com. Var. de Produtos Farmac., sem Manip. de Fórmulas",1,1,0
03/2021,Com. Var. de Mat. de Const. não Especif. Ant.,0,1,-1
03/2021,Com. Var. de Mat. de Const. não Especif. Ant.,1,0,1
03/2021,Com. Var. de Tintas e Mat. para Pintura,2,1,1
03/2021,Com. Var. de Tintas e Mat. para Pintura,1,0,1
03/2021,Com. Var. de Tintas e Mat. para Pintura,2,0,2
03/2021,Com. Var. de Tintas e Mat. para Pintura,1,0,1
03/2021,Com. Var. de Tintas e Mat. para Pintura,1,0,1
03/2021,Com. Var. de Art. do Vestuário e Acessórios,0,1,-1
03/2021,Com. Var. de Art. de Papelaria,1,0,1
03/2021,Com. Var. de Madeira e Artefatos,0,1,-1
03/2021,"Com. Atac. de Máquinas e Equip. para Uso Industrial, Partes e Peças",1,0,1
03/2021,Com. Var. de Outros Produtos não Especif. Ant.,0,1,-1
03/2021,"Com. Atac. de Merc. em Geral, com Pred. de Insumos Agropecuários",2,2,0
03/2021,"Serv. de Lavagem, Lubrificação e Polimento de Veíc. Autom.",0,8,-8
03/2021,"Com. Atac. de Cerveja, Chope e Refrigerante",5,2,3
03/2021,Com. Var. de Mat. de Const. em Geral,2,2,0
03/2021,"Com. Var. de Merc. em Geral, com Pred. de Produtos Alim. - Superm.",2,0,2
03/2021,"Com. Var. de Produtos Farmac., sem Manip. de Fórmulas",0,1,-1
03/2021,Com. Var. de Art. de Iluminação,1,1,0
03/2021,"Com. Var. de Merc. em Geral, com Pred. de Produtos Alim. - Hipermercados",4,7,-3
03/2021,Com. Atac. de Ferragens e Ferramentas,5,2,3
03/2021,Com. Var. de Art. do Vestuário e Acessórios,0,1,-1
03/2021,Com. a Var. de Peças e Acessórios Novos para Veíc. Autom.,0,2,-2
03/2021,"Com. Var. de Merc. em Geral, com Pred. de Produtos Alim. - Hipermercados",2,3,-1
03/2021,Com. Atac. Especial. de Mat. de Const. não Especif. Ant.,0,2,-2
03/2021,Com. por Atacado de Motocicletas e Motonetas,0,1,-1
03/2021,Com. Var. de Art. de Joalheria,0,1,-1
03/2021,Com. Var. de Art. de Joalheria,2,0,2
03/2021,Com. Var. de Art. do Vestuário e Acessórios,3,2,1
03/2021,Com. Var. de Art. do Vestuário e Acessórios,1,2,-1
03/2021,Com. Atac. de Roupas e Acessórios para Uso Profissional e de Segurança do Trabalho,1,0,1
12/2020,Com. Var. Especial. de Equip. e Suprimentos de Informática,2,1,1
12/2020,Com. Var. Especial. de Equip. de Telefonia e Comunicação,2,2,0
12/2020,"Com. Var. de Cosméticos, Produtos de Perfumaria e de Higiene Pessoal",1,0,1
12/2020,"Com. Var. de Merc. em Geral, com Pred. de Produtos Alim. - Minimercados, Mercearias e Armazéns",1,0,1
12/2020,Com. Var. de Mat. de Const. não Especif. Ant.,1,0,1
12/2020,Com. Var. de Mat. de Const. não Especif. Ant.,0,1,-1
12/2020,Com. Var. de Outros Produtos não Especif. Ant.,0,1,-1
12/2020,Com. Var. de Outros Produtos não Especif. Ant.,0,2,-2
12/2020,Com. Var. de Lubrificantes,0,1,-1
12/2020,Com. Var. Especial. de Eletrod. e Equip. de áudio e Vídeo,0,2,-2
12/2020,Com. Var. Especial. de Eletrod. e Equip. de áudio e Vídeo,1,0,1
12/2020,Padaria e Confeitaria com Pred. de Revenda,0,1,-1
12/2020,Com. Atac. de Ferragens e Ferramentas,3,1,2
12/2020,Com. Var. de Art. do Vestuário e Acessórios,0,1,-1
12/2020,Com. Var. de Equip. para Escritório,0,1,-1
12/2020,Com. a Var. de Peças e Acessórios Novos para Veíc. Autom.,0,1,-1
12/2020,"Com. Var. de Cosméticos, Produtos de Perfumaria e de Higiene Pessoal",1,2,-1
12/2020,"Com. Var. de Doces, Balas, Bombons e Semelhantes",0,1,-1
12/2020,"Com. Atac. de Frutas, Verduras, Raízes, Tubérculos, Hortaliças e Legumes Frescos",1,1,0
12/2020,"Com. Var. de Produtos Farmac., com Manip. de Fórmulas",2,0,2
12/2020,Com. a Var. de Pneumáticos e Câmaras-De-Ar,1,0,1
12/2020,Com. Var. de Outros Produtos não Especif. Ant.,2,0,2
12/2020,Com. Var. de Produtos Alim. em Geral ou Especial. em Produtos Alim. não Especif. Ant.,0,1,-1
12/2020,Comercio Var. de Art. de Armarinho,0,1,-1
12/2020,Com. Var. de Lubrificantes,0,1,-1
12/2020,Com. Var. de Outros Produtos não Especif. Ant.,0,1,-1
12/2020,"Com. Atac. de Merc. em Geral, sem Pred. de Alimentos ou de Insumos Agropecuários",7,12,-5
12/2020,"Com. a Var. de Automóveis, Camionetas e Utilitários Novos",1,1,0
12/2020,Com. Atac. de Cosméticos e Produtos de Perfumaria,1,0,1
12/2020,Com. Var. de Material Elétrico,0,1,-1
12/2020,Com. Atac. de Medicamentos e Drogas de Uso Humano,28,22,6
12/2020,"Com. Var. de Produtos Farmac., sem Manip. de Fórmulas",1,2,-1
12/2020,Padaria e Confeitaria com Pred. de Revenda,1,0,1
12/2020,Com. Atac. de Componentes Eletrônicos e Equip. de Telefonia e Comunicação,0,1,-1
12/2020,Com. Var. de Art. do Vestuário e Acessórios,0,1,-1
12/2020,Com. Var. Especial. de Equip. e Suprimentos de Informática,0,1,-1
12/2020,Com. Var. de Ferragens e Ferramentas,1,0,1
12/2020,Com. Atac. de Produtos Alim. em Geral,1,0,1
12/2020,"Com. Var. de Doces, Balas, Bombons e Semelhantes",0,1,-1
12/2020,Com. Atac. de Carnes Bovinas e Suínas e Derivados,6,19,-13
12/2020,"Com. Var. de Merc. em Geral, com Pred. de Produtos Alim. - Minimercados, Mercearias e Armazéns",1,0,1
12/2020,Com. Var. Especial. de Equip. de Telefonia e Comunicação,1,1,0
12/2020,"Com. Var. de Merc. em Geral, com Pred. de Produtos Alim. - Minimercados, Mercearias e Armazéns",1,0,1
12/2020,Com. Var. Especial. de Equip. e Suprimentos de Informática,2,0,2
12/2020,"Com. Var. de Bicicletas e Triciclos, Peças e Acessórios",0,1,-1
12/2020,Com. por Atacado de Peças e Acessórios Novos para Veíc. Autom.,3,1,2
12/2020,Com. por Atacado de Pneumáticos e Câmaras-De-Ar,2,1,1
12/2020,Com. Atac. de Resíduos e Sucatas Metálicos,1,0,1
12/2020,Com. Var. de Outros Art. de Uso Doméstico não Especif. Ant.,2,2,0
12/2020,Com. Var. de Mat. de Const. não Especif. Ant.,1,1,0
12/2020,Com. Atac. de Produtos Alim. em Geral,5,10,-5
12/2020,Com. Var. de Comb. para Veíc. Autom.,0,1,-1
12/2020,Com. Var. de Móveis,1,1,0
12/2020,Com. Var. de Art. do Vestuário e Acessórios,3,0,3
12/2020,"Com. a Var. de Automóveis, Camionetas e Utilitários Novos",5,3,2
12/2020,Com. Var. de Comb. para Veíc. Autom.,1,0,1
12/2020,Com. Var. de Gás LiqüEfeito de Petróleo (Glp),1,0,1
12/2020,Com. a Var. de Peças e Acessórios Novos para Veíc. Autom.,0,2,-2
12/2020,Com. Var. de Comb. para Veíc. Autom.,1,1,0
12/2020,"Com. Var. de Merc. em Geral, com Pred. de Produtos Alim. - Minimercados, Mercearias e Armazéns",0,1,-1
12/2020,"Com. a Var. de Automóveis, Camionetas e Utilitários Novos",2,1,1
12/2020,"Com. a Var. de Automóveis, Camionetas e Utilitários Usados",1,0,1
12/2020,Com. Var. de Carnes - Açougues,0,1,-1
12/2020,"Com. Var. de Doces, Balas, Bombons e Semelhantes",1,0,1
12/2020,Com. Var. de Mat. de Const. não Especif. Ant.,1,0,1
12/2020,Serv. de Manutenção e Reparação Mecânica de Veíc. Autom.,0,2,-2
12/2020,Com. Var. de Art. do Vestuário e Acessórios,1,1,0
12/2020,Com. Var. de Carnes - Açougues,0,1,-1
12/2020,Com. Var. de Móveis,0,1,-1
12/2020,Com. Var. de Outros Produtos não Especif. Ant.,0,1,-1
12/2020,Com. Var. de Art. de Colchoaria,0,1,-1
12/2020,Lojas de Dep. ou Magazines (Desativado),2,0,2
12/2020,"Com. Atac. de Tintas, Vernizes e Similares",1,0,1
12/2020,"Com. Var. de Suvenires, Bijuterias e Artesanatos",0,2,-2
12/2020,"Com. Var. de Suvenires, Bijuterias e Artesanatos",2,0,2
12/2020,"Com. Var. de Produtos Farmac., com Manip. de Fórmulas",2,0,2
12/2020,Com. Var. Especial. de Equip. de Telefonia e Comunicação,2,0,2
12/2020,Com. Var. Especial. de Equip. de Telefonia e Comunicação,1,1,0
12/2020,Com. Atac. Especial. em Outros Produtos Intermediários não Especif. Ant.,0,1,-1
12/2020,Com. Atac. de Produtos Alim. em Geral,1,1,0
12/2020,Com. Var. de Madeira e Artefatos,0,1,-1
12/2020,Com. Var. de Art. de Joalheria,2,0,2
12/2020,Com. Atac. de Cosméticos e Produtos de Perfumaria,1,2,-1
12/2020,Com. Var. de Animais Vivos e de Art. e Alimentos para Animais de Estimação,1,0,1
12/2020,"Com. Var. de Cosméticos, Produtos de Perfumaria e de Higiene Pessoal",4,4,0
12/2020,Com. Var. de Outros Art. de Uso Doméstico não Especif. Ant.,1,0,1
12/2020,Com. Var. de Comb. para Veíc. Autom.,0,1,-1
12/2020,Com. Var. de Mat. de Const. em Geral,1,3,-2
12/2020,Com. Var. de Art. do Vestuário e Acessórios,6,0,6
12/2020,Com. Var. Especial. de Eletrod. e Equip. de áudio e Vídeo,0,1,-1
12/2020,"Com. Var. de Merc. em Geral, com Pred. de Produtos Alim. - Superm.",1,0,1
12/2020,"Com. Var. de Merc. em Geral, com Pred. de Produtos Alim. - Superm.",1,0,1
12/2020,Com. Var. de Móveis,1,0,1
12/2020,"Comercio Var. de Art. de Cama, Mesa e Banho",0,1,-1
12/2020,Com. Var. Especial. de Equip. e Suprimentos de Informática,0,1,-1
12/2020,Com. Var. de Art. do Vestuário e Acessórios,0,2,-2
12/2020,Com. Atac. de Embalagens,0,2,-2
12/2020,"Com. Atac. de Frutas, Verduras, Raízes, Tubérculos, Hortaliças e Legumes Frescos",0,1,-1
12/2020,Com. Var. de Art. do Vestuário e Acessórios,1,0,1
12/2020,Com. Var. de Mat. de Const. não Especif. Ant.,5,2,3
12/2020,"Com. Var. de Doces, Balas, Bombons e Semelhantes",1,0,1
12/2020,Com. Var. de Outros Produtos não Especif. Ant.,2,0,2
12/2020,Com. Var. de Comb. para Veíc. Autom.,0,1,-1
12/2020,Com. Var. de Mat. de Const. não Especif. Ant.,0,1,-1
12/2020,Com. Atac. de Sorvetes,6,5,1
12/2020,"Com. Var. de Art. de Tapeçaria, Cortinas e Persianas",1,0,1
12/2020,Com. Var. Especial. de Instrumentos Musicais e Acessórios,1,1,0
12/2020,Com. Atac. de Outros Equip. e Art. de Uso Pessoal e Doméstico não Especif. Ant.,0,1,-1
12/2020,Com. a Var. de Peças e Acessórios Novos para Veíc. Autom.,0,19,-19
12/2020,Com. Atac. de Produtos Alim. em Geral,1,0,1
12/2020,Com. a Var. de Peças e Acessórios Novos para Veíc. Autom.,0,2,-2
12/2020,Padaria e Confeitaria com Pred. de Revenda,2,1,1
12/2020,Com. Var. de Art. do Vestuário e Acessórios,0,1,-1
12/2020,Com. Var. de Art. do Vestuário e Acessórios,0,3,-3
12/2020,Com. Var. de Art. do Vestuário e Acessórios,0,2,-2
12/2020,Com. Var. de Art. do Vestuário e Acessórios,0,4,-4
12/2020,Com. por Atacado de Peças e Acessórios para Motocicletas e Motonetas,1,0,1
12/2020,Com. Var. de Mat. Hidráulicos,1,0,1
12/2020,"Com. a Var. de Automóveis, Camionetas e Utilitários Novos",1,1,0
12/2020,Com. Var. Especial. de Eletrod. e Equip. de áudio e Vídeo,1,0,1
12/2020,Com. Var. de Comb. para Veíc. Autom.,0,2,-2
12/2020,Com. Atac. de Produtos Alim. em Geral,10,4,6
12/2020,Com. Var. de Art. do Vestuário e Acessórios,0,1,-1
12/2020,"Com. Var. de Merc. em Geral, com Pred. de Produtos Alim. - Minimercados, Mercearias e Armazéns",1,0,1
12/2020,Com. Var. de Equip. para Escritório,1,1,0
12/2020,Com. Var. de Comb. para Veíc. Autom.,1,1,0
12/2020,Com. Var. de Art. do Vestuário e Acessórios,1,0,1
12/2020,Com. Var. de Plantas e Flores Naturais,0,1,-1
12/2020,Com. Var. de Outros Art. de Uso Doméstico não Especif. Ant.,1,0,1
12/2020,Serv. de Manutenção e Reparação Mecânica de Veíc. Autom.,1,1,0
12/2020,Com. Var. de Equip. para Escritório,4,1,3
12/2020,Com. Var. Especial. de Eletrod. e Equip. de áudio e Vídeo,0,2,-2
12/2020,"Com. Atac. de Máquinas, Aparelhos e Equip. para Uso Odonto-Médico-Hospitalar, Partes e Peças",3,1,2
12/2020,Com. Var. de Art. Médicos e Ortopédicos,2,1,1
12/2020,Com. Var. de Hortifrutigranjeiros,14,12,2
12/2020,"Com. Var. de Merc. em Geral, com Pred. de Produtos Alim. - Minimercados, Mercearias e Armazéns",1,0,1
12/2020,"Com. a Var. de Automóveis, Camionetas e Utilitários Novos",2,0,2
12/2020,"Com. Var. de Produtos Farmac., sem Manip. de Fórmulas",0,1,-1
12/2020,Com. Atac. Especial. em Outros Produtos Intermediários não Especif. Ant.,0,2,-2
12/2020,Com. Var. de Comb. para Veíc. Autom.,2,0,2
12/2020,Serv. de Lanternagem ou Funilaria e Pintura de Veíc. Autom.,1,4,-3
12/2020,Com. Var. de Produtos Alim. em Geral ou Especial. em Produtos Alim. não Especif. Ant.,3,1,2
12/2020,Com. a Var. de Peças e Acessórios Novos para Veíc. Autom.,2,3,-1
12/2020,Com. Var. de Comb. para Veíc. Autom.,3,2,1
12/2020,Com. Var. de Calçados,22,2,20
12/2020,"Com. a Var. de Automóveis, Camionetas e Utilitários Novos",7,7,0
12/2020,Com. Var. de Art. do Vestuário e Acessórios,0,1,-1
12/2020,"Com. Var. de Suvenires, Bijuterias e Artesanatos",0,1,-1
12/2020,Com. Atac. de Resíduos e Sucatas Metálicos,0,2,-2
12/2020,Com. Var. de Carnes - Açougues,0,1,-1
12/2020,Com. Var. de Art. do Vestuário e Acessórios,1,0,1
12/2020,Comercio Var. de Art. de Armarinho,2,3,-1
12/2020,Com. Var. de Art. do Vestuário e Acessórios,2,0,2
12/2020,Com. Var. de Madeira e Artefatos,0,1,-1
12/2020,"Com. Var. de Cosméticos, Produtos de Perfumaria e de Higiene Pessoal",1,1,0
12/2020,"Com. Atac. de Frutas, Verduras, Raízes, Tubérculos, Hortaliças e Legumes Frescos",0,1,-1
12/2020,Serv. de Borracharia para Veíc. Autom.,0,1,-1
12/2020,"Com. Atac. de Resíduos e Sucatas Não-Metálicos, Exceto de Papel e Papelão",2,1,1
12/2020,"Com. Atac. de Merc. em Geral, sem Pred. de Alimentos ou de Insumos Agropecuários",2,0,2
12/2020,"Com. Var. de Merc. em Geral, com Pred. de Produtos Alim. - Superm.",14,11,3
12/2020,Com. Var. de Art. de óptica,1,0,1
12/2020,Com. Var. Especial. de Eletrod. e Equip. de áudio e Vídeo,0,2,-2
12/2020,"Com. Var. de Doces, Balas, Bombons e Semelhantes",1,0,1
12/2020,Com. Var. Especial. de Equip. e Suprimentos de Informática,0,1,-1
12/2020,Com. Var. de Outros Art. de Uso Doméstico não Especif. Ant.,1,0,1
12/2020,Com. Var. de Mat. de Const. em Geral,1,0,1
12/2020,"Com. Var. de Cosméticos, Produtos de Perfumaria e de Higiene Pessoal",2,0,2
12/2020,Com. Var. de Outros Art. de Uso Doméstico não Especif. Ant.,0,8,-8
12/2020,Com. Var. de Outros Art. de Uso Doméstico não Especif. Ant.,0,4,-4
12/2020,Com. Var. de Outros Art. de Uso Doméstico não Especif. Ant.,0,2,-2
12/2020,Com. Var. de Outros Art. de Uso Doméstico não Especif. Ant.,0,3,-3
12/2020,Com. Atac. de Outros Equip. e Art. de Uso Pessoal e Doméstico não Especif. Ant.,0,8,-8
12/2020,Com. Var. de Mat. de Const. em Geral,1,0,1
12/2020,Com. Var. Especial. de Eletrod. e Equip. de áudio e Vídeo,2,0,2
12/2020,"Com. Var. de Merc. em Geral, com Pred. de Produtos Alim. - Minimercados, Mercearias e Armazéns",0,3,-3
12/2020,"Com. Var. de Merc. em Geral, com Pred. de Produtos Alim. - Superm.",10,6,4
12/2020,"Com. Var. de Merc. em Geral, com Pred. de Produtos Alim. - Hipermercados",20,10,10
12/2020,Com. Var. de Plantas e Flores Naturais,1,0,1
12/2020,Com. Var. Especial. de Eletrod. e Equip. de áudio e Vídeo,1,0,1
12/2020,Com. Var. de Livros,0,2,-2
12/2020,Com. a Var. de Peças e Acessórios Novos para Veíc. Autom.,0,2,-2
12/2020,Com. Var. de Art. do Vestuário e Acessórios,1,0,1
12/2020,Com. Var. de Outros Art. de Uso Doméstico não Especif. Ant.,0,1,-1
12/2020,"Com. Var. de Suvenires, Bijuterias e Artesanatos",1,0,1
12/2020,"Serv. de Lavagem, Lubrificação e Polimento de Veíc. Autom.",1,0,1
12/2020,"Com. Var. de Merc. em Geral, com Pred. de Produtos Alim. - Minimercados, Mercearias e Armazéns",0,3,-3
12/2020,Com. Var. de Plantas e Flores Naturais,15,5,10
12/2020,Com. Var. de Art. Esportivos,10,2,8
12/2020,Com. Var. de Art. do Vestuário e Acessórios,1,1,0
12/2020,"Com. Atac. de Resíduos e Sucatas Não-Metálicos, Exceto de Papel e Papelão",0,1,-1
12/2020,"Com. Var. de Merc. em Geral, com Pred. de Produtos Alim. - Superm.",5,12,-7
12/2020,"Com. Var. de Bicicletas e Triciclos, Peças e Acessórios",1,1,0
12/2020,"Com. Var. de Bicicletas e Triciclos, Peças e Acessórios",3,1,2
12/2020,Com. Var. de Comb. para Veíc. Autom.,3,2,1
12/2020,Com. a Var. de Peças e Acessórios Novos para Veíc. Autom.,1,0,1
12/2020,Com. a Var. de Peças e Acessórios Novos para Veíc. Autom.,0,1,-1
12/2020,Com. Var. de Art. do Vestuário e Acessórios,3,5,-2
12/2020,Com. a Var. de Peças e Acessórios Novos para Veíc. Autom.,0,1,-1
12/2020,Com. Var. de Produtos Alim. em Geral ou Especial. em Produtos Alim. não Especif. Ant.,1,0,1
12/2020,Com. Var. de Carnes - Açougues,0,1,-1
12/2020,"Com. Atac. de Frutas, Verduras, Raízes, Tubérculos, Hortaliças e Legumes Frescos",1,4,-3
12/2020,Com. Var. de Art. do Vestuário e Acessórios,0,1,-1
12/2020,"Serv. de Lavagem, Lubrificação e Polimento de Veíc. Autom.",1,1,0
12/2020,"Com. Atac. de Produtos Siderúrgicos e Metalúrgicos, Exceto para Const.",1,0,1
12/2020,"Com. Var. de Produtos Farmac., sem Manip. de Fórmulas",1,1,0
12/2020,"Com. Var. de Produtos Farmac., sem Manip. de Fórmulas",1,1,0
12/2020,Com. Var. Especial. de Equip. de Telefonia e Comunicação,0,1,-1
12/2020,Com. Var. de Tintas e Mat. para Pintura,1,2,-1
12/2020,Com. Var. de Tintas e Mat. para Pintura,1,1,0
12/2020,Com. Var. de Comb. para Veíc. Autom.,1,1,0
12/2020,"Com. Atac. de Cerveja, Chope e Refrigerante",2,3,-1
12/2020,Com. Var. de Ferragens e Ferramentas,0,2,-2
12/2020,Com. Var. de Art. de Iluminação,2,2,0
12/2020,"Representantes Comerciais e Agentes do Com. de Produtos Alim., Bebidas e Fumo",2,5,-3
12/2020,Padaria e Confeitaria com Pred. de Revenda,1,3,-2
12/2020,Com. Var. de Carnes - Açougues,2,0,2
12/2020,"Com. Var. de Cosméticos, Produtos de Perfumaria e de Higiene Pessoal",1,1,0
12/2020,Com. Var. de Art. de óptica,0,1,-1
12/2020,Com. Var. de Art. do Vestuário e Acessórios,1,0,1
12/2020,"Com. a Var. de Automóveis, Camionetas e Utilitários Novos",2,2,0
12/2020,Com. Var. de Mat. de Const. em Geral,0,1,-1
12/2020,Com. Var. Especial. de Eletrod. e Equip. de áudio e Vídeo,2,3,-1
12/2020,Com. Var. Especial. de Eletrod. e Equip. de áudio e Vídeo,0,1,-1
12/2020,Com. Var. de Outros Produtos não Especif. Ant.,0,1,-1
12/2020,Com. a Var. de Peças e Acessórios Novos para Veíc. Autom.,5,1,4
12/2020,Com. Var. de Art. do Vestuário e Acessórios,0,1,-1
12/2020,Com. Var. Especial. de Equip. e Suprimentos de Informática,2,0,2
12/2020,Com. Var. de Ferragens e Ferramentas,2,0,2
12/2020,Com. Atac. de Embalagens,1,0,1
12/2020,"Com. Var. de Produtos Farmac., sem Manip. de Fórmulas",1,0,1
12/2020,Comercio Var. de Art. de Armarinho,2,0,2
12/2020,Comercio Var. de Art. de Armarinho,0,1,-1
12/2020,Com. Var. de Livros,1,0,1
12/2020,Com. Var. Especial. de Equip. de Telefonia e Comunicação,1,0,1
12/2020,Com. Var. de Comb. para Veíc. Autom.,1,2,-1
12/2020,Com. a Var. de Peças e Acessórios Novos para Veíc. Autom.,0,3,-3
12/2020,Com. Var. de Comb. para Veíc. Autom.,0,1,-1
12/2020,Com. a Var. de Peças e Acessórios Novos para Veíc. Autom.,0,2,-2
12/2020,Com. Var. de Ferragens e Ferramentas,2,1,1
12/2020,"Com. Var. de Cosméticos, Produtos de Perfumaria e de Higiene Pessoal",1,0,1
12/2020,Com. Var. de Produtos Alim. em Geral ou Especial. em Produtos Alim. não Especif. Ant.,2,6,-4
12/2020,"Com. Var. de Doces, Balas, Bombons e Semelhantes",1,2,-1
12/2020,"Com. Var. de Produtos Farmac., sem Manip. de Fórmulas",0,1,-1
12/2020,"Com. a Var. de Automóveis, Camionetas e Utilitários Novos",0,1,-1
12/2020,Com. a Var. de Peças e Acessórios Novos para Veíc. Autom.,0,1,-1
12/2020,Com. Var. de Produtos Alim. em Geral ou Especial. em Produtos Alim. não Especif. Ant.,6,5,1
12/2020,Com. Var. de Ferragens e Ferramentas,0,1,-1
12/2020,Com. Var. de Outros Produtos não Especif. Ant.,0,1,-1
12/2020,Com. Atac. de Embalagens,3,3,0
12/2020,"Com. Var. de Merc. em Geral, com Pred. de Produtos Alim. - Minimercados, Mercearias e Armazéns",0,1,-1
12/2020,Com. Var. de Outros Art. de Uso Doméstico não Especif. Ant.,0,5,-5
12/2020,Com. Var. de Art. do Vestuário e Acessórios,1,1,0
12/2020,"Com. a Var. de Automóveis, Camionetas e Utilitários Novos",1,2,-1
12/2020,Com. Var. de Móveis,23,10,13
12/2020,Com. Var. de Móveis,0,1,-1
12/2020,Com. Var. de Outros Art. de Uso Doméstico não Especif. Ant.,2,0,2
12/2020,Com. Var. de Produtos Saneantes Domissanitários,1,1,0
12/2020,Com. Var. de Móveis,0,1,-1
12/2020,"Lojas de Variedades, Exceto Lojas de Dep. ou Magazines",1,1,0
12/2020,Com. a Var. de Peças e Acessórios Novos para Veíc. Autom.,0,1,-1
12/2020,Com. Atac. de Embalagens,3,1,2
12/2020,Com. Var. de Hortifrutigranjeiros,17,5,12
12/2020,"Com. Atac. de Frutas, Verduras, Raízes, Tubérculos, Hortaliças e Legumes Frescos",3,1,2
12/2020,Com. Var. de Hortifrutigranjeiros,19,9,10
12/2020,"Com. Atac. de Máquinas e Equip. para Uso Industrial, Partes e Peças",0,1,-1
12/2020,Com. Var. de Animais Vivos e de Art. e Alimentos para Animais de Estimação,1,0,1
12/2020,Padaria e Confeitaria com Pred. de Revenda,1,0,1
12/2020,"Com. Var. de Cosméticos, Produtos de Perfumaria e de Higiene Pessoal",1,1,0
12/2020,"Com. Atac. de Merc. em Geral, com Pred. de Produtos Alim.",2,4,-2
12/2020,Com. Var. de Laticínios e Frios,1,0,1
12/2020,"Com. Var. de Merc. em Geral, com Pred. de Produtos Alim. - Minimercados, Mercearias e Armazéns",0,2,-2
12/2020,Com. Var. de Comb. para Veíc. Autom.,1,1,0
12/2020,Representantes Comerciais e Agentes do Com. de Instrumentos e Mat. Odonto-Médico-Hospitalares,4,2,2
12/2020,"Com. Var. de Produtos Farmac., sem Manip. de Fórmulas",1,0,1
12/2020,"Com. Var. de Merc. em Geral, com Pred. de Produtos Alim. - Minimercados, Mercearias e Armazéns",0,1,-1
12/2020,Com. Atac. de Art. de Escritório e de Papelaria,1,1,0
12/2020,Com. Var. de Comb. para Veíc. Autom.,0,1,-1
12/2020,Com. Var. de Calçados,0,1,-1
12/2020,Com. Var. de Madeira e Artefatos,0,2,-2
12/2020,Com. Var. de Móveis,1,3,-2
12/2020,Com. a Var. de Peças e Acessórios Novos para Veíc. Autom.,1,0,1
12/2020,Com. Var. de Tecidos,0,1,-1
12/2020,Com. a Var. de Peças e Acessórios Novos para Veíc. Autom.,0,1,-1
12/2020,Com. Var. de Comb. para Veíc. Autom.,5,3,2
12/2020,"Com. Var. de Merc. em Geral, com Pred. de Produtos Alim. - Minimercados, Mercearias e Armazéns",3,3,0
12/2020,"Com. Var. de Produtos Farmac., sem Manip. de Fórmulas",0,1,-1
12/2020,Com. Var. de Produtos Alim. em Geral ou Especial. em Produtos Alim. não Especif. Ant.,3,0,3
12/2020,Com. Var. de Comb. para Veíc. Autom.,0,1,-1
12/2020,Com. Atac. de Alimentos para Animais,2,1,1
12/2020,Com. Var. de Art. do Vestuário e Acessórios,2,40,-38
12/2020,Com. Var. de Outros Produtos não Especif. Ant.,5,8,-3
12/2020,Com. Var. de Art. de Papelaria,1,0,1
12/2020,Com. Var. de Calçados,0,1,-1
12/2020,Com. Var. de Art. do Vestuário e Acessórios,0,6,-6
12/2020,Com. Var. de Art. do Vestuário e Acessórios,0,6,-6
12/2020,"Com. Atac. de Frutas, Verduras, Raízes, Tubérculos, Hortaliças e Legumes Frescos",1,0,1
12/2020,Com. Var. de Madeira e Artefatos,0,1,-1
12/2020,"Com. Atac. de Máquinas e Equip. para Uso Industrial, Partes e Peças",0,6,-6
12/2020,Com. Var. Especial. de Equip. e Suprimentos de Informática,1,0,1
12/2020,Com. Var. de Art. do Vestuário e Acessórios,0,1,-1
12/2020,Com. Var. de Comb. para Veíc. Autom.,0,1,-1
12/2020,Com. Atac. de Outros Equip. e Art. de Uso Pessoal e Doméstico não Especif. Ant.,0,2,-2
12/2020,Com. Atac. de Equip. Elétricos de Uso Pessoal e Doméstico,1,0,1
12/2020,Com. Var. de Calçados,0,2,-2
12/2020,Com. Var. de Calçados,0,2,-2
12/2020,Com. Var. de Calçados,0,7,-7
12/2020,Padaria e Confeitaria com Pred. de Revenda,0,1,-1
12/2020,Serv. de Manutenção e Reparação Mecânica de Veíc. Autom.,0,1,-1
12/2020,Com. Var. de Plantas e Flores Naturais,1,0,1
12/2020,Com. Var. de Art. do Vestuário e Acessórios,0,1,-1
12/2020,Com. Var. de Carnes - Açougues,1,0,1
12/2020,"Lojas de Variedades, Exceto Lojas de Dep. ou Magazines",1,0,1
12/2020,Com. Var. de Produtos Alim. em Geral ou Especial. em Produtos Alim. não Especif. Ant.,2,0,2
12/2020,Com. a Var. de Peças e Acessórios Novos para Veíc. Autom.,2,0,2
12/2020,Com. Var. de Art. do Vestuário e Acessórios,0,2,-2
12/2020,Com. Var. de Art. do Vestuário e Acessórios,13,2,11
12/2020,Com. Var. de Art. do Vestuário e Acessórios,23,21,2
12/2020,Com. Var. de Art. do Vestuário e Acessórios,12,9,3
12/2020,"Com. Var. de Merc. em Geral, com Pred. de Produtos Alim. - Minimercados, Mercearias e Armazéns",0,1,-1
12/2020,"Com. Var. de Cosméticos, Produtos de Perfumaria e de Higiene Pessoal",2,2,0
12/2020,Com. Var. de Plantas e Flores Naturais,3,0,3
12/2020,Com. Var. de Art. de Joalheria,0,1,-1
12/2020,"Com. Var. de Merc. em Geral, com Pred. de Produtos Alim. - Superm.",0,1,-1
12/2020,Com. Var. de Mat. de Const. em Geral,0,3,-3
12/2020,"Serv. de Lavagem, Lubrificação e Polimento de Veíc. Autom.",0,2,-2
12/2020,Com. Var. de Ferragens e Ferramentas,1,0,1
12/2020,Com. Var. de Calçados,8,8,0
12/2020,"Com. Var. de Produtos Farmac., sem Manip. de Fórmulas",2,0,2
12/2020,Com. Var. de Móveis,2,0,2
12/2020,Com. Var. de Art. do Vestuário e Acessórios,0,1,-1
12/2020,"Com. Var. de Cosméticos, Produtos de Perfumaria e de Higiene Pessoal",1,1,0
12/2020,"Com. Var. de Cosméticos, Produtos de Perfumaria e de Higiene Pessoal",0,2,-2
12/2020,"Com. Var. de Cosméticos, Produtos de Perfumaria e de Higiene Pessoal",2,0,2
12/2020,"Com. Var. de Cosméticos, Produtos de Perfumaria e de Higiene Pessoal",1,0,1
12/2020,"Com. Atac. de Merc. em Geral, com Pred. de Produtos Alim.",8,8,0
12/2020,Representantes Comerciais e Agentes do Com. de Merc. em Geral não Especial.,0,1,-1
12/2020,Com. Var. de Art. de Papelaria,1,0,1
12/2020,Com. Atac. Especial. em Outros Produtos Intermediários não Especif. Ant.,1,5,-4
12/2020,"Com. Atac. de Outras Máquinas e Equip. não Especif. Ant., Partes e Peças",2,3,-1
12/2020,Com. Var. de Brinquedos e Art. Recreativos,0,2,-2
12/2020,Com. Var. de Art. do Vestuário e Acessórios,1,0,1
12/2020,Com. Atac. de Componentes Eletrônicos e Equip. de Telefonia e Comunicação,1,0,1
12/2020,Com. Var. de Art. do Vestuário e Acessórios,6,6,0
12/2020,"Com. Var. de Cosméticos, Produtos de Perfumaria e de Higiene Pessoal",0,4,-4
12/2020,Com. Var. de Mat. de Const. não Especif. Ant.,1,0,1
12/2020,Com. Atac. de Cosméticos e Produtos de Perfumaria,0,1,-1
12/2020,Com. Var. de Outros Produtos não Especif. Ant.,0,2,-2
12/2020,Com. Var. de Ferragens e Ferramentas,1,0,1
12/2020,Com. a Var. de Peças e Acessórios Usados para Veíc. Autom.,3,3,0
12/2020,Com. Var. de Outros Produtos não Especif. Ant.,0,1,-1
12/2020,Com. a Var. de Pneumáticos e Câmaras-De-Ar,1,0,1
12/2020,"Com. Var. de Produtos Farmac., sem Manip. de Fórmulas",1,2,-1
12/2020,Com. Var. de Ferragens e Ferramentas,0,1,-1
12/2020,Com. Var. de Móveis,13,8,5
12/2020,"Com. Atac. de Frutas, Verduras, Raízes, Tubérculos, Hortaliças e Legumes Frescos",0,4,-4
12/2020,Com. Var. de Mat. de Const. em Geral,0,2,-2
12/2020,Com. Var. de Outros Art. de Uso Doméstico não Especif. Ant.,0,1,-1
12/2020,"Com. Var. de Cosméticos, Produtos de Perfumaria e de Higiene Pessoal",0,1,-1
12/2020,Com. a Var. de Peças e Acessórios Novos para Veíc. Autom.,0,1,-1
12/2020,Com. Var. de Livros,2,5,-3
12/2020,Com. Var. de Hortifrutigranjeiros,3,2,1
12/2020,Com. Atac. de Alimentos para Animais,2,0,2
12/2020,Com. Var. de Brinquedos e Art. Recreativos,2,0,2
12/2020,"Com. Var. de Cosméticos, Produtos de Perfumaria e de Higiene Pessoal",2,1,1
12/2020,Com. Var. de Tintas e Mat. para Pintura,0,1,-1
12/2020,Serv. de Manutenção e Reparação Mecânica de Veíc. Autom.,1,0,1
12/2020,"Com. Var. de Doces, Balas, Bombons e Semelhantes",4,9,-5
12/2020,"Com. Atac. de Chocolates, Confeitos, Balas, Bombons e Semelhantes",0,1,-1
12/2020,Com. Var. de Móveis,1,1,0
12/2020,Com. Var. de Móveis,6,0,6
12/2020,Com. Var. Especial. de Equip. de Telefonia e Comunicação,2,1,1
12/2020,Com. Var. de Mat. de Const. não Especif. Ant.,0,1,-1
12/2020,Com. Var. de Calçados,2,0,2
12/2020,"Com. Var. de Cosméticos, Produtos de Perfumaria e de Higiene Pessoal",3,4,-1
12/2020,Com. Var. de Calçados,5,1,4
12/2020,"Com. Var. de Produtos Farmac., sem Manip. de Fórmulas",0,1,-1
12/2020,Com. Var. de Art. do Vestuário e Acessórios,0,1,-1
12/2020,"Com. Var. de Merc. em Geral, com Pred. de Produtos Alim. - Minimercados, Mercearias e Armazéns",0,1,-1
12/2020,"Com. Var. de Merc. em Geral, com Pred. de Produtos Alim. - Minimercados, Mercearias e Armazéns",0,1,-1
12/2020,Com. Var. de Calçados,10,8,2
12/2020,Com. Var. de Art. do Vestuário e Acessórios,1,0,1
12/2020,Com. Var. de Calçados,1,0,1
12/2020,Com. Var. de Calçados,1,0,1
12/2020,Comercio Var. de Art. de Armarinho,4,1,3
12/2020,Padaria e Confeitaria com Pred. de Revenda,3,0,3
12/2020,Com. Var. de Art. do Vestuário e Acessórios,0,2,-2
12/2020,"Com. Var. de Doces, Balas, Bombons e Semelhantes",1,0,1
12/2020,Com. Var. de Outros Produtos não Especif. Ant.,0,1,-1
12/2020,Com. Var. Especial. de Equip. e Suprimentos de Informática,1,0,1
12/2020,Com. Var. de Produtos Alim. em Geral ou Especial. em Produtos Alim. não Especif. Ant.,2,0,2
12/2020,Com. Var. de Art. do Vestuário e Acessórios,0,1,-1
12/2020,Com. Var. de Brinquedos e Art. Recreativos,1,0,1
12/2020,"Serv. de Lavagem, Lubrificação e Polimento de Veíc. Autom.",0,9,-9
12/2020,"Com. Var. de Doces, Balas, Bombons e Semelhantes",1,0,1
12/2020,"Com. Var. de Doces, Balas, Bombons e Semelhantes",3,1,2
12/2020,Com. Var. Especial. de Equip. de Telefonia e Comunicação,0,1,-1
12/2020,"Representantes Comerciais e Agentes do Com. de Máquinas, Equip., Embarcações e Aeronaves",0,1,-1
12/2020,"Com. Var. de Produtos Farmac., com Manip. de Fórmulas",4,3,1
12/2020,Com. Var. de Outros Produtos não Especif. Ant.,0,1,-1
12/2020,Com. Var. de Ferragens e Ferramentas,0,1,-1
12/2020,Com. Var. Especial. de Equip. de Telefonia e Comunicação,1,0,1
12/2020,Com. Var. de Art. do Vestuário e Acessórios,1,0,1
12/2020,Com. Var. de Animais Vivos e de Art. e Alimentos para Animais de Estimação,1,1,0
12/2020,Com. Var. de Outros Produtos não Especif. Ant.,0,1,-1
12/2020,"Com. Atac. de Resíduos e Sucatas Não-Metálicos, Exceto de Papel e Papelão",1,0,1
12/2020,"Lojas de Variedades, Exceto Lojas de Dep. ou Magazines",1,0,1
12/2020,"Serv. de Lavagem, Lubrificação e Polimento de Veíc. Autom.",2,2,0
12/2020,Com. Var. de Comb. para Veíc. Autom.,1,0,1
12/2020,Com. Var. de Calçados,0,1,-1
12/2020,Com. Var. Especial. de Equip. e Suprimentos de Informática,1,0,1
12/2020,Com. Var. de Animais Vivos e de Art. e Alimentos para Animais de Estimação,1,0,1
12/2020,Com. Var. de Art. de óptica,0,1,-1
12/2020,Com. Var. de Art. do Vestuário e Acessórios,1,1,0
12/2020,Com. Var. de Art. do Vestuário e Acessórios,0,1,-1
12/2020,"Com. Var. de Cosméticos, Produtos de Perfumaria e de Higiene Pessoal",0,1,-1
12/2020,"Com. Var. de Cosméticos, Produtos de Perfumaria e de Higiene Pessoal",0,2,-2
12/2020,Com. Var. Especial. de Equip. de Telefonia e Comunicação,0,1,-1
12/2020,Com. Var. de Art. do Vestuário e Acessórios,2,1,1
12/2020,Com. Var. de Móveis,1,0,1
12/2020,Com. a Var. de Peças e Acessórios Novos para Veíc. Autom.,2,1,1
12/2020,Com. Var. de Art. do Vestuário e Acessórios,0,1,-1
12/2020,Com. Var. Especial. de Eletrod. e Equip. de áudio e Vídeo,5,1,4
12/2020,"Com. Var. de Suvenires, Bijuterias e Artesanatos",1,0,1
12/2020,Com. Var. de Art. de óptica,1,1,0
12/2020,Com. Var. de Livros,0,1,-1
12/2020,Com. Var. de Carnes - Açougues,1,1,0
12/2020,Serv. de Lanternagem ou Funilaria e Pintura de Veíc. Autom.,1,0,1
12/2020,Com. Atac. de Componentes Eletrônicos e Equip. de Telefonia e Comunicação,1,1,0
12/2020,Com. Var. Especial. de Equip. de Telefonia e Comunicação,1,0,1
12/2020,Com. Var. Especial. de Equip. de Telefonia e Comunicação,1,0,1
12/2020,"Lojas de Variedades, Exceto Lojas de Dep. ou Magazines",0,2,-2
12/2020,Com. a Var. de Pneumáticos e Câmaras-De-Ar,0,1,-1
12/2020,Padaria e Confeitaria com Pred. de Revenda,0,1,-1
12/2020,Padaria e Confeitaria com Pred. de Revenda,2,1,1
12/2020,Com. Var. de Art. de óptica,2,1,1
12/2020,Com. Var. de Art. do Vestuário e Acessórios,1,1,0
12/2020,Com. Var. de Plantas e Flores Naturais,0,1,-1
12/2020,Com. Var. de Móveis,1,0,1
12/2020,Padaria e Confeitaria com Pred. de Revenda,0,1,-1
12/2020,Com. a Var. de Peças e Acessórios Novos para Veíc. Autom.,0,1,-1
12/2020,Com. Var. de Art. do Vestuário e Acessórios,13,9,4
12/2020,"Com. Var. de Merc. em Geral, com Pred. de Produtos Alim. - Minimercados, Mercearias e Armazéns",1,0,1
12/2020,Com. Var. de Art. do Vestuário e Acessórios,0,2,-2
12/2020,Com. Var. de Comb. para Veíc. Autom.,1,3,-2
12/2020,"Com. Var. de Cosméticos, Produtos de Perfumaria e de Higiene Pessoal",0,1,-1
12/2020,"Com. Atac. de Outras Máquinas e Equip. não Especif. Ant., Partes e Peças",3,3,0
12/2020,Com. Atac. de Ferragens e Ferramentas,0,1,-1
12/2020,Com. Var. de Móveis,2,0,2
12/2020,Com. Var. de Outros Produtos não Especif. Ant.,0,1,-1
12/2020,Padaria e Confeitaria com Pred. de Revenda,0,1,-1
12/2020,Com. Var. de Produtos Alim. em Geral ou Especial. em Produtos Alim. não Especif. Ant.,1,1,0
12/2020,Com. Atac. de Ferragens e Ferramentas,0,1,-1
12/2020,Com. Var. de Brinquedos e Art. Recreativos,0,1,-1
12/2020,"Com. Var. de Merc. em Geral, com Pred. de Produtos Alim. - Minimercados, Mercearias e Armazéns",1,0,1
12/2020,Com. Var. de Art. do Vestuário e Acessórios,1,0,1
12/2020,Com. a Var. de Peças e Acessórios Novos para Veíc. Autom.,2,0,2
12/2020,Com. Var. de Plantas e Flores Naturais,0,1,-1
12/2020,"Com. Atac. de Instrumentos e Mat. para Uso Médico, Cirúrgico, Hospitalar e de Laboratórios",3,5,-2
12/2020,"Com. Var. de Cosméticos, Produtos de Perfumaria e de Higiene Pessoal",1,0,1
12/2020,"Com. Var. de Suvenires, Bijuterias e Artesanatos",1,0,1
12/2020,Padaria e Confeitaria com Pred. de Revenda,0,1,-1
12/2020,Com. Var. de Outros Produtos não Especif. Ant.,2,0,2
12/2020,Com. Var. de Outros Produtos não Especif. Ant.,1,1,0
12/2020,Com. Var. de Ferragens e Ferramentas,0,1,-1
12/2020,Com. Var. de Comb. para Veíc. Autom.,2,2,0
12/2020,Lojas de Dep. ou Magazines (Desativado),6,5,1
12/2020,"Com. a Var. de Automóveis, Camionetas e Utilitários Novos",0,1,-1
12/2020,Com. Var. de Móveis,1,2,-1
12/2020,Com. Var. de Comb. para Veíc. Autom.,0,1,-1
12/2020,"Lojas de Variedades, Exceto Lojas de Dep. ou Magazines",0,1,-1
12/2020,Com. Var. de Produtos Alim. em Geral ou Especial. em Produtos Alim. não Especif. Ant.,3,2,1
12/2020,Serv. de Manutenção e Reparação Mecânica de Veíc. Autom.,1,0,1
12/2020,Com. Var. de Art. do Vestuário e Acessórios,1,0,1
12/2020,Com. Var. de Outros Produtos não Especif. Ant.,0,1,-1
12/2020,Com. Var. de Material Elétrico,0,1,-1
12/2020,Com. Atac. de Cosméticos e Produtos de Perfumaria,1,1,0
12/2020,Com. Var. de Móveis,0,1,-1
12/2020,Com. Var. de Calçados,0,1,-1
12/2020,Com. Var. de Art. do Vestuário e Acessórios,1,0,1
12/2020,Com. Var. de Art. do Vestuário e Acessórios,1,1,0
12/2020,Com. Var. de Art. de Joalheria,1,1,0
12/2020,Com. a Var. de Peças e Acessórios Novos para Veíc. Autom.,0,2,-2
12/2020,"Com. Var. de Merc. em Geral, com Pred. de Produtos Alim. - Superm.",0,1,-1
12/2020,Com. Atac. de Produtos Alim. em Geral,7,12,-5
12/2020,"Com. Var. de Merc. em Geral, com Pred. de Produtos Alim. - Minimercados, Mercearias e Armazéns",2,2,0
12/2020,Com. Var. Especial. de Eletrod. e Equip. de áudio e Vídeo,3,4,-1
12/2020,Com. Var. de Outros Art. de Uso Doméstico não Especif. Ant.,0,1,-1
12/2020,"Com. Var. de Produtos Farmac., sem Manip. de Fórmulas",0,1,-1
12/2020,Com. Var. de Ferragens e Ferramentas,1,0,1
12/2020,Com. Var. de Comb. para Veíc. Autom.,0,1,-1
12/2020,"Com. Var. de Suvenires, Bijuterias e Artesanatos",1,0,1
12/2020,"Com. Var. Especial. de Peças e Acessórios para Aparelhos Eletroeletrônicos para Uso Doméstico, Exceto Informática e Comunicação",0,1,-1
12/2020,Com. Var. de Art. do Vestuário e Acessórios,1,0,1
12/2020,Com. Var. de Laticínios e Frios,0,2,-2
12/2020,Com. Var. de Calçados,0,1,-1
12/2020,Com. a Var. de Pneumáticos e Câmaras-De-Ar,0,1,-1
12/2020,Com. Var. de Mat. de Const. em Geral,2,0,2
12/2020,Com. Var. de Art. do Vestuário e Acessórios,3,1,2
12/2020,Com. Var. de Outros Art. de Uso Doméstico não Especif. Ant.,0,1,-1
12/2020,Com. Var. de Art. do Vestuário e Acessórios,1,0,1
12/2020,Com. Var. de Mat. de Const. em Geral,3,2,1
12/2020,Com. Var. de Art. do Vestuário e Acessórios,2,2,0
12/2020,Com. Var. de Animais Vivos e de Art. e Alimentos para Animais de Estimação,1,0,1
12/2020,Com. Atac. de Cosméticos e Produtos de Perfumaria,0,2,-2
12/2020,Com. Var. de Outros Art. de Uso Doméstico não Especif. Ant.,1,0,1
12/2020,Com. Var. de Outros Produtos não Especif. Ant.,1,0,1
12/2020,Com. Var. de Mat. de Const. não Especif. Ant.,1,0,1
12/2020,Com. Var. de Produtos Alim. em Geral ou Especial. em Produtos Alim. não Especif. Ant.,0,1,-1
12/2020,Com. Var. de Produtos Alim. em Geral ou Especial. em Produtos Alim. não Especif. Ant.,0,1,-1
12/2020,Com. Var. de Art. de óptica,0,1,-1
12/2020,Com. Var. de Outros Art. de Uso Doméstico não Especif. Ant.,1,0,1
12/2020,Com. Var. de Hortifrutigranjeiros,1,0,1
12/2020,Com. Var. de Merc. em Lojas de Conveniência,6,0,6
12/2020,"Lojas de Variedades, Exceto Lojas de Dep. ou Magazines",1,0,1
12/2020,Com. Var. de Laticínios e Frios,2,2,0
12/2020,Serv. de Borracharia para Veíc. Autom.,0,1,-1
12/2020,Padaria e Confeitaria com Pred. de Revenda,2,1,1
12/2020,Com. Var. Especial. de Equip. de Telefonia e Comunicação,2,1,1
12/2020,"Com. Var. de Produtos Farmac., sem Manip. de Fórmulas",1,0,1
12/2020,Com. Var. de Art. do Vestuário e Acessórios,3,0,3
12/2020,Com. Var. de Comb. para Veíc. Autom.,1,0,1
12/2020,Com. Var. de Art. do Vestuário e Acessórios,1,0,1
12/2020,Com. Var. de Animais Vivos e de Art. e Alimentos para Animais de Estimação,0,1,-1
12/2020,Com. Var. de Animais Vivos e de Art. e Alimentos para Animais de Estimação,1,1,0
12/2020,Com. Var. de Móveis,1,0,1
12/2020,"Com. Atac. de Resíduos e Sucatas Não-Metálicos, Exceto de Papel e Papelão",0,5,-5
12/2020,Com. Var. de Merc. em Lojas de Conveniência,0,1,-1
12/2020,Padaria e Confeitaria com Pred. de Revenda,1,1,0
12/2020,"Com. a Var. de Automóveis, Camionetas e Utilitários Usados",0,1,-1
12/2020,"Comercio Var. de Art. de Cama, Mesa e Banho",0,2,-2
12/2020,Com. Var. de Art. de Joalheria,1,0,1
12/2020,Serv. de Lanternagem ou Funilaria e Pintura de Veíc. Autom.,1,0,1
12/2020,Com. Var. de Produtos Alim. em Geral ou Especial. em Produtos Alim. não Especif. Ant.,2,0,2
12/2020,Com. Var. de Produtos Alim. em Geral ou Especial. em Produtos Alim. não Especif. Ant.,1,0,1
12/2020,"Com. Var. de Doces, Balas, Bombons e Semelhantes",0,1,-1
12/2020,Com. Var. de Outros Produtos não Especif. Ant.,1,0,1
12/2020,Com. Var. de Outros Produtos não Especif. Ant.,0,1,-1
12/2020,Com. Var. de Art. do Vestuário e Acessórios,0,1,-1
12/2020,Com. Atac. de Mat. de Const. em Geral,1,0,1
12/2020,"Com. Var. de Merc. em Geral, com Pred. de Produtos Alim. - Minimercados, Mercearias e Armazéns",1,0,1
12/2020,Com. Var. de Outros Produtos não Especif. Ant.,0,1,-1
12/2020,Com. Var. de Art. do Vestuário e Acessórios,0,1,-1
12/2020,Com. Var. de Calçados,0,3,-3
12/2020,"Com. Var. de Cosméticos, Produtos de Perfumaria e de Higiene Pessoal",2,0,2
12/2020,"Com. Var. de Doces, Balas, Bombons e Semelhantes",1,0,1
12/2020,Com. Var. de Outros Produtos não Especif. Ant.,4,1,3
12/2020,Com. Var. de Art. do Vestuário e Acessórios,3,2,1
12/2020,Com. Var. de Art. de Viagem,0,1,-1
12/2020,Com. Var. de Mat. de Const. em Geral,0,1,-1
12/2020,"Com. a Var. de Automóveis, Camionetas e Utilitários Novos",1,0,1
12/2020,Com. a Var. de Pneumáticos e Câmaras-De-Ar,2,1,1
12/2020,Com. Var. de Bebidas,1,0,1
12/2020,Serv. de Manutenção e Reparação Mecânica de Veíc. Autom.,0,1,-1
12/2020,"Com. Var. de Produtos Farmac., sem Manip. de Fórmulas",1,1,0
12/2020,Com. Var. de Art. do Vestuário e Acessórios,0,1,-1
12/2020,"Com. Var. de Merc. em Geral, com Pred. de Produtos Alim. - Hipermercados",5,5,0
12/2020,"Com. a Var. de Automóveis, Camionetas e Utilitários Usados",0,1,-1
12/2020,Com. Var. de Art. de Joalheria,1,1,0
12/2020,"Com. Var. de Merc. em Geral, com Pred. de Produtos Alim. - Superm.",1,1,0
12/2020,"Lojas de Variedades, Exceto Lojas de Dep. ou Magazines",0,1,-1
12/2020,"Serv. de Lavagem, Lubrificação e Polimento de Veíc. Autom.",1,1,0
12/2020,Com. Var. de Art. do Vestuário e Acessórios,0,1,-1
12/2020,Com. Var. de Art. do Vestuário e Acessórios,3,4,-1
12/2020,Com. por Atacado de Pneumáticos e Câmaras-De-Ar,0,1,-1
12/2020,Com. Var. de Calçados,2,0,2
12/2020,"Com. Var. de Suvenires, Bijuterias e Artesanatos",3,1,2
12/2020,Com. Atac. de Produtos Alim. em Geral,53,13,40
12/2020,Com. Atac. Especial. em Outros Produtos Alim. não Especif. Ant.,4,2,2
12/2020,Com. Var. de Art. de Papelaria,3,0,3
12/2020,Com. Var. de Produtos Alim. em Geral ou Especial. em Produtos Alim. não Especif. Ant.,0,1,-1
12/2020,"Com. Var. de Doces, Balas, Bombons e Semelhantes",2,0,2
12/2020,Com. Var. de Art. de óptica,1,0,1
12/2020,Peixaria,0,1,-1
12/2020,Com. Var. de Hortifrutigranjeiros,1,1,0
12/2020,Com. Var. de Produtos Alim. em Geral ou Especial. em Produtos Alim. não Especif. Ant.,0,1,-1
12/2020,Com. Var. de Plantas e Flores Naturais,0,4,-4
12/2020,Com. Var. de Art. do Vestuário e Acessórios,2,0,2
12/2020,"Com. a Var. de Automóveis, Camionetas e Utilitários Usados",0,1,-1
12/2020,Com. Var. de Art. do Vestuário e Acessórios,3,4,-1
12/2020,Com. Atac. de Café em Grão,1,0,1
12/2020,Com. Var. de Material Elétrico,0,3,-3
12/2020,Com. a Var. de Peças e Acessórios Novos para Veíc. Autom.,1,0,1
12/2020,"Com. Var. de Merc. em Geral, com Pred. de Produtos Alim. - Minimercados, Mercearias e Armazéns",2,0,2
12/2020,"Com. Var. de Produtos Farmac., sem Manip. de Fórmulas",0,1,-1
12/2020,Com. Var. de Art. de óptica,1,1,0
12/2020,Com. Var. de Outros Produtos não Especif. Ant.,0,1,-1
12/2020,"Com. Var. de Cosméticos, Produtos de Perfumaria e de Higiene Pessoal",1,0,1
12/2020,Serv. de Borracharia para Veíc. Autom.,1,0,1
12/2020,Com. Var. de Móveis,0,1,-1
12/2020,"Com. Var. de Merc. em Geral, com Pred. de Produtos Alim. - Superm.",11,18,-7
12/2020,"Com. Var. de Merc. em Geral, com Pred. de Produtos Alim. - Superm.",2,7,-5
12/2020,Com. Var. Especial. de Equip. de Telefonia e Comunicação,1,0,1
12/2020,Com. Var. Especial. de Eletrod. e Equip. de áudio e Vídeo,1,0,1
12/2020,Com. Var. Especial. de Eletrod. e Equip. de áudio e Vídeo,91,39,52
12/2020,Com. Var. Especial. de Eletrod. e Equip. de áudio e Vídeo,3,3,0
12/2020,Com. Var. Especial. de Eletrod. e Equip. de áudio e Vídeo,1,1,0
12/2020,Com. Var. Especial. de Eletrod. e Equip. de áudio e Vídeo,0,1,-1
12/2020,Com. Var. Especial. de Eletrod. e Equip. de áudio e Vídeo,21,52,-31
12/2020,Com. Var. Especial. de Eletrod. e Equip. de áudio e Vídeo,0,1,-1
12/2020,"Com. Var. de Merc. em Geral, com Pred. de Produtos Alim. - Minimercados, Mercearias e Armazéns",0,1,-1
12/2020,"Com. Var. de Merc. em Geral, com Pred. de Produtos Alim. - Minimercados, Mercearias e Armazéns",2,1,1
12/2020,Com. Var. de Art. do Vestuário e Acessórios,19,7,12
12/2020,Com. Var. de Art. do Vestuário e Acessórios,12,6,6
12/2020,Com. Var. de Art. do Vestuário e Acessórios,0,1,-1
12/2020,Com. Var. de Mat. de Const. não Especif. Ant.,1,0,1
12/2020,Com. Var. de Art. do Vestuário e Acessórios,4,0,4
12/2020,Com. Atac. Especial. em Outros Produtos Alim. não Especif. Ant.,0,1,-1
12/2020,Com. Var. Especial. de Equip. de Telefonia e Comunicação,0,1,-1
12/2020,Com. Var. de Ferragens e Ferramentas,0,2,-2
12/2020,Com. Var. de Calçados,0,2,-2
12/2020,Com. Var. de Comb. para Veíc. Autom.,1,0,1
12/2020,Com. Var. de Art. Esportivos,6,4,2
12/2020,Com. Var. de Outros Art. Usados,1,0,1
12/2020,"Com. a Var. de Automóveis, Camionetas e Utilitários Usados",1,0,1
12/2020,Com. Var. de Art. do Vestuário e Acessórios,1,3,-2
12/2020,"Com. Var. de Produtos Farmac., sem Manip. de Fórmulas",1,0,1
12/2020,"Com. Atac. de Outras Máquinas e Equip. não Especif. Ant., Partes e Peças",3,3,0
12/2020,"Com. Atac. de Outras Máquinas e Equip. não Especif. Ant., Partes e Peças",1,1,0
12/2020,Com. Var. de Merc. em Lojas de Conveniência,1,1,0
12/2020,"Com. Var. de Cosméticos, Produtos de Perfumaria e de Higiene Pessoal",1,0,1
12/2020,Com. Var. de Outros Art. de Uso Doméstico não Especif. Ant.,3,0,3
12/2020,"Com. Var. de Produtos Farmac., sem Manip. de Fórmulas",2,1,1
12/2020,Com. Var. de Art. Esportivos,1,1,0
12/2020,"Com. Var. de Produtos Farmac., sem Manip. de Fórmulas",2,1,1
12/2020,Com. a Var. de Peças e Acessórios Novos para Veíc. Autom.,0,1,-1
12/2020,Com. Var. de Art. de óptica,2,2,0
12/2020,Com. Var. de Art. de óptica,6,6,0
12/2020,Com. Var. de Art. de óptica,6,4,2
12/2020,Padaria e Confeitaria com Pred. de Revenda,2,0,2
12/2020,Com. Var. de Comb. para Veíc. Autom.,2,2,0
12/2020,Com. Var. de Mat. de Const. em Geral,1,0,1
12/2020,"Com. Atac. de Frutas, Verduras, Raízes, Tubérculos, Hortaliças e Legumes Frescos",2,0,2
12/2020,Com. Var. de Art. do Vestuário e Acessórios,1,1,0
12/2020,"Lojas de Variedades, Exceto Lojas de Dep. ou Magazines",2,0,2
12/2020,Com. Var. de Produtos Alim. em Geral ou Especial. em Produtos Alim. não Especif. Ant.,1,0,1
12/2020,Com. Var. de Bebidas,1,0,1
12/2020,Com. Var. de Art. de Papelaria,0,1,-1
12/2020,Com. Var. de Art. do Vestuário e Acessórios,0,1,-1
12/2020,Com. Var. de Calçados,4,0,4
12/2020,Com. Var. Especial. de Equip. e Suprimentos de Informática,1,0,1
12/2020,Com. Var. de Bebidas,1,0,1
12/2020,Com. Var. de Art. do Vestuário e Acessórios,5,0,5
12/2020,Com. Var. de Art. do Vestuário e Acessórios,1,0,1
12/2020,Com. Var. de Outros Produtos não Especif. Ant.,1,0,1
12/2020,Com. Var. de Art. do Vestuário e Acessórios,1,0,1
12/2020,Com. Var. de Produtos Alim. em Geral ou Especial. em Produtos Alim. não Especif. Ant.,2,0,2
12/2020,Com. Var. de Merc. em Lojas de Conveniência,2,0,2
12/2020,Com. Var. de Art. do Vestuário e Acessórios,2,0,2
12/2020,Com. Atac. de Embalagens,8,1,7
12/2020,Serv. de Lanternagem ou Funilaria e Pintura de Veíc. Autom.,1,1,0
12/2020,"Com. Var. de Suvenires, Bijuterias e Artesanatos",1,0,1
12/2020,Com. Var. de Calçados,1,0,1
12/2020,Com. Var. de Outros Produtos não Especif. Ant.,0,1,-1
12/2020,Lojas de Dep. ou Magazines (Desativado),1,1,0
12/2020,Com. Var. de Produtos Alim. em Geral ou Especial. em Produtos Alim. não Especif. Ant.,0,1,-1
12/2020,Com. Var. de Tecidos,1,0,1
12/2020,Serv. de Manutenção e Reparação Mecânica de Veíc. Autom.,1,0,1
12/2020,"Com. Var. de Cosméticos, Produtos de Perfumaria e de Higiene Pessoal",4,0,4
12/2020,"Lojas de Variedades, Exceto Lojas de Dep. ou Magazines",1,0,1
12/2020,Com. Atac. de Bebidas não Especificadas Ant.,3,0,3
12/2020,Com. Atac. de Fios e Fibras Têxteis Beneficiados,1,0,1
12/2020,"Serv. de Lavagem, Lubrificação e Polimento de Veíc. Autom.",1,0,1
12/2020,Com. Atac. de Art. de Escritório e de Papelaria,1,0,1
12/2020,Com. Var. Especial. de Eletrod. e Equip. de áudio e Vídeo,1,0,1
12/2020,Com. Var. Especial. de Eletrod. e Equip. de áudio e Vídeo,1,0,1
12/2020,"Com. Var. de Cosméticos, Produtos de Perfumaria e de Higiene Pessoal",2,2,0
12/2020,Com. Var. de Mat. de Const. não Especif. Ant.,3,1,2
12/2020,Com. Var. de Plantas e Flores Naturais,0,1,-1
12/2020,Comercio Var. de Art. de Armarinho,1,0,1
12/2020,Com. Var. de Art. do Vestuário e Acessórios,12,0,12
12/2020,Com. Var. de Art. do Vestuário e Acessórios,6,1,5
12/2020,Com. Var. de Calçados,3,3,0
12/2020,Com. Var. de Calçados,5,3,2
12/2020,Com. Var. de Calçados,3,1,2
12/2020,Com. Var. de Calçados,1,1,0
12/2020,Com. Var. de Calçados,3,7,-4
12/2020,Com. Var. de Calçados,1,0,1
12/2020,"Com. Var. de Merc. em Geral, com Pred. de Produtos Alim. - Hipermercados",10,8,2
12/2020,Com. Var. de Comb. para Veíc. Autom.,3,1,2
12/2020,"Com. Var. de Produtos Farmac., sem Manip. de Fórmulas",1,1,0
12/2020,Com. Atac. de Ferragens e Ferramentas,1,0,1
12/2020,Com. Var. de Carnes - Açougues,0,1,-1
12/2020,Com. Var. de Calçados,4,4,0
12/2020,Com. Var. de Art. do Vestuário e Acessórios,7,2,5
12/2020,Com. Var. de Madeira e Artefatos,1,3,-2
12/2020,Com. Atac. de Produtos Alim. em Geral,1,3,-2
12/2020,Com. Var. de Móveis,1,1,0
12/2020,Com. Var. de Art. do Vestuário e Acessórios,15,14,1
12/2020,Com. Var. de Art. do Vestuário e Acessórios,2,1,1
12/2020,Com. a Var. de Peças e Acessórios Novos para Veíc. Autom.,0,1,-1
12/2020,"Com. Var. de Merc. em Geral, com Pred. de Produtos Alim. - Superm.",0,2,-2
12/2020,"Com. Var. de Merc. em Geral, com Pred. de Produtos Alim. - Superm.",2,2,0
12/2020,Com. Var. de Plantas e Flores Naturais,1,0,1
12/2020,"Com. Atac. de Chocolates, Confeitos, Balas, Bombons e Semelhantes",1,0,1
12/2020,Lojas de Dep. ou Magazines (Desativado),1,0,1
12/2020,Lojas de Dep. ou Magazines (Desativado),0,1,-1
12/2020,Com. Var. de Art. de óptica,1,1,0
12/2020,Com. Var. de Comb. para Veíc. Autom.,0,2,-2
12/2020,Com. Var. de Art. do Vestuário e Acessórios,1,0,1
12/2020,Com. Var. de Tintas e Mat. para Pintura,1,0,1
12/2020,"Com. Var. de Cosméticos, Produtos de Perfumaria e de Higiene Pessoal",1,0,1
12/2020,Com. a Var. de Peças e Acessórios Novos para Veíc. Autom.,1,1,0
12/2020,"Comercio Var. de Art. de Cama, Mesa e Banho",0,1,-1
12/2020,Com. Var. de Art. de Papelaria,1,0,1
12/2020,Com. Var. de Comb. para Veíc. Autom.,0,1,-1
12/2020,Com. Var. de Art. de Joalheria,1,0,1
12/2020,Com. Var. de Mat. de Const. em Geral,1,0,1
12/2020,Com. a Var. de Peças e Acessórios Novos para Veíc. Autom.,2,2,0
12/2020,Com. Var. de Comb. para Veíc. Autom.,2,0,2
12/2020,"Com. a Var. de Automóveis, Camionetas e Utilitários Novos",1,0,1
12/2020,Com. Var. de Ferragens e Ferramentas,0,1,-1
12/2020,Com. Var. de Produtos Alim. em Geral ou Especial. em Produtos Alim. não Especif. Ant.,1,0,1
12/2020,Com. a Var. de Peças e Acessórios Novos para Veíc. Autom.,0,1,-1
12/2020,Com. por Atacado de Caminhões Novos e Usados,1,1,0
12/2020,Com. a Var. de Pneumáticos e Câmaras-De-Ar,1,0,1
12/2020,"Com. Var. de Merc. em Geral, com Pred. de Produtos Alim. - Minimercados, Mercearias e Armazéns",2,0,2
12/2020,Com. a Var. de Motocicletas e Motonetas Novas,1,0,1
12/2020,"Com. Var. de Produtos Farmac., sem Manip. de Fórmulas",1,0,1
12/2020,Com. Var. de Comb. para Veíc. Autom.,1,1,0
12/2020,"Com. Var. de Merc. em Geral, com Pred. de Produtos Alim. - Superm.",0,1,-1
12/2020,"Com. Var. de Merc. em Geral, com Pred. de Produtos Alim. - Superm.",2,0,2
12/2020,"Com. Var. de Merc. em Geral, com Pred. de Produtos Alim. - Superm.",80,10,70
12/2020,"Com. Var. de Merc. em Geral, com Pred. de Produtos Alim. - Superm.",1,1,0
12/2020,"Com. Var. de Merc. em Geral, com Pred. de Produtos Alim. - Superm.",2,1,1
12/2020,Com. Var. de Comb. para Veíc. Autom.,1,0,1
12/2020,"Com. Var. de Merc. em Geral, com Pred. de Produtos Alim. - Superm.",7,4,3
12/2020,"Com. Var. de Merc. em Geral, com Pred. de Produtos Alim. - Superm.",1,1,0
12/2020,"Com. Var. de Merc. em Geral, com Pred. de Produtos Alim. - Superm.",11,9,2
12/2020,"Com. Var. de Merc. em Geral, com Pred. de Produtos Alim. - Superm.",3,5,-2
12/2020,"Com. Var. de Merc. em Geral, com Pred. de Produtos Alim. - Superm.",8,7,1
12/2020,"Com. Var. de Merc. em Geral, com Pred. de Produtos Alim. - Superm.",11,5,6
12/2020,"Com. Var. de Merc. em Geral, com Pred. de Produtos Alim. - Superm.",1,1,0
12/2020,"Com. Var. de Merc. em Geral, com Pred. de Produtos Alim. - Superm.",7,3,4
12/2020,"Com. Var. de Merc. em Geral, com Pred. de Produtos Alim. - Superm.",5,3,2
12/2020,"Com. Var. de Merc. em Geral, com Pred. de Produtos Alim. - Superm.",12,7,5
12/2020,"Com. a Var. de Automóveis, Camionetas e Utilitários Novos",3,1,2
12/2020,"Com. Var. de Doces, Balas, Bombons e Semelhantes",0,1,-1
12/2020,"Com. Var. de Merc. em Geral, com Pred. de Produtos Alim. - Superm.",10,7,3
12/2020,"Com. Var. de Merc. em Geral, com Pred. de Produtos Alim. - Superm.",4,5,-1
12/2020,"Com. Var. de Merc. em Geral, com Pred. de Produtos Alim. - Superm.",12,1,11
12/2020,"Com. Var. de Merc. em Geral, com Pred. de Produtos Alim. - Superm.",11,2,9
12/2020,"Com. Var. de Merc. em Geral, com Pred. de Produtos Alim. - Superm.",8,2,6
12/2020,"Com. Atac. de Frutas, Verduras, Raízes, Tubérculos, Hortaliças e Legumes Frescos",4,3,1
12/2020,Com. Var. de Outros Art. de Uso Doméstico não Especif. Ant.,1,0,1
12/2020,Com. a Var. de Motocicletas e Motonetas Novas,0,1,-1
12/2020,Com. Atac. de Art. de Escritório e de Papelaria,0,2,-2
12/2020,"Com. Var. de Produtos Farmac., sem Manip. de Fórmulas",0,1,-1
12/2020,"Com. Atac. de Máquinas, Aparelhos e Equip. para Uso Agropecuário, Partes e Peças",15,6,9
12/2020,Com. Atac. de Produtos Alim. em Geral,3,3,0
12/2020,Com. Var. de Mat. de Const. em Geral,0,3,-3
12/2020,Com. Var. de Calçados,14,9,5
12/2020,Com. Var. de Calçados,28,23,5
12/2020,"Com. Var. de Produtos Farmac., com Manip. de Fórmulas",13,8,5
12/2020,Comercio Var. de Art. de Armarinho,1,1,0
12/2020,Com. a Var. de Peças e Acessórios Novos para Veíc. Autom.,1,0,1
12/2020,Com. por Atacado de Peças e Acessórios Novos para Veíc. Autom.,0,1,-1
12/2020,Padaria e Confeitaria com Pred. de Revenda,2,2,0
12/2020,Com. Var. de Animais Vivos e de Art. e Alimentos para Animais de Estimação,3,2,1
12/2020,"Com. Atac. de Outras Máquinas e Equip. não Especif. Ant., Partes e Peças",0,5,-5
12/2020,Com. Var. de Animais Vivos e de Art. e Alimentos para Animais de Estimação,0,1,-1
12/2020,"Com. Atac. de Máquinas e Equip. para Uso Industrial, Partes e Peças",1,0,1
12/2020,"Com. Atac. de Máquinas e Equip. para Uso Industrial, Partes e Peças",1,0,1
12/2020,Com. a Var. de Pneumáticos e Câmaras-De-Ar,0,1,-1
12/2020,"Com. Var. de Merc. em Geral, com Pred. de Produtos Alim. - Minimercados, Mercearias e Armazéns",4,1,3
12/2020,Serv. de Manutenção e Reparação Mecânica de Veíc. Autom.,1,0,1
12/2020,Com. Var. de Madeira e Artefatos,0,1,-1
12/2020,"Com. Var. de Merc. em Geral, com Pred. de Produtos Alim. - Minimercados, Mercearias e Armazéns",2,0,2
12/2020,"Com. Var. de Merc. em Geral, com Pred. de Produtos Alim. - Minimercados, Mercearias e Armazéns",0,1,-1
12/2020,Com. Var. de Mat. de Const. não Especif. Ant.,2,0,2
12/2020,Com. a Var. de Peças e Acessórios Novos para Veíc. Autom.,1,0,1
12/2020,"Com. a Var. de Automóveis, Camionetas e Utilitários Novos",7,3,4
12/2020,"Com. Atac. de Resíduos e Sucatas Não-Metálicos, Exceto de Papel e Papelão",0,2,-2
12/2020,Com. a Var. de Peças e Acessórios Novos para Veíc. Autom.,0,1,-1
12/2020,Com. Var. de Equip. para Escritório,1,0,1
12/2020,Com. Atac. de Outros Equip. e Art. de Uso Pessoal e Doméstico não Especif. Ant.,0,1,-1
12/2020,"Com. Atac. de Máquinas, Aparelhos e Equip. para Uso Agropecuário, Partes e Peças",5,0,5
12/2020,"Com. Var. de Art. de Caça, Pesca e Camping",1,0,1
12/2020,Com. Var. de Art. do Vestuário e Acessórios,0,1,-1
12/2020,Com. Var. Especial. de Eletrod. e Equip. de áudio e Vídeo,2,0,2
12/2020,Com. Var. Especial. de Eletrod. e Equip. de áudio e Vídeo,1,2,-1
12/2020,Com. Var. de Art. de Papelaria,1,0,1
12/2020,Serv. de Manutenção e Reparação Mecânica de Veíc. Autom.,0,1,-1
12/2020,Com. Var. de Comb. para Veíc. Autom.,0,1,-1
12/2020,Com. a Var. de Peças e Acessórios Novos para Veíc. Autom.,1,0,1
12/2020,Com. Var. de Art. de óptica,1,0,1
12/2020,Com. Var. de Laticínios e Frios,1,0,1
12/2020,Com. a Var. de Peças e Acessórios Novos para Veíc. Autom.,1,0,1
12/2020,Com. Var. de Art. do Vestuário e Acessórios,0,1,-1
12/2020,"Com. Var. de Produtos Farmac., sem Manip. de Fórmulas",1,0,1
12/2020,Com. Var. de Art. do Vestuário e Acessórios,1,0,1
12/2020,Com. Var. de Art. de Papelaria,0,1,-1
12/2020,Com. Var. de Brinquedos e Art. Recreativos,1,0,1
12/2020,Com. Var. de Brinquedos e Art. Recreativos,12,10,2
12/2020,"Com. Atac. de Cerveja, Chope e Refrigerante",3,6,-3
12/2020,Com. Var. de Comb. para Veíc. Autom.,0,1,-1
12/2020,Com. Var. de Art. do Vestuário e Acessórios,0,1,-1
12/2020,Serv. de Manutenção e Reparação Mecânica de Veíc. Autom.,2,0,2
12/2020,Padaria e Confeitaria com Pred. de Revenda,1,1,0
12/2020,Com. Var. de Comb. para Veíc. Autom.,1,0,1
12/2020,Com. Var. de Tintas e Mat. para Pintura,1,0,1
12/2020,Com. Var. de Animais Vivos e de Art. e Alimentos para Animais de Estimação,1,0,1
12/2020,Com. Atac. de Aves Vivas e Ovos,0,1,-1
12/2020,Com. Var. de Comb. para Veíc. Autom.,4,1,3
12/2020,Com. Var. de Comb. para Veíc. Autom.,1,0,1
12/2020,Com. Var. de Mat. de Const. não Especif. Ant.,0,1,-1
12/2020,Com. por Atacado de Caminhões Novos e Usados,1,3,-2
12/2020,Lojas de Dep. ou Magazines (Desativado),0,1,-1
12/2020,"Lojas de Dep. ou Magazines, Exceto Lojas Francas (Duty Free)",3,4,-1
12/2020,"Com. Atac. de Cerveja, Chope e Refrigerante",3,3,0
12/2020,Com. Var. de Art. do Vestuário e Acessórios,0,3,-3
12/2020,Com. Var. de Art. do Vestuário e Acessórios,1,1,0
12/2020,"Com. Var. de Merc. em Geral, com Pred. de Produtos Alim. - Superm.",6,3,3
12/2020,"Com. Var. de Produtos Farmac., sem Manip. de Fórmulas",1,0,1
12/2020,"Com. Var. de Produtos Farmac., sem Manip. de Fórmulas",0,1,-1
12/2020,"Com. Var. de Produtos Farmac., sem Manip. de Fórmulas",1,2,-1
12/2020,"Com. Var. de Produtos Farmac., sem Manip. de Fórmulas",1,0,1
12/2020,"Com. Var. de Produtos Farmac., sem Manip. de Fórmulas",3,0,3
12/2020,"Com. Var. de Produtos Farmac., sem Manip. de Fórmulas",0,1,-1
12/2020,"Com. Var. de Produtos Farmac., sem Manip. de Fórmulas",1,2,-1
12/2020,"Com. Var. de Produtos Farmac., sem Manip. de Fórmulas",1,2,-1
12/2020,"Com. Var. de Produtos Farmac., sem Manip. de Fórmulas",1,0,1
12/2020,"Com. Var. de Produtos Farmac., sem Manip. de Fórmulas",0,1,-1
12/2020,"Com. Var. de Produtos Farmac., sem Manip. de Fórmulas",2,0,2
12/2020,"Com. Var. de Produtos Farmac., sem Manip. de Fórmulas",1,0,1
12/2020,"Com. Var. de Produtos Farmac., sem Manip. de Fórmulas",3,0,3
12/2020,"Com. Var. de Produtos Farmac., sem Manip. de Fórmulas",1,0,1
12/2020,"Com. Var. de Produtos Farmac., sem Manip. de Fórmulas",2,0,2
12/2020,"Com. Atac. de Cerveja, Chope e Refrigerante",0,1,-1
12/2020,Com. Var. de Vidros,0,2,-2
12/2020,Com. Var. de Art. de Viagem,1,0,1
12/2020,Com. Var. de Art. de Viagem,1,2,-1
12/2020,Com. Var. de Mat. de Const. não Especif. Ant.,0,1,-1
12/2020,Com. Var. de Outros Art. de Uso Doméstico não Especif. Ant.,1,1,0
12/2020,"Com. Atac. de Chocolates, Confeitos, Balas, Bombons e Semelhantes",0,1,-1
12/2020,Com. Var. de Plantas e Flores Naturais,6,4,2
12/2020,Com. Var. de Mat. de Const. em Geral,1,0,1
12/2020,"Com. Var. de Produtos Farmac., sem Manip. de Fórmulas",0,1,-1
12/2020,Com. Var. de Comb. para Veíc. Autom.,2,2,0
12/2020,Com. Var. de Comb. para Veíc. Autom.,1,0,1
12/2020,Com. Var. de Comb. para Veíc. Autom.,1,1,0
12/2020,Com. a Var. de Peças e Acessórios Novos para Veíc. Autom.,1,0,1
12/2020,"Com. Atac. de Máquinas e Equip. para Uso Industrial, Partes e Peças",0,1,-1
12/2020,"Com. Var. de Merc. em Geral, com Pred. de Produtos Alim. - Superm.",39,27,12
12/2020,Com. Var. de Art. de Joalheria,1,0,1
12/2020,Com. Var. de Art. de Joalheria,2,0,2
12/2020,Com. Var. de Outros Produtos não Especif. Ant.,0,1,-1
12/2020,Com. Atac. de Resinas e Elastômeros,0,1,-1
12/2020,Com. Var. de Outros Produtos não Especif. Ant.,1,0,1
12/2020,"Com. Var. de Produtos Farmac., sem Manip. de Fórmulas",3,2,1
12/2020,Com. Var. de Mat. de Const. não Especif. Ant.,2,0,2
12/2020,Com. a Var. de Peças e Acessórios Novos para Veíc. Autom.,0,1,-1
12/2020,Serv. de Manutenção e Reparação Mecânica de Veíc. Autom.,1,0,1
12/2020,"Com. Var. de Merc. em Geral, com Pred. de Produtos Alim. - Superm.",2,0,2
12/2020,Com. Var. de Carnes - Açougues,2,1,1
12/2020,Com. Var. de Produtos Alim. em Geral ou Especial. em Produtos Alim. não Especif. Ant.,5,5,0
12/2020,Com. Var. de Outros Produtos não Especif. Ant.,1,1,0
12/2020,Com. a Var. de Peças e Acessórios Novos para Veíc. Autom.,0,3,-3
12/2020,Com. Var. de Mat. de Const. não Especif. Ant.,2,0,2
12/2020,Com. Atac. de Matérias-Primas Agrícolas não Especificadas Ant.,1,0,1
12/2020,"Com. Var. de Suvenires, Bijuterias e Artesanatos",0,3,-3
12/2020,Padaria e Confeitaria com Pred. de Revenda,1,0,1
12/2020,Com. Var. de Art. de Papelaria,0,1,-1
12/2020,Com. a Var. de Peças e Acessórios Novos para Veíc. Autom.,0,1,-1
12/2020,Com. a Var. de Peças e Acessórios Novos para Veíc. Autom.,0,1,-1
12/2020,"Com. Var. de Produtos Farmac., sem Manip. de Fórmulas",1,0,1
12/2020,Com. Var. Especial. de Equip. e Suprimentos de Informática,0,1,-1
12/2020,Com. Var. de Carnes - Açougues,1,0,1
12/2020,"Com. Var. de Produtos Farmac., com Manip. de Fórmulas",2,2,0
12/2020,"Com. a Var. de Automóveis, Camionetas e Utilitários Novos",1,0,1
12/2020,Com. Var. de Art. de Viagem,1,0,1
12/2020,Com. Var. de Tintas e Mat. para Pintura,2,1,1
12/2020,Com. Var. de Tintas e Mat. para Pintura,1,0,1
12/2020,Com. Var. de Tintas e Mat. para Pintura,0,1,-1
12/2020,Com. Var. de Tintas e Mat. para Pintura,0,1,-1
12/2020,Com. Var. de Mat. de Const. não Especif. Ant.,1,1,0
12/2020,Com. Var. de Art. do Vestuário e Acessórios,0,2,-2
12/2020,Com. Var. de Outros Produtos não Especif. Ant.,1,0,1
12/2020,Com. Var. de Comb. para Veíc. Autom.,1,0,1
12/2020,Com. Var. de Comb. para Veíc. Autom.,0,1,-1
12/2020,"Com. Atac. de Merc. em Geral, com Pred. de Insumos Agropecuários",4,4,0
12/2020,"Serv. de Lavagem, Lubrificação e Polimento de Veíc. Autom.",17,2,15
12/2020,Com. Var. de Ferragens e Ferramentas,0,1,-1
12/2020,Com. Var. de Vidros,0,2,-2
12/2020,"Com. Atac. de Cerveja, Chope e Refrigerante",15,9,6
12/2020,"Com. Var. de Produtos Farmac., sem Manip. de Fórmulas",0,1,-1
12/2020,"Com. Var. de Merc. em Geral, com Pred. de Produtos Alim. - Hipermercados",17,16,1
12/2020,Com. Atac. de Ferragens e Ferramentas,5,5,0
12/2020,Com. Var. de Art. do Vestuário e Acessórios,1,0,1
12/2020,Com. a Var. de Peças e Acessórios Novos para Veíc. Autom.,4,1,3
12/2020,"Com. Var. de Merc. em Geral, com Pred. de Produtos Alim. - Hipermercados",1,2,-1
12/2020,Com. Atac. de Produtos Alim. em Geral,0,1,-1
12/2020,Com. Atac. Especial. de Mat. de Const. não Especif. Ant.,3,6,-3
12/2020,Com. Var. de Art. de Joalheria,0,1,-1
12/2020,"Com. Atac. de Máquinas, Aparelhos e Equip. para Uso Agropecuário, Partes e Peças",4,0,4
12/2020,Com. Var. de Art. do Vestuário e Acessórios,1,1,0
12/2020,Com. Var. de Art. do Vestuário e Acessórios,1,2,-1
12/2020,"Com. Var. de Art. de Tapeçaria, Cortinas e Persianas",0,1,-1
12/2020,"Com. Var. de Produtos Farmac., com Manip. de Fórmulas",0,1,-1
08/2020,Com. Var. de Outros Produtos não Especif. Ant.,1,0,1
08/2020,Com. Var. Especial. de Equip. e Suprimentos de Informática,1,0,1
08/2020,Com. Var. Especial. de Equip. de Telefonia e Comunicação,1,2,-1
08/2020,"Com. Var. de Cosméticos, Produtos de Perfumaria e de Higiene Pessoal",0,1,-1
08/2020,"Com. Var. de Merc. em Geral, com Pred. de Produtos Alim. - Minimercados, Mercearias e Armazéns",0,1,-1
08/2020,Com. Var. de Outros Produtos não Especif. Ant.,3,1,2
08/2020,"Com. Var. Especial. de Peças e Acessórios para Aparelhos Eletroeletrônicos para Uso Doméstico, Exceto Informática e Comunicação",0,1,-1
08/2020,Com. Var. Especial. de Eletrod. e Equip. de áudio e Vídeo,6,19,-13
08/2020,Com. Var. Especial. de Eletrod. e Equip. de áudio e Vídeo,0,2,-2
08/2020,Padaria e Confeitaria com Pred. de Revenda,1,0,1
08/2020,Com. Atac. de Ferragens e Ferramentas,1,1,0
08/2020,Com. Var. de Outros Produtos não Especif. Ant.,1,0,1
08/2020,Com. Var. de Art. de Joalheria,0,1,-1
08/2020,Com. a Var. de Peças e Acessórios Novos para Veíc. Autom.,0,1,-1
08/2020,"Com. Atac. de Frutas, Verduras, Raízes, Tubérculos, Hortaliças e Legumes Frescos",2,1,1
08/2020,"Com. Var. de Produtos Farmac., com Manip. de Fórmulas",1,0,1
08/2020,Com. a Var. de Peças e Acessórios Novos para Veíc. Autom.,0,1,-1
08/2020,"Representantes Comerciais e Agentes do Com. de Têxteis, Vestuário, Calçados e Art. de Viagem",1,0,1
08/2020,"Com. Atac. de Merc. em Geral, sem Pred. de Alimentos ou de Insumos Agropecuários",5,7,-2
08/2020,"Com. a Var. de Automóveis, Camionetas e Utilitários Novos",4,2,2
08/2020,Com. Var. de Material Elétrico,3,1,2
08/2020,Com. Atac. de Medicamentos e Drogas de Uso Humano,9,19,-10
08/2020,"Com. Var. de Produtos Farmac., sem Manip. de Fórmulas",1,0,1
08/2020,Com. Var. de Móveis,1,0,1
08/2020,Com. Var. Especial. de Equip. de Telefonia e Comunicação,0,1,-1
08/2020,Com. Var. de Hortifrutigranjeiros,2,0,2
08/2020,"Com. Var. de Merc. em Geral, com Pred. de Produtos Alim. - Minimercados, Mercearias e Armazéns",0,1,-1
08/2020,Com. Var. de Art. do Vestuário e Acessórios,1,1,0
08/2020,Com. Atac. Especial. em Outros Produtos Intermediários não Especif. Ant.,0,3,-3
08/2020,Com. Atac. de Componentes Eletrônicos e Equip. de Telefonia e Comunicação,3,0,3
08/2020,"Com. Var. de Cosméticos, Produtos de Perfumaria e de Higiene Pessoal",1,1,0
08/2020,Com. Var. Especial. de Equip. e Suprimentos de Informática,2,0,2
08/2020,Com. Atac. de Outros Equip. e Art. de Uso Pessoal e Doméstico não Especif. Ant.,0,1,-1
08/2020,Com. Atac. de Produtos Alim. em Geral,0,2,-2
08/2020,Com. Var. de Outros Produtos não Especif. Ant.,0,1,-1
08/2020,Comercio Var. de Art. de Armarinho,0,1,-1
08/2020,Comercio Var. de Art. de Armarinho,0,1,-1
08/2020,Com. Atac. de Carnes Bovinas e Suínas e Derivados,16,4,12
08/2020,Com. Var. de Hortifrutigranjeiros,1,0,1
08/2020,"Com. Var. de Merc. em Geral, com Pred. de Produtos Alim. - Minimercados, Mercearias e Armazéns",0,1,-1
08/2020,Com. a Var. de Peças e Acessórios Novos para Veíc. Autom.,0,1,-1
08/2020,"Com. Var. de Merc. em Geral, com Pred. de Produtos Alim. - Minimercados, Mercearias e Armazéns",1,2,-1
08/2020,Com. por Atacado de Peças e Acessórios Novos para Veíc. Autom.,4,2,2
08/2020,"Com. Var. de Merc. em Geral, com Pred. de Produtos Alim. - Minimercados, Mercearias e Armazéns",2,0,2
08/2020,Com. por Atacado de Pneumáticos e Câmaras-De-Ar,2,1,1
08/2020,Com. Atac. de Resíduos e Sucatas Metálicos,1,0,1
08/2020,Com. Var. de Mat. de Const. não Especif. Ant.,1,0,1
08/2020,Com. Var. de Mat. de Const. não Especif. Ant.,1,0,1
08/2020,Com. Var. de Comb. para Veíc. Autom.,0,1,-1
08/2020,Com. Var. de Comb. para Veíc. Autom.,1,0,1
08/2020,"Com. Atac. de Bicicletas, Triciclos e Outros Veíc. Recreativos",0,1,-1
08/2020,Com. Atac. de Produtos Alim. em Geral,1,3,-2
08/2020,Com. Var. Especial. de Equip. e Suprimentos de Informática,2,0,2
08/2020,Com. Var. de Art. Esportivos,0,1,-1
08/2020,"Com. Var. de Suvenires, Bijuterias e Artesanatos",0,1,-1
08/2020,Com. Var. de Comb. para Veíc. Autom.,1,1,0
08/2020,Padaria e Confeitaria com Pred. de Revenda,0,1,-1
08/2020,"Com. a Var. de Automóveis, Camionetas e Utilitários Novos",0,2,-2
08/2020,Com. Var. de Gás LiqüEfeito de Petróleo (Glp),0,1,-1
08/2020,Com. Var. de Comb. para Veíc. Autom.,0,1,-1
08/2020,Com. Var. de Móveis,1,0,1
08/2020,Representantes Comerciais e Agentes do Com. de Merc. em Geral não Especial.,1,0,1
08/2020,Com. Atac. de Material Elétrico,0,1,-1
08/2020,"Com. a Var. de Automóveis, Camionetas e Utilitários Novos",0,2,-2
08/2020,"Com. a Var. de Automóveis, Camionetas e Utilitários Usados",2,1,1
08/2020,"Com. Var. de Cosméticos, Produtos de Perfumaria e de Higiene Pessoal",0,1,-1
08/2020,Padaria e Confeitaria com Pred. de Revenda,0,1,-1
08/2020,Com. Var. de Carnes - Açougues,1,1,0
08/2020,Com. Var. de Art. do Vestuário e Acessórios,0,2,-2
08/2020,Com. Var. de Outros Produtos não Especif. Ant.,0,2,-2
08/2020,Lojas de Dep. ou Magazines (Desativado),2,0,2
08/2020,Com. Var. de Outros Produtos não Especif. Ant.,1,0,1
08/2020,"Com. Var. de Produtos Farmac., com Manip. de Fórmulas",0,1,-1
08/2020,Com. Var. Especial. de Equip. de Telefonia e Comunicação,0,1,-1
08/2020,Com. Var. de Hortifrutigranjeiros,0,1,-1
08/2020,Com. Atac. de Produtos Alim. em Geral,1,2,-1
08/2020,Com. Var. de Madeira e Artefatos,0,1,-1
08/2020,Com. Var. de Móveis,0,1,-1
08/2020,Com. Atac. de Cosméticos e Produtos de Perfumaria,2,2,0
08/2020,Com. Var. de Mat. de Const. em Geral,2,3,-1
08/2020,Com. Var. de Art. do Vestuário e Acessórios,0,1,-1
08/2020,"Com. Var. de Merc. em Geral, com Pred. de Produtos Alim. - Superm.",0,1,-1
08/2020,"Serv. de Lavagem, Lubrificação e Polimento de Veíc. Autom.",2,0,2
08/2020,Com. Var. Especial. de Equip. e Suprimentos de Informática,1,0,1
08/2020,Com. Var. de Móveis,0,1,-1
08/2020,Com. Var. de Móveis,1,0,1
08/2020,Com. Var. de Art. de óptica,1,0,1
08/2020,Com. Var. de Mat. de Const. não Especif. Ant.,2,0,2
08/2020,"Com. Var. de Doces, Balas, Bombons e Semelhantes",0,1,-1
08/2020,Com. Var. de Mat. de Const. não Especif. Ant.,6,1,5
08/2020,Com. Atac. de Sorvetes,2,3,-1
08/2020,"Com. Atac. de Máquinas e Equip. para Uso Industrial, Partes e Peças",1,0,1
08/2020,"Com. Var. de Produtos Farmac., sem Manip. de Fórmulas",0,1,-1
08/2020,Com. a Var. de Peças e Acessórios Novos para Veíc. Autom.,3,3,0
08/2020,Com. Atac. de Ferragens e Ferramentas,0,4,-4
08/2020,Com. Atac. de Produtos Alim. em Geral,0,1,-1
08/2020,"Com. Var. de Produtos Farmac., sem Manip. de Fórmulas",1,0,1
08/2020,Com. por Atacado de Peças e Acessórios para Motocicletas e Motonetas,1,0,1
08/2020,"Com. a Var. de Automóveis, Camionetas e Utilitários Novos",1,0,1
08/2020,Com. Atac. de Produtos Alim. em Geral,9,7,2
08/2020,Com. Var. de Produtos Alim. em Geral ou Especial. em Produtos Alim. não Especif. Ant.,1,0,1
08/2020,Com. Var. de Art. do Vestuário e Acessórios,0,1,-1
08/2020,Com. Var. de Comb. para Veíc. Autom.,1,1,0
08/2020,Com. Var. de Plantas e Flores Naturais,1,1,0
08/2020,Com. Var. de Art. de Papelaria,0,1,-1
08/2020,"Com. Var. de Suvenires, Bijuterias e Artesanatos",0,1,-1
08/2020,Com. Var. Especial. de Eletrod. e Equip. de áudio e Vídeo,3,0,3
08/2020,Com. Var. de Hortifrutigranjeiros,7,0,7
08/2020,"Com. a Var. de Automóveis, Camionetas e Utilitários Novos",0,2,-2
08/2020,Com. Atac. de Ferragens e Ferramentas,1,0,1
08/2020,Serv. de Lanternagem ou Funilaria e Pintura de Veíc. Autom.,0,1,-1
08/2020,Com. Var. de Produtos Alim. em Geral ou Especial. em Produtos Alim. não Especif. Ant.,0,2,-2
08/2020,Com. Var. de Art. do Vestuário e Acessórios,1,0,1
08/2020,Com. Var. de Madeira e Artefatos,3,0,3
08/2020,Com. Var. Especial. de Equip. e Suprimentos de Informática,0,1,-1
08/2020,Com. a Var. de Peças e Acessórios Novos para Veíc. Autom.,4,0,4
08/2020,Com. Var. de Comb. para Veíc. Autom.,1,0,1
08/2020,Com. Var. de Calçados,0,1,-1
08/2020,"Com. a Var. de Automóveis, Camionetas e Utilitários Novos",7,4,3
08/2020,Serv. de Manutenção e Reparação Mecânica de Veíc. Autom.,1,0,1
08/2020,Com. Atac. de Resíduos e Sucatas Metálicos,1,1,0
08/2020,Comercio Var. de Art. de Armarinho,4,1,3
08/2020,Com. Var. de Art. de Joalheria,0,1,-1
08/2020,Com. Var. de Comb. para Veíc. Autom.,1,0,1
08/2020,Com. Var. de Art. do Vestuário e Acessórios,0,1,-1
08/2020,Com. Var. de Madeira e Artefatos,1,0,1
08/2020,"Com. Var. de Merc. em Geral, com Pred. de Produtos Alim. - Minimercados, Mercearias e Armazéns",1,0,1
08/2020,Com. Var. de Art. de óptica,1,0,1
08/2020,"Com. Var. de Merc. em Geral, com Pred. de Produtos Alim. - Superm.",7,8,-1
08/2020,Com. Var. de Art. de óptica,0,1,-1
08/2020,Com. Var. Especial. de Eletrod. e Equip. de áudio e Vídeo,0,1,-1
08/2020,Com. Atac. de Outros Equip. e Art. de Uso Pessoal e Doméstico não Especif. Ant.,2,2,0
08/2020,Com. Var. Especial. de Equip. e Suprimentos de Informática,1,0,1
08/2020,Com. Var. de Outros Art. de Uso Doméstico não Especif. Ant.,0,1,-1
08/2020,"Com. Var. de Cosméticos, Produtos de Perfumaria e de Higiene Pessoal",0,1,-1
08/2020,Com. Var. de Tintas e Mat. para Pintura,1,0,1
08/2020,Com. Var. de Outros Art. de Uso Doméstico não Especif. Ant.,0,1,-1
08/2020,Com. Var. de Outros Art. de Uso Doméstico não Especif. Ant.,0,1,-1
08/2020,Com. Var. de Outros Art. de Uso Doméstico não Especif. Ant.,0,2,-2
08/2020,Com. Atac. de Outros Equip. e Art. de Uso Pessoal e Doméstico não Especif. Ant.,5,6,-1
08/2020,Com. Var. de Livros,0,1,-1
08/2020,Serv. de Manutenção e Reparação Mecânica de Veíc. Autom.,1,0,1
08/2020,Com. Var. de Art. do Vestuário e Acessórios,0,1,-1
08/2020,Com. Var. de Madeira e Artefatos,0,1,-1
08/2020,"Com. Var. de Merc. em Geral, com Pred. de Produtos Alim. - Minimercados, Mercearias e Armazéns",0,1,-1
08/2020,"Com. Var. de Merc. em Geral, com Pred. de Produtos Alim. - Superm.",3,4,-1
08/2020,"Com. Var. de Merc. em Geral, com Pred. de Produtos Alim. - Hipermercados",17,9,8
08/2020,"Com. Var. de Merc. em Geral, com Pred. de Produtos Alim. - Superm.",1,0,1
08/2020,"Com. a Var. de Automóveis, Camionetas e Utilitários Usados",1,0,1
08/2020,Com. Var. de Plantas e Flores Naturais,0,1,-1
08/2020,Com. Var. de Livros,1,0,1
08/2020,Com. a Var. de Peças e Acessórios Novos para Veíc. Autom.,0,3,-3
08/2020,Com. Var. de Mat. de Const. não Especif. Ant.,0,1,-1
08/2020,"Com. Var. de Suvenires, Bijuterias e Artesanatos",1,0,1
08/2020,Com. Var. de Art. do Vestuário e Acessórios,0,1,-1
08/2020,"Com. Atac. de Outras Máquinas e Equip. não Especif. Ant., Partes e Peças",1,0,1
08/2020,Com. Var. de Outros Produtos não Especif. Ant.,1,0,1
08/2020,"Com. Var. de Merc. em Geral, com Pred. de Produtos Alim. - Minimercados, Mercearias e Armazéns",1,2,-1
08/2020,Com. Var. de Plantas e Flores Naturais,1,0,1
08/2020,Com. Var. de Art. Esportivos,1,2,-1
08/2020,Com. Var. de Comb. para Veíc. Autom.,3,2,1
08/2020,Com. Var. de Art. do Vestuário e Acessórios,1,0,1
08/2020,Com. Atac. de Componentes Eletrônicos e Equip. de Telefonia e Comunicação,0,10,-10
08/2020,Serv. de Manutenção e Reparação Mecânica de Veíc. Autom.,0,1,-1
08/2020,"Com. Var. de Merc. em Geral, com Pred. de Produtos Alim. - Superm.",9,15,-6
08/2020,"Com. Var. de Bicicletas e Triciclos, Peças e Acessórios",1,0,1
08/2020,"Com. Var. de Bicicletas e Triciclos, Peças e Acessórios",1,0,1
08/2020,Com. Var. de Animais Vivos e de Art. e Alimentos para Animais de Estimação,0,1,-1
08/2020,"Com. Var. de Produtos Farmac., sem Manip. de Fórmulas",1,0,1
08/2020,Com. a Var. de Peças e Acessórios Novos para Veíc. Autom.,1,2,-1
08/2020,Com. Var. de Art. do Vestuário e Acessórios,3,2,1
08/2020,Com. a Var. de Peças e Acessórios Novos para Veíc. Autom.,0,1,-1
08/2020,"Com. Atac. de Frutas, Verduras, Raízes, Tubérculos, Hortaliças e Legumes Frescos",16,5,11
08/2020,Com. Var. de Art. do Vestuário e Acessórios,0,1,-1
08/2020,"Com. Var. de Produtos Farmac., sem Manip. de Fórmulas",1,1,0
08/2020,"Com. Var. de Produtos Farmac., sem Manip. de Fórmulas",1,0,1
08/2020,"Com. Var. de Produtos Farmac., sem Manip. de Fórmulas",0,1,-1
08/2020,Com. Atac. de Componentes Eletrônicos e Equip. de Telefonia e Comunicação,2,0,2
08/2020,Com. Var. de Tintas e Mat. para Pintura,3,0,3
08/2020,Com. Var. de Tintas e Mat. para Pintura,3,0,3
08/2020,Com. Var. de Tintas e Mat. para Pintura,1,0,1
08/2020,Com. Var. de Comb. para Veíc. Autom.,2,0,2
08/2020,"Com. Atac. de Cerveja, Chope e Refrigerante",0,1,-1
08/2020,Com. Var. de Madeira e Artefatos,1,0,1
08/2020,Com. Var. de Produtos Saneantes Domissanitários,0,1,-1
08/2020,Com. Var. de Carnes - Açougues,1,0,1
08/2020,"Com. Var. de Produtos Farmac., com Manip. de Fórmulas",0,1,-1
08/2020,Com. Var. de Art. de Colchoaria,0,1,-1
08/2020,"Com. Var. de Suvenires, Bijuterias e Artesanatos",1,0,1
08/2020,"Com. a Var. de Automóveis, Camionetas e Utilitários Novos",2,0,2
08/2020,Com. Atac. de Equip. Elétricos de Uso Pessoal e Doméstico,1,0,1
08/2020,Com. Var. de Calçados,0,1,-1
08/2020,Com. a Var. de Peças e Acessórios Novos para Veíc. Autom.,0,1,-1
08/2020,Com. Var. Especial. de Eletrod. e Equip. de áudio e Vídeo,3,6,-3
08/2020,Com. Var. Especial. de Eletrod. e Equip. de áudio e Vídeo,2,1,1
08/2020,Com. Atac. de Produtos Alim. em Geral,0,1,-1
08/2020,Com. Var. de Ferragens e Ferramentas,1,0,1
08/2020,Com. a Var. de Peças e Acessórios Novos para Veíc. Autom.,1,1,0
08/2020,Com. Var. Especial. de Equip. e Suprimentos de Informática,0,1,-1
08/2020,"Com. Var. de Produtos Farmac., sem Manip. de Fórmulas",1,0,1
08/2020,Com. Var. de Produtos Alim. em Geral ou Especial. em Produtos Alim. não Especif. Ant.,0,1,-1
08/2020,Com. Var. Especial. de Equip. de Telefonia e Comunicação,1,0,1
08/2020,"Com. Var. de Art. de Tapeçaria, Cortinas e Persianas",0,1,-1
08/2020,Com. Var. de Comb. para Veíc. Autom.,1,1,0
08/2020,Com. Var. de Animais Vivos e de Art. e Alimentos para Animais de Estimação,0,1,-1
08/2020,Com. Var. de Comb. para Veíc. Autom.,1,0,1
08/2020,Com. Atac. de Resíduos e Sucatas Metálicos,0,1,-1
08/2020,Com. Var. de Comb. para Veíc. Autom.,0,1,-1
08/2020,Com. Var. de Ferragens e Ferramentas,1,0,1
08/2020,"Com. Var. de Produtos Farmac., sem Manip. de Fórmulas",1,0,1
08/2020,Com. Var. de Art. do Vestuário e Acessórios,0,1,-1
08/2020,Com. Var. de Produtos Alim. em Geral ou Especial. em Produtos Alim. não Especif. Ant.,0,3,-3
08/2020,"Com. Atac. de Máquinas e Equip. para Uso Industrial, Partes e Peças",1,0,1
08/2020,"Com. Var. de Doces, Balas, Bombons e Semelhantes",0,1,-1
08/2020,"Com. Var. de Suvenires, Bijuterias e Artesanatos",0,1,-1
08/2020,"Com. a Var. de Automóveis, Camionetas e Utilitários Novos",1,0,1
08/2020,Com. Var. de Produtos Alim. em Geral ou Especial. em Produtos Alim. não Especif. Ant.,0,1,-1
08/2020,Com. Var. de Mat. Hidráulicos,0,1,-1
08/2020,Com. Var. de Outros Produtos não Especif. Ant.,0,3,-3
08/2020,Com. Atac. de Embalagens,3,2,1
08/2020,Com. Var. de Vidros,1,1,0
08/2020,"Com. a Var. de Automóveis, Camionetas e Utilitários Novos",4,1,3
08/2020,Com. Var. de Outros Produtos não Especif. Ant.,1,2,-1
08/2020,Com. a Var. de Peças e Acessórios Novos para Veíc. Autom.,1,0,1
08/2020,Com. Var. de Móveis,23,1,22
08/2020,Com. Var. de Móveis,2,0,2
08/2020,Com. Var. de Móveis,1,0,1
08/2020,Com. a Var. de Peças e Acessórios Novos para Veíc. Autom.,0,1,-1
08/2020,Com. Var. de Comb. para Veíc. Autom.,0,1,-1
08/2020,Com. Var. de Móveis,1,0,1
08/2020,Serv. de Manutenção e Reparação Mecânica de Veíc. Autom.,1,0,1
08/2020,"Com. Var. de Produtos Farmac., sem Manip. de Fórmulas",2,1,1
08/2020,Com. Atac. Especial. em Outros Produtos Intermediários não Especif. Ant.,0,1,-1
08/2020,Com. Var. de Carnes - Açougues,0,1,-1
08/2020,"Lojas de Variedades, Exceto Lojas de Dep. ou Magazines",0,1,-1
08/2020,Com. Var. de Medicamentos Veterinários,0,1,-1
08/2020,"Com. Var. de Merc. em Geral, com Pred. de Produtos Alim. - Superm.",0,2,-2
08/2020,Com. Atac. de Embalagens,1,0,1
08/2020,Com. Var. de Hortifrutigranjeiros,9,11,-2
08/2020,"Com. Atac. de Frutas, Verduras, Raízes, Tubérculos, Hortaliças e Legumes Frescos",2,2,0
08/2020,Com. Var. de Hortifrutigranjeiros,17,11,6
08/2020,Com. Var. de Art. do Vestuário e Acessórios,0,1,-1
08/2020,"Com. Atac. de Máquinas e Equip. para Uso Industrial, Partes e Peças",1,0,1
08/2020,Padaria e Confeitaria com Pred. de Revenda,0,1,-1
08/2020,Com. Var. de Art. do Vestuário e Acessórios,0,1,-1
08/2020,"Com. Atac. de Merc. em Geral, com Pred. de Produtos Alim.",5,8,-3
08/2020,Com. a Var. de Peças e Acessórios para Motocicletas e Motonetas (Desativado),0,1,-1
08/2020,"Serv. de Lavagem, Lubrificação e Polimento de Veíc. Autom.",1,1,0
08/2020,Com. Var. de Art. de óptica,0,1,-1
08/2020,"Com. Var. de Produtos Farmac., sem Manip. de Fórmulas",0,1,-1
08/2020,"Com. Var. de Merc. em Geral, com Pred. de Produtos Alim. - Minimercados, Mercearias e Armazéns",1,1,0
08/2020,"Com. a Var. de Automóveis, Camionetas e Utilitários Novos",1,1,0
08/2020,Com. Var. de Art. do Vestuário e Acessórios,0,1,-1
08/2020,Com. Var. de Comb. para Veíc. Autom.,0,1,-1
08/2020,Com. Var. de Calçados,1,0,1
08/2020,"Lojas de Variedades, Exceto Lojas de Dep. ou Magazines",0,1,-1
08/2020,Serv. de Alinhamento e Balanceamento de Veíc. Autom.,0,1,-1
08/2020,Com. Var. de Animais Vivos e de Art. e Alimentos para Animais de Estimação,0,1,-1
08/2020,Com. Var. de Mat. Hidráulicos,1,0,1
08/2020,Com. Var. de Comb. para Veíc. Autom.,0,2,-2
08/2020,"Com. Var. de Merc. em Geral, com Pred. de Produtos Alim. - Minimercados, Mercearias e Armazéns",2,2,0
08/2020,"Com. a Var. de Automóveis, Camionetas e Utilitários Novos",0,1,-1
08/2020,Com. Atac. de Produtos Odontológicos,1,0,1
08/2020,"Com. Var. de Merc. em Geral, com Pred. de Produtos Alim. - Minimercados, Mercearias e Armazéns",1,1,0
08/2020,"Com. Atac. de Outras Máquinas e Equip. não Especif. Ant., Partes e Peças",1,1,0
08/2020,Com. Atac. de Alimentos para Animais,3,4,-1
08/2020,Com. Var. de Art. do Vestuário e Acessórios,4,64,-60
08/2020,Com. por Atacado de Caminhões Novos e Usados,1,0,1
08/2020,Com. Var. de Outros Produtos não Especif. Ant.,0,2,-2
08/2020,Com. Var. de Art. de Papelaria,0,1,-1
08/2020,Com. Var. de Art. do Vestuário e Acessórios,1,0,1
08/2020,Com. Var. de Art. do Vestuário e Acessórios,0,1,-1
08/2020,"Com. Atac. de Frutas, Verduras, Raízes, Tubérculos, Hortaliças e Legumes Frescos",0,1,-1
08/2020,Com. Var. de Produtos Saneantes Domissanitários,0,1,-1
08/2020,Com. Var. de Art. Médicos e Ortopédicos,0,1,-1
08/2020,Com. Var. de Bebidas,0,1,-1
08/2020,Com. Var. de Comb. para Veíc. Autom.,1,0,1
08/2020,Com. Atac. de Outros Equip. e Art. de Uso Pessoal e Doméstico não Especif. Ant.,6,0,6
08/2020,"Com. Var. de Cosméticos, Produtos de Perfumaria e de Higiene Pessoal",0,26,-26
08/2020,Com. Atac. de Equip. Elétricos de Uso Pessoal e Doméstico,0,1,-1
08/2020,"Lojas de Variedades, Exceto Lojas de Dep. ou Magazines",0,1,-1
08/2020,Com. Var. de Gás LiqüEfeito de Petróleo (Glp),1,0,1
08/2020,Com. Var. de Animais Vivos e de Art. e Alimentos para Animais de Estimação,0,1,-1
08/2020,Com. Var. de Comb. para Veíc. Autom.,0,1,-1
08/2020,Com. Var. de Vidros,1,0,1
08/2020,"Com. a Var. de Automóveis, Camionetas e Utilitários Usados",0,1,-1
08/2020,Com. a Var. de Peças e Acessórios Novos para Veíc. Autom.,1,1,0
08/2020,Com. Var. de Art. do Vestuário e Acessórios,5,0,5
08/2020,Com. Var. de Art. do Vestuário e Acessórios,0,2,-2
08/2020,Com. Atac. de Carnes Bovinas e Suínas e Derivados,0,1,-1
08/2020,Com. Var. de Art. do Vestuário e Acessórios,4,2,2
08/2020,"Com. Var. de Merc. em Geral, com Pred. de Produtos Alim. - Minimercados, Mercearias e Armazéns",0,1,-1
08/2020,Com. Var. de Merc. em Lojas de Conveniência,1,0,1
08/2020,Com. Var. de Plantas e Flores Naturais,0,1,-1
08/2020,Com. Var. de Art. de Joalheria,1,0,1
08/2020,"Com. Var. de Merc. em Geral, com Pred. de Produtos Alim. - Superm.",1,0,1
08/2020,"Com. Var. de Merc. em Geral, com Pred. de Produtos Alim. - Minimercados, Mercearias e Armazéns",0,1,-1
08/2020,Com. Var. de Móveis,1,0,1
08/2020,"Comercio Var. de Art. de Cama, Mesa e Banho",1,0,1
08/2020,"Serv. de Lavagem, Lubrificação e Polimento de Veíc. Autom.",4,1,3
08/2020,Com. Var. de Ferragens e Ferramentas,1,1,0
08/2020,"Com. Var. de Produtos Farmac., sem Manip. de Fórmulas",1,0,1
08/2020,Com. Var. de Móveis,1,2,-1
08/2020,Com. Var. de Vidros,4,0,4
08/2020,Com. a Var. de Peças e Acessórios Novos para Veíc. Autom.,0,1,-1
08/2020,Manutenção e Reparação de Motocicletas e Motonetas,0,1,-1
08/2020,"Com. Atac. de Merc. em Geral, com Pred. de Produtos Alim.",5,9,-4
08/2020,Com. Var. de Vidros,1,0,1
08/2020,Com. Atac. Especial. em Outros Produtos Alim. não Especif. Ant.,2,1,1
08/2020,"Com. Atac. de Resíduos e Sucatas Não-Metálicos, Exceto de Papel e Papelão",0,1,-1
08/2020,Com. Atac. Especial. em Outros Produtos Alim. não Especif. Ant.,1,0,1
08/2020,Representantes Comerciais e Agentes do Com. de Merc. em Geral não Especial.,2,2,0
08/2020,Com. Atac. Especial. em Outros Produtos Intermediários não Especif. Ant.,1,1,0
08/2020,"Com. Var. de Cosméticos, Produtos de Perfumaria e de Higiene Pessoal",1,0,1
08/2020,"Com. Atac. de Outras Máquinas e Equip. não Especif. Ant., Partes e Peças",4,5,-1
08/2020,Com. Var. de Brinquedos e Art. Recreativos,6,2,4
08/2020,"Com. Var. de Cosméticos, Produtos de Perfumaria e de Higiene Pessoal",1,1,0
08/2020,Com. a Var. de Peças e Acessórios Novos para Veíc. Autom.,1,1,0
08/2020,Com. Var. de Mat. de Const. não Especif. Ant.,1,0,1
08/2020,Com. Var. de Gás LiqüEfeito de Petróleo (Glp),1,0,1
08/2020,"Com. Var. de Bicicletas e Triciclos, Peças e Acessórios",0,1,-1
08/2020,Com. Var. de Outros Produtos não Especif. Ant.,1,2,-1
08/2020,Com. Var. de Ferragens e Ferramentas,1,0,1
08/2020,Com. a Var. de Peças e Acessórios Usados para Veíc. Autom.,1,1,0
08/2020,Com. Var. Especial. de Eletrod. e Equip. de áudio e Vídeo,1,0,1
08/2020,"Com. Var. de Produtos Farmac., sem Manip. de Fórmulas",1,0,1
08/2020,"Serv. de Lavagem, Lubrificação e Polimento de Veíc. Autom.",2,0,2
08/2020,Com. Var. de Ferragens e Ferramentas,0,1,-1
08/2020,Com. Var. de Móveis,70,14,56
08/2020,Com. Var. de Mat. de Const. em Geral,0,2,-2
08/2020,"Com. Var. de Produtos Farmac., com Manip. de Fórmulas",0,1,-1
08/2020,Com. Var. de Outros Art. de Uso Doméstico não Especif. Ant.,2,0,2
08/2020,"Com. Var. de Produtos Farmac., sem Manip. de Fórmulas",1,0,1
08/2020,Com. Var. de Livros,0,2,-2
08/2020,Com. Var. de Hortifrutigranjeiros,1,2,-1
08/2020,"Com. Var. de Cosméticos, Produtos de Perfumaria e de Higiene Pessoal",2,0,2
08/2020,Com. Var. de Tintas e Mat. para Pintura,1,0,1
08/2020,Com. Var. de Art. de óptica,2,0,2
08/2020,Serv. de Manutenção e Reparação Mecânica de Veíc. Autom.,1,1,0
08/2020,"Com. Var. de Doces, Balas, Bombons e Semelhantes",4,2,2
08/2020,"Com. Atac. de Chocolates, Confeitos, Balas, Bombons e Semelhantes",3,2,1
08/2020,Com. Var. de Móveis,0,3,-3
08/2020,Com. Var. de Mat. de Const. em Geral,4,9,-5
08/2020,Com. Var. de Calçados,1,1,0
08/2020,Serv. de Lanternagem ou Funilaria e Pintura de Veíc. Autom.,1,0,1
08/2020,"Com. Var. de Merc. em Geral, com Pred. de Produtos Alim. - Minimercados, Mercearias e Armazéns",1,0,1
08/2020,"Com. Var. de Merc. em Geral, com Pred. de Produtos Alim. - Minimercados, Mercearias e Armazéns",2,1,1
08/2020,Com. Var. de Art. do Vestuário e Acessórios,0,1,-1
08/2020,Com. Var. de Art. de óptica,0,1,-1
08/2020,Comercio Var. de Art. de Armarinho,0,1,-1
08/2020,Com. Var. de Art. do Vestuário e Acessórios,1,0,1
08/2020,"Com. Var. de Produtos Farmac., sem Manip. de Fórmulas",1,1,0
08/2020,Com. Var. de Mat. de Const. não Especif. Ant.,0,1,-1
08/2020,"Com. Var. de Merc. em Geral, com Pred. de Produtos Alim. - Minimercados, Mercearias e Armazéns",0,2,-2
08/2020,Com. Var. Especial. de Equip. e Suprimentos de Informática,2,2,0
08/2020,Com. Var. de Produtos Alim. em Geral ou Especial. em Produtos Alim. não Especif. Ant.,0,1,-1
08/2020,"Serv. de Lavagem, Lubrificação e Polimento de Veíc. Autom.",20,6,14
08/2020,Com. Var. de Animais Vivos e de Art. e Alimentos para Animais de Estimação,0,1,-1
08/2020,Com. por Atacado de Motocicletas e Motonetas,1,0,1
08/2020,"Com. Var. de Merc. em Geral, com Pred. de Produtos Alim. - Minimercados, Mercearias e Armazéns",0,1,-1
08/2020,"Com. Var. de Produtos Farmac., com Manip. de Fórmulas",3,1,2
08/2020,Com. Var. de Outros Produtos não Especif. Ant.,1,0,1
08/2020,Com. Var. Especial. de Equip. de Telefonia e Comunicação,0,3,-3
08/2020,Com. Var. de Art. de Relojoaria,0,1,-1
08/2020,Com. Var. de Art. do Vestuário e Acessórios,0,1,-1
08/2020,Com. Var. de Ferragens e Ferramentas,1,0,1
08/2020,"Com. Var. de Suvenires, Bijuterias e Artesanatos",0,1,-1
08/2020,Com. Var. de Animais Vivos e de Art. e Alimentos para Animais de Estimação,1,1,0
08/2020,Com. Var. de Art. de óptica,2,0,2
08/2020,Com. Var. de Art. do Vestuário e Acessórios,2,0,2
08/2020,Com. Var. de Hortifrutigranjeiros,1,3,-2
08/2020,Com. Var. de Bebidas,0,1,-1
08/2020,"Com. Var. de Produtos Farmac., sem Manip. de Fórmulas",2,1,1
08/2020,Serv. de Manutenção e Reparação Mecânica de Veíc. Autom.,0,1,-1
08/2020,Com. Var. de Livros,2,0,2
08/2020,Serv. de Lanternagem ou Funilaria e Pintura de Veíc. Autom.,1,0,1
08/2020,Com. Atac. de Componentes Eletrônicos e Equip. de Telefonia e Comunicação,9,4,5
08/2020,Com. Var. Especial. de Equip. de Telefonia e Comunicação,0,1,-1
08/2020,Com. Var. Especial. de Equip. de Telefonia e Comunicação,1,0,1
08/2020,Com. Var. Especial. de Equip. e Suprimentos de Informática,1,0,1
08/2020,Com. a Var. de Peças e Acessórios Novos para Veíc. Autom.,0,1,-1
08/2020,Padaria e Confeitaria com Pred. de Revenda,0,2,-2
08/2020,Padaria e Confeitaria com Pred. de Revenda,0,1,-1
08/2020,"Com. Atac. de Máquinas e Equip. para Uso Industrial, Partes e Peças",1,1,0
08/2020,Com. Var. de Art. do Vestuário e Acessórios,1,0,1
08/2020,Com. Var. de Comb. para Veíc. Autom.,1,1,0
08/2020,Com. Var. de Art. do Vestuário e Acessórios,0,2,-2
08/2020,"Lojas de Variedades, Exceto Lojas de Dep. ou Magazines",1,0,1
08/2020,"Com. Atac. de Outras Máquinas e Equip. não Especif. Ant., Partes e Peças",4,2,2
08/2020,Com. Var. de Móveis,1,1,0
08/2020,Com. Var. de Outros Produtos não Especif. Ant.,0,2,-2
08/2020,"Com. Var. de Suvenires, Bijuterias e Artesanatos",1,1,0
08/2020,Com. Var. de Brinquedos e Art. Recreativos,1,1,0
08/2020,Com. Var. de Objetos de Arte,1,0,1
08/2020,Com. Var. de Art. do Vestuário e Acessórios,0,1,-1
08/2020,"Com. Atac. de Instrumentos e Mat. para Uso Médico, Cirúrgico, Hospitalar e de Laboratórios",0,1,-1
08/2020,Com. Var. de Carnes - Açougues,1,0,1
08/2020,Padaria e Confeitaria com Pred. de Revenda,0,2,-2
08/2020,Com. Var. de Produtos Alim. em Geral ou Especial. em Produtos Alim. não Especif. Ant.,1,0,1
08/2020,Com. Var. de Mat. de Const. em Geral,1,0,1
08/2020,Com. Var. de Comb. para Veíc. Autom.,0,1,-1
08/2020,"Com. a Var. de Automóveis, Camionetas e Utilitários Novos",0,1,-1
08/2020,Com. Var. de Ferragens e Ferramentas,0,2,-2
08/2020,"Com. a Var. de Automóveis, Camionetas e Utilitários Novos",1,0,1
08/2020,Com. Var. de Comb. para Veíc. Autom.,1,0,1
08/2020,Com. Var. de Produtos Alim. em Geral ou Especial. em Produtos Alim. não Especif. Ant.,25,7,18
08/2020,Com. Atac. de Mat. de Const. em Geral,0,2,-2
08/2020,Com. Var. de Outros Produtos não Especif. Ant.,1,0,1
08/2020,Com. Var. de Material Elétrico,0,2,-2
08/2020,Com. Var. Especial. de Eletrod. e Equip. de áudio e Vídeo,1,2,-1
08/2020,Com. Atac. de Cosméticos e Produtos de Perfumaria,0,2,-2
08/2020,Com. Var. de Móveis,0,1,-1
08/2020,Com. Var. de Produtos Alim. em Geral ou Especial. em Produtos Alim. não Especif. Ant.,0,1,-1
08/2020,Com. Var. de Art. de Joalheria,0,3,-3
08/2020,"Com. Var. de Cosméticos, Produtos de Perfumaria e de Higiene Pessoal",0,4,-4
08/2020,"Com. Atac. de Vidros, Espelhos e Vitrais",3,1,2
08/2020,Com. Var. de Art. de Iluminação,1,0,1
08/2020,"Com. Atac. de Frutas, Verduras, Raízes, Tubérculos, Hortaliças e Legumes Frescos",0,1,-1
08/2020,Com. a Var. de Peças e Acessórios Novos para Veíc. Autom.,2,0,2
08/2020,Com. Var. Especial. de Eletrod. e Equip. de áudio e Vídeo,1,1,0
08/2020,"Com. Var. de Merc. em Geral, com Pred. de Produtos Alim. - Superm.",2,1,1
08/2020,Com. Var. Especial. de Eletrod. e Equip. de áudio e Vídeo,0,1,-1
08/2020,Com. Atac. de Produtos Alim. em Geral,14,5,9
08/2020,Com. Var. Especial. de Eletrod. e Equip. de áudio e Vídeo,4,6,-2
08/2020,Com. Var. de Outros Art. de Uso Doméstico não Especif. Ant.,0,1,-1
08/2020,"Com. Var. Especial. de Peças e Acessórios para Aparelhos Eletroeletrônicos para Uso Doméstico, Exceto Informática e Comunicação",1,0,1
08/2020,"Com. Var. de Merc. em Geral, com Pred. de Produtos Alim. - Minimercados, Mercearias e Armazéns",0,1,-1
08/2020,Com. Var. de Outros Produtos não Especif. Ant.,1,0,1
08/2020,Com. Var. de Art. do Vestuário e Acessórios,2,0,2
08/2020,Com. Var. de Produtos Alim. em Geral ou Especial. em Produtos Alim. não Especif. Ant.,0,2,-2
08/2020,Com. Var. de Hortifrutigranjeiros,1,0,1
08/2020,"Com. Atac. de Frutas, Verduras, Raízes, Tubérculos, Hortaliças e Legumes Frescos",0,1,-1
08/2020,Com. Var. de Art. do Vestuário e Acessórios,1,0,1
08/2020,Com. Var. de Outros Art. de Uso Doméstico não Especif. Ant.,2,0,2
08/2020,Com. Var. de Art. do Vestuário e Acessórios,0,1,-1
08/2020,Com. Var. de Animais Vivos e de Art. e Alimentos para Animais de Estimação,0,1,-1
08/2020,Com. Var. de Art. Médicos e Ortopédicos,0,1,-1
08/2020,Com. a Var. de Peças e Acessórios Novos para Veíc. Autom.,0,1,-1
08/2020,Com. a Var. de Peças e Acessórios Novos para Veíc. Autom.,1,0,1
08/2020,Com. Var. de Outros Produtos não Especif. Ant.,0,1,-1
08/2020,Com. Var. de Mat. de Const. não Especif. Ant.,0,1,-1
08/2020,Com. Var. de Outros Produtos não Especif. Ant.,0,2,-2
08/2020,Com. Var. de Art. de óptica,1,0,1
08/2020,"Com. Var. de Doces, Balas, Bombons e Semelhantes",1,0,1
08/2020,Serv. de Borracharia para Veíc. Autom.,1,1,0
08/2020,Com. Var. de Bebidas,1,0,1
08/2020,Com. Var. de Produtos Alim. em Geral ou Especial. em Produtos Alim. não Especif. Ant.,2,1,1
08/2020,Com. Var. de Animais Vivos e de Art. e Alimentos para Animais de Estimação,1,0,1
08/2020,Com. Var. de Animais Vivos e de Art. e Alimentos para Animais de Estimação,1,0,1
08/2020,Com. Var. de Carnes - Açougues,0,1,-1
08/2020,"Com. Atac. de Resíduos e Sucatas Não-Metálicos, Exceto de Papel e Papelão",0,1,-1
08/2020,Lojas de Dep. ou Magazines (Desativado),2,0,2
08/2020,"Com. Var. de Merc. em Geral, com Pred. de Produtos Alim. - Superm.",0,1,-1
08/2020,"Com. Atac. de Frutas, Verduras, Raízes, Tubérculos, Hortaliças e Legumes Frescos",1,0,1
08/2020,Com. Var. de Produtos Alim. em Geral ou Especial. em Produtos Alim. não Especif. Ant.,0,1,-1
08/2020,Com. Var. de Outros Produtos não Especif. Ant.,1,0,1
08/2020,Com. Var. Especial. de Equip. de Telefonia e Comunicação,1,0,1
08/2020,Com. Var. de Produtos Alim. em Geral ou Especial. em Produtos Alim. não Especif. Ant.,1,0,1
08/2020,Com. a Var. de Pneumáticos e Câmaras-De-Ar,0,1,-1
08/2020,"Com. Var. de Merc. em Geral, com Pred. de Produtos Alim. - Minimercados, Mercearias e Armazéns",0,1,-1
08/2020,"Com. Var. de Merc. em Geral, com Pred. de Produtos Alim. - Minimercados, Mercearias e Armazéns",1,0,1
08/2020,Com. Var. de Outros Produtos não Especif. Ant.,3,0,3
08/2020,Com. Var. de Outros Produtos não Especif. Ant.,0,1,-1
08/2020,Com. Var. de Madeira e Artefatos,1,0,1
08/2020,Com. Var. de Calçados,1,0,1
08/2020,"Com. Var. de Cosméticos, Produtos de Perfumaria e de Higiene Pessoal",7,0,7
08/2020,Com. Var. de Outros Produtos não Especif. Ant.,5,2,3
08/2020,Com. Var. de Art. do Vestuário e Acessórios,2,0,2
08/2020,Com. Var. de Art. do Vestuário e Acessórios,0,1,-1
08/2020,Com. Var. de Art. do Vestuário e Acessórios,0,2,-2
08/2020,Padaria e Confeitaria com Pred. de Revenda,1,2,-1
08/2020,Com. Var. de Animais Vivos e de Art. e Alimentos para Animais de Estimação,1,1,0
08/2020,"Com. a Var. de Automóveis, Camionetas e Utilitários Novos",2,0,2
08/2020,Com. a Var. de Pneumáticos e Câmaras-De-Ar,1,0,1
08/2020,"Com. Var. de Doces, Balas, Bombons e Semelhantes",0,1,-1
08/2020,"Com. Var. de Cosméticos, Produtos de Perfumaria e de Higiene Pessoal",0,1,-1
08/2020,Com. Var. de Bebidas,1,0,1
08/2020,Com. Var. de Art. do Vestuário e Acessórios,0,1,-1
08/2020,Com. Var. de Gás LiqüEfeito de Petróleo (Glp),1,0,1
08/2020,Serv. de Manutenção e Reparação Mecânica de Veíc. Autom.,2,0,2
08/2020,"Com. Var. de Merc. em Geral, com Pred. de Produtos Alim. - Hipermercados",9,9,0
08/2020,Com. Var. de Art. do Vestuário e Acessórios,0,2,-2
08/2020,"Com. Atac. de Merc. em Geral, com Pred. de Produtos Alim.",1,0,1
08/2020,"Com. Var. de Merc. em Geral, com Pred. de Produtos Alim. - Superm.",2,0,2
08/2020,Com. Var. de Art. do Vestuário e Acessórios,0,2,-2
08/2020,Com. Var. de Art. do Vestuário e Acessórios,2,2,0
08/2020,Com. a Var. de Peças e Acessórios Novos para Veíc. Autom.,1,0,1
08/2020,Com. por Atacado de Pneumáticos e Câmaras-De-Ar,2,1,1
08/2020,Com. Var. Especial. de Equip. de Telefonia e Comunicação,1,1,0
08/2020,"Lojas de Variedades, Exceto Lojas de Dep. ou Magazines",0,1,-1
08/2020,Com. Atac. Especial. em Outros Produtos Alim. não Especif. Ant.,3,1,2
08/2020,"Com. Var. de Produtos Farmac., sem Manip. de Fórmulas",1,0,1
08/2020,Peixaria,1,0,1
08/2020,Com. Atac. de Tecidos,1,0,1
08/2020,Com. Var. de Art. do Vestuário e Acessórios,0,1,-1
08/2020,"Lojas de Variedades, Exceto Lojas de Dep. ou Magazines",2,0,2
08/2020,Com. Var. de Plantas e Flores Naturais,1,0,1
08/2020,Com. Var. de Material Elétrico,1,0,1
08/2020,Com. Var. de Art. Esportivos,0,1,-1
08/2020,Com. Var. de Material Elétrico,1,0,1
08/2020,"Com. Var. de Merc. em Geral, com Pred. de Produtos Alim. - Superm.",0,1,-1
08/2020,Com. Var. Especial. de Equip. de Telefonia e Comunicação,1,1,0
08/2020,Com. a Var. de Peças e Acessórios Novos para Veíc. Autom.,0,1,-1
08/2020,Com. Var. de Móveis,2,0,2
08/2020,"Com. Var. de Merc. em Geral, com Pred. de Produtos Alim. - Superm.",0,1,-1
08/2020,Com. Var. Especial. de Eletrod. e Equip. de áudio e Vídeo,0,1,-1
08/2020,Com. Var. Especial. de Eletrod. e Equip. de áudio e Vídeo,30,49,-19
08/2020,Com. Var. Especial. de Eletrod. e Equip. de áudio e Vídeo,0,2,-2
08/2020,Com. Var. Especial. de Eletrod. e Equip. de áudio e Vídeo,0,1,-1
08/2020,Com. Var. Especial. de Eletrod. e Equip. de áudio e Vídeo,8,5,3
08/2020,Com. Var. Especial. de Eletrod. e Equip. de áudio e Vídeo,0,1,-1
08/2020,"Com. Var. de Merc. em Geral, com Pred. de Produtos Alim. - Minimercados, Mercearias e Armazéns",2,2,0
08/2020,"Com. Var. de Merc. em Geral, com Pred. de Produtos Alim. - Minimercados, Mercearias e Armazéns",4,0,4
08/2020,Com. Var. Especial. de Equip. de Telefonia e Comunicação,1,1,0
08/2020,Com. Var. de Art. do Vestuário e Acessórios,2,0,2
08/2020,Com. Atac. de Outros Produtos Químicos e Petroquímicos não Especif. Ant.,2,0,2
08/2020,Serv. de Lanternagem ou Funilaria e Pintura de Veíc. Autom.,1,0,1
08/2020,Com. Var. de Produtos Alim. em Geral ou Especial. em Produtos Alim. não Especif. Ant.,0,1,-1
08/2020,Com. Var. de Bebidas,0,1,-1
08/2020,Com. Var. de Art. de óptica,1,0,1
08/2020,Com. Var. Especial. de Equip. de Telefonia e Comunicação,1,0,1
08/2020,Serv. de Manutenção e Reparação Mecânica de Veíc. Autom.,1,1,0
08/2020,"Com. Var. de Merc. em Geral, com Pred. de Produtos Alim. - Minimercados, Mercearias e Armazéns",0,1,-1
08/2020,Com. Atac. de Resíduos e Sucatas Metálicos,1,0,1
08/2020,Com. Var. de Outros Art. Usados,4,1,3
08/2020,"Com. Var. de Produtos Farmac., sem Manip. de Fórmulas",1,0,1
08/2020,Com. Var. de Animais Vivos e de Art. e Alimentos para Animais de Estimação,1,0,1
08/2020,"Com. Atac. de Outras Máquinas e Equip. não Especif. Ant., Partes e Peças",3,1,2
08/2020,Com. Var. de Merc. em Lojas de Conveniência,3,2,1
08/2020,"Com. Var. de Cosméticos, Produtos de Perfumaria e de Higiene Pessoal",0,1,-1
08/2020,Com. Var. de Calçados,3,0,3
08/2020,"Com. Var. de Produtos Farmac., sem Manip. de Fórmulas",1,0,1
08/2020,Com. Var. de Livros,1,0,1
08/2020,"Com. Var. de Produtos Farmac., sem Manip. de Fórmulas",1,1,0
08/2020,Com. Var. de Art. de óptica,2,0,2
08/2020,Com. Var. de Art. do Vestuário e Acessórios,1,1,0
08/2020,Padaria e Confeitaria com Pred. de Revenda,0,1,-1
08/2020,"Com. Atac. de Cerveja, Chope e Refrigerante",0,1,-1
08/2020,Com. Var. de Art. de óptica,2,0,2
08/2020,Com. Var. de Mat. de Const. em Geral,1,0,1
08/2020,Com. Var. de Art. do Vestuário e Acessórios,1,0,1
08/2020,Com. Var. de Art. do Vestuário e Acessórios,1,0,1
08/2020,Com. Var. de Bebidas,1,0,1
08/2020,Serv. de Manutenção e Reparação Mecânica de Veíc. Autom.,2,0,2
08/2020,"Com. Var. de Doces, Balas, Bombons e Semelhantes",2,0,2
08/2020,Com. Var. de Art. de Papelaria,1,0,1
08/2020,Com. Var. de Móveis,2,0,2
08/2020,Com. Var. de Material Elétrico,4,0,4
08/2020,Com. Var. de Ferragens e Ferramentas,2,0,2
08/2020,"Com. Var. de Doces, Balas, Bombons e Semelhantes",2,0,2
08/2020,"Com. Var. de Suvenires, Bijuterias e Artesanatos",2,0,2
08/2020,Com. Var. Especial. de Equip. de Telefonia e Comunicação,1,0,1
08/2020,Com. Var. de Art. Médicos e Ortopédicos,3,0,3
08/2020,"Com. Var. de Merc. em Geral, com Pred. de Produtos Alim. - Superm.",0,1,-1
08/2020,Com. Var. de Art. de óptica,1,0,1
08/2020,Com. Var. Especial. de Eletrod. e Equip. de áudio e Vídeo,0,3,-3
08/2020,Com. Var. de Mat. de Const. não Especif. Ant.,0,1,-1
08/2020,Com. Var. de Comb. para Veíc. Autom.,0,1,-1
08/2020,Padaria e Confeitaria com Pred. de Revenda,1,0,1
08/2020,Com. a Var. de Peças e Acessórios Novos para Veíc. Autom.,1,0,1
08/2020,Com. Var. de Art. do Vestuário e Acessórios,0,2,-2
08/2020,Com. Var. de Calçados,1,2,-1
08/2020,"Com. Var. de Merc. em Geral, com Pred. de Produtos Alim. - Hipermercados",18,3,15
08/2020,"Com. Var. de Produtos Farmac., sem Manip. de Fórmulas",0,1,-1
08/2020,Com. Atac. de Ferragens e Ferramentas,1,0,1
08/2020,"Lojas de Variedades, Exceto Lojas de Dep. ou Magazines",0,1,-1
08/2020,Com. Var. de Madeira e Artefatos,2,0,2
08/2020,Com. Atac. de Produtos Alim. em Geral,10,5,5
08/2020,Com. Var. de Móveis,0,1,-1
08/2020,"Com. Var. de Merc. em Geral, com Pred. de Produtos Alim. - Superm.",3,3,0
08/2020,"Com. Var. de Merc. em Geral, com Pred. de Produtos Alim. - Superm.",3,0,3
08/2020,Com. Var. de Plantas e Flores Naturais,1,0,1
08/2020,"Com. Var. de Merc. em Geral, com Pred. de Produtos Alim. - Superm.",1,1,0
08/2020,Lojas de Dep. ou Magazines (Desativado),2,0,2
08/2020,"Com. Var. de Merc. em Geral, com Pred. de Produtos Alim. - Minimercados, Mercearias e Armazéns",1,0,1
08/2020,Com. Var. de Comb. para Veíc. Autom.,1,1,0
08/2020,Com. Var. de Gás LiqüEfeito de Petróleo (Glp),0,1,-1
08/2020,Com. Var. de Comb. para Veíc. Autom.,1,1,0
08/2020,Com. Var. de Art. do Vestuário e Acessórios,2,0,2
08/2020,Com. Var. de Art. do Vestuário e Acessórios,1,0,1
08/2020,"Com. Var. de Cosméticos, Produtos de Perfumaria e de Higiene Pessoal",0,1,-1
08/2020,Com. Var. de Mat. de Const. não Especif. Ant.,1,0,1
08/2020,"Com. Var. de Art. de Caça, Pesca e Camping",1,0,1
08/2020,Com. a Var. de Peças e Acessórios Novos para Veíc. Autom.,1,0,1
08/2020,"Comercio Var. de Art. de Cama, Mesa e Banho",1,0,1
08/2020,Com. Var. de Comb. para Veíc. Autom.,1,0,1
08/2020,"Representantes Comerciais e Agentes do Com. de Têxteis, Vestuário, Calçados e Art. de Viagem",0,1,-1
08/2020,"Com. Var. de Merc. em Geral, com Pred. de Produtos Alim. - Superm.",0,1,-1
08/2020,"Com. Var. de Merc. em Geral, com Pred. de Produtos Alim. - Minimercados, Mercearias e Armazéns",0,1,-1
08/2020,Com. Var. de Comb. para Veíc. Autom.,0,1,-1
08/2020,Com. Var. de Mat. de Const. em Geral,4,2,2
08/2020,Com. a Var. de Peças e Acessórios Novos para Veíc. Autom.,1,0,1
08/2020,Com. por Atacado de Caminhões Novos e Usados,1,0,1
08/2020,Com. a Var. de Pneumáticos e Câmaras-De-Ar,1,0,1
08/2020,Com. Atac. de Ferragens e Ferramentas,0,2,-2
08/2020,"Com. Var. de Produtos Farmac., sem Manip. de Fórmulas",1,1,0
08/2020,"Com. Var. de Produtos Farmac., sem Manip. de Fórmulas",1,2,-1
08/2020,Com. Var. de Comb. para Veíc. Autom.,1,0,1
08/2020,"Com. Var. de Merc. em Geral, com Pred. de Produtos Alim. - Superm.",2,2,0
08/2020,"Com. Var. de Merc. em Geral, com Pred. de Produtos Alim. - Superm.",0,2,-2
08/2020,"Com. Var. de Merc. em Geral, com Pred. de Produtos Alim. - Superm.",0,2,-2
08/2020,"Com. Var. de Merc. em Geral, com Pred. de Produtos Alim. - Superm.",6,5,1
08/2020,Com. Var. de Comb. para Veíc. Autom.,1,1,0
08/2020,"Com. Var. de Merc. em Geral, com Pred. de Produtos Alim. - Superm.",8,10,-2
08/2020,"Com. Var. de Merc. em Geral, com Pred. de Produtos Alim. - Superm.",4,1,3
08/2020,"Com. Var. de Merc. em Geral, com Pred. de Produtos Alim. - Superm.",16,16,0
08/2020,"Com. Var. de Merc. em Geral, com Pred. de Produtos Alim. - Superm.",1,4,-3
08/2020,"Com. Var. de Merc. em Geral, com Pred. de Produtos Alim. - Superm.",4,7,-3
08/2020,Com. Atac. de Produtos Alim. em Geral,0,1,-1
08/2020,"Com. Var. de Merc. em Geral, com Pred. de Produtos Alim. - Superm.",5,2,3
08/2020,"Com. Var. de Merc. em Geral, com Pred. de Produtos Alim. - Superm.",1,0,1
08/2020,"Com. Var. de Merc. em Geral, com Pred. de Produtos Alim. - Superm.",3,2,1
08/2020,"Com. Var. de Merc. em Geral, com Pred. de Produtos Alim. - Superm.",5,5,0
08/2020,"Com. Var. de Merc. em Geral, com Pred. de Produtos Alim. - Superm.",15,9,6
08/2020,Padaria e Confeitaria com Pred. de Revenda,1,0,1
08/2020,"Com. a Var. de Automóveis, Camionetas e Utilitários Novos",1,0,1
08/2020,Com. Var. de Mat. de Const. não Especif. Ant.,1,1,0
08/2020,Com. Atac. de Bebidas não Especificadas Ant.,0,1,-1
08/2020,Com. Var. de Mat. de Const. em Geral,1,0,1
08/2020,"Com. Var. de Merc. em Geral, com Pred. de Produtos Alim. - Superm.",2,3,-1
08/2020,"Com. Var. de Merc. em Geral, com Pred. de Produtos Alim. - Superm.",5,3,2
08/2020,"Com. Var. de Merc. em Geral, com Pred. de Produtos Alim. - Superm.",0,2,-2
08/2020,"Com. Var. de Merc. em Geral, com Pred. de Produtos Alim. - Superm.",3,3,0
08/2020,"Com. Var. de Merc. em Geral, com Pred. de Produtos Alim. - Superm.",1,1,0
08/2020,Com. Var. de Comb. para Veíc. Autom.,1,0,1
08/2020,"Com. Atac. de Frutas, Verduras, Raízes, Tubérculos, Hortaliças e Legumes Frescos",7,6,1
08/2020,Com. Atac. de Art. de Escritório e de Papelaria,0,3,-3
08/2020,"Com. Atac. de Máquinas, Aparelhos e Equip. para Uso Agropecuário, Partes e Peças",20,2,18
08/2020,Com. Var. de Ferragens e Ferramentas,0,1,-1
08/2020,Com. Atac. de Produtos Alim. em Geral,0,2,-2
08/2020,"Com. Var. de Produtos Farmac., com Manip. de Fórmulas",0,1,-1
08/2020,Com. Var. de Calçados,2,0,2
08/2020,Com. Var. de Calçados,0,2,-2
08/2020,"Com. Var. de Produtos Farmac., com Manip. de Fórmulas",6,4,2
08/2020,Com. a Var. de Peças e Acessórios Novos para Veíc. Autom.,1,0,1
08/2020,Com. por Atacado de Peças e Acessórios Novos para Veíc. Autom.,1,0,1
08/2020,Padaria e Confeitaria com Pred. de Revenda,1,0,1
08/2020,Com. Var. de Animais Vivos e de Art. e Alimentos para Animais de Estimação,1,0,1
08/2020,"Com. Atac. de Outras Máquinas e Equip. não Especif. Ant., Partes e Peças",1,0,1
08/2020,"Com. Var. de Produtos Farmac., sem Manip. de Fórmulas",0,1,-1
08/2020,Com. Var. de Lubrificantes,0,1,-1
08/2020,"Com. Var. de Merc. em Geral, com Pred. de Produtos Alim. - Minimercados, Mercearias e Armazéns",1,0,1
08/2020,"Com. Var. de Merc. em Geral, com Pred. de Produtos Alim. - Minimercados, Mercearias e Armazéns",1,0,1
08/2020,"Com. Var. de Merc. em Geral, com Pred. de Produtos Alim. - Minimercados, Mercearias e Armazéns",0,1,-1
08/2020,Com. Var. de Mat. de Const. não Especif. Ant.,1,0,1
08/2020,"Com. a Var. de Automóveis, Camionetas e Utilitários Novos",8,1,7
08/2020,Com. Var. de Equip. para Escritório,2,0,2
08/2020,Com. Var. de Comb. para Veíc. Autom.,0,1,-1
08/2020,Serv. de Manutenção e Reparação Mecânica de Veíc. Autom.,1,0,1
08/2020,"Com. Var. de Produtos Farmac., com Manip. de Fórmulas",1,0,1
08/2020,Com. Atac. de Outros Equip. e Art. de Uso Pessoal e Doméstico não Especif. Ant.,1,0,1
08/2020,"Com. Atac. de Máquinas, Aparelhos e Equip. para Uso Agropecuário, Partes e Peças",4,1,3
08/2020,Serv. de Manutenção e Reparação Mecânica de Veíc. Autom.,1,0,1
08/2020,"Com. Atac. de Bicicletas, Triciclos e Outros Veíc. Recreativos",2,0,2
08/2020,"Com. a Var. de Automóveis, Camionetas e Utilitários Usados",1,0,1
08/2020,Com. Atac. de Material Elétrico,1,0,1
08/2020,Com. Var. de Mat. de Const. não Especif. Ant.,1,0,1
08/2020,Com. Var. de Art. de Papelaria,0,1,-1
08/2020,Com. a Var. de Peças e Acessórios para Motocicletas e Motonetas (Desativado),1,2,-1
08/2020,Com. Atac. de Art. de Escritório e de Papelaria,0,1,-1
08/2020,Com. Var. de Outros Produtos não Especif. Ant.,1,0,1
08/2020,Com. Var. de Art. do Vestuário e Acessórios,0,1,-1
08/2020,Com. Var. de Outros Produtos não Especif. Ant.,2,0,2
08/2020,"Com. Atac. de Cerveja, Chope e Refrigerante",11,9,2
08/2020,Com. Var. de Art. do Vestuário e Acessórios,0,5,-5
08/2020,"Com. Var. de Cosméticos, Produtos de Perfumaria e de Higiene Pessoal",0,1,-1
08/2020,Padaria e Confeitaria com Pred. de Revenda,1,0,1
08/2020,Com. Var. de Tintas e Mat. para Pintura,2,0,2
08/2020,Com. Var. de Comb. para Veíc. Autom.,1,0,1
08/2020,Com. a Var. de Peças e Acessórios Novos para Veíc. Autom.,2,0,2
08/2020,Com. Var. de Outros Produtos não Especif. Ant.,0,1,-1
08/2020,"Com. Var. de Produtos Farmac., sem Manip. de Fórmulas",2,0,2
08/2020,Com. Var. de Mat. de Const. não Especif. Ant.,1,1,0
08/2020,Com. por Atacado de Caminhões Novos e Usados,0,1,-1
08/2020,Com. Atac. de Aves Vivas e Ovos,3,0,3
08/2020,Com. Atac. de Aves Vivas e Ovos,0,1,-1
08/2020,Lojas de Dep. ou Magazines (Desativado),1,0,1
08/2020,"Lojas de Dep. ou Magazines, Exceto Lojas Francas (Duty Free)",9,1,8
08/2020,Com. Atac. de Cosméticos e Produtos de Perfumaria,1,0,1
08/2020,"Com. Atac. de Cerveja, Chope e Refrigerante",4,13,-9
08/2020,"Com. Var. de Merc. em Geral, com Pred. de Produtos Alim. - Superm.",2,1,1
08/2020,"Com. Var. de Produtos Farmac., sem Manip. de Fórmulas",0,1,-1
08/2020,"Com. Var. de Produtos Farmac., sem Manip. de Fórmulas",1,0,1
08/2020,"Com. Var. de Produtos Farmac., sem Manip. de Fórmulas",1,0,1
08/2020,"Com. Var. de Produtos Farmac., sem Manip. de Fórmulas",0,1,-1
08/2020,"Com. Var. de Produtos Farmac., sem Manip. de Fórmulas",0,2,-2
08/2020,"Com. Var. de Produtos Farmac., sem Manip. de Fórmulas",0,1,-1
08/2020,"Com. Var. de Produtos Farmac., sem Manip. de Fórmulas",0,1,-1
08/2020,"Com. Var. de Produtos Farmac., sem Manip. de Fórmulas",2,1,1
08/2020,"Com. Var. de Produtos Farmac., sem Manip. de Fórmulas",1,0,1
08/2020,"Com. Var. de Produtos Farmac., sem Manip. de Fórmulas",1,1,0
08/2020,"Com. Var. de Produtos Farmac., sem Manip. de Fórmulas",1,0,1
08/2020,"Com. Var. de Produtos Farmac., sem Manip. de Fórmulas",3,0,3
08/2020,"Com. Var. de Produtos Farmac., sem Manip. de Fórmulas",0,1,-1
08/2020,"Com. Var. de Produtos Farmac., sem Manip. de Fórmulas",2,0,2
08/2020,"Com. Var. de Produtos Farmac., sem Manip. de Fórmulas",2,0,2
08/2020,"Com. Var. de Produtos Farmac., sem Manip. de Fórmulas",1,0,1
08/2020,"Com. Var. de Produtos Farmac., sem Manip. de Fórmulas",0,1,-1
08/2020,"Com. Atac. de Cerveja, Chope e Refrigerante",3,0,3
08/2020,Com. Var. de Art. de Viagem,0,2,-2
08/2020,Com. Var. de Outros Art. de Uso Doméstico não Especif. Ant.,1,1,0
08/2020,Com. Var. de Plantas e Flores Naturais,3,1,2
08/2020,Com. Var. de Mat. de Const. em Geral,0,1,-1
08/2020,Com. por Atacado de Peças e Acessórios Novos para Veíc. Autom.,1,2,-1
08/2020,"Com. Var. de Merc. em Geral, com Pred. de Produtos Alim. - Superm.",27,10,17
08/2020,"Com. Var. de Produtos Farmac., com Manip. de Fórmulas",1,1,0
08/2020,Com. Atac. de Resinas e Elastômeros,1,0,1
08/2020,Com. Var. de Outros Produtos não Especif. Ant.,2,0,2
08/2020,"Com. Var. de Produtos Farmac., sem Manip. de Fórmulas",3,1,2
08/2020,"Com. Var. de Produtos Farmac., sem Manip. de Fórmulas",1,0,1
08/2020,"Com. Var. de Produtos Farmac., sem Manip. de Fórmulas",1,0,1
08/2020,Com. Var. de Mat. de Const. não Especif. Ant.,1,0,1
08/2020,Com. Var. de Produtos Alim. em Geral ou Especial. em Produtos Alim. não Especif. Ant.,0,1,-1
08/2020,Serv. de Manutenção e Reparação Mecânica de Veíc. Autom.,0,1,-1
08/2020,Com. Var. de Mat. de Const. não Especif. Ant.,3,1,2
08/2020,Com. Atac. de Matérias-Primas Agrícolas não Especificadas Ant.,1,0,1
08/2020,Com. Var. Especial. de Eletrod. e Equip. de áudio e Vídeo,1,1,0
08/2020,"Com. Var. de Produtos Farmac., com Manip. de Fórmulas",0,1,-1
08/2020,Com. a Var. de Peças e Acessórios Novos para Veíc. Autom.,1,0,1
08/2020,"Com. a Var. de Automóveis, Camionetas e Utilitários Novos",9,1,8
08/2020,Com. Var. de Art. de Colchoaria,1,0,1
08/2020,Com. Var. de Mat. de Const. não Especif. Ant.,1,0,1
08/2020,Com. Var. de Tintas e Mat. para Pintura,1,0,1
08/2020,Com. Var. de Tintas e Mat. para Pintura,0,1,-1
08/2020,Com. Var. de Tintas e Mat. para Pintura,0,2,-2
08/2020,Com. Var. de Mat. de Const. não Especif. Ant.,0,1,-1
08/2020,"Com. Var. de Produtos Farmac., com Manip. de Fórmulas",1,0,1
08/2020,"Com. Atac. de Máquinas e Equip. para Uso Industrial, Partes e Peças",2,0,2
08/2020,Com. a Var. de Peças e Acessórios Novos para Veíc. Autom.,0,1,-1
08/2020,Com. Var. de Outros Produtos não Especif. Ant.,0,2,-2
08/2020,Com. Var. de Comb. para Veíc. Autom.,0,1,-1
08/2020,"Com. Atac. de Merc. em Geral, com Pred. de Insumos Agropecuários",2,1,1
08/2020,"Com. Atac. de Cerveja, Chope e Refrigerante",0,1,-1
08/2020,Com. Var. de Plantas e Flores Naturais,0,1,-1
08/2020,Com. Var. de Mat. de Const. em Geral,1,1,0
08/2020,"Com. Var. de Merc. em Geral, com Pred. de Produtos Alim. - Superm.",2,1,1
08/2020,"Com. Var. de Merc. em Geral, com Pred. de Produtos Alim. - Hipermercados",13,11,2
08/2020,Com. Atac. de Ferragens e Ferramentas,12,0,12
08/2020,Com. Var. de Art. do Vestuário e Acessórios,1,0,1
08/2020,Com. a Var. de Peças e Acessórios Novos para Veíc. Autom.,3,2,1
08/2020,"Com. Var. de Merc. em Geral, com Pred. de Produtos Alim. - Hipermercados",0,2,-2
08/2020,Com. Atac. Especial. de Mat. de Const. não Especif. Ant.,0,1,-1
08/2020,Com. por Atacado de Motocicletas e Motonetas,1,2,-1
08/2020,Com. Var. de Art. de Joalheria,0,2,-2
08/2020,"Com. Atac. de Máquinas, Aparelhos e Equip. para Uso Agropecuário, Partes e Peças",0,1,-1
08/2020,Com. Var. Especial. de Equip. e Suprimentos de Informática,1,1,0
08/2020,Com. Var. de Art. do Vestuário e Acessórios,0,1,-1
08/2020,Padaria e Confeitaria com Pred. de Revenda,1,0,1
08/2020,Com. Var. Especial. de Equip. de Telefonia e Comunicação,1,0,1
01/2021,Com. Var. Especial. de Equip. e Suprimentos de Informática,0,1,-1
01/2021,"Com. Var. de Merc. em Geral, com Pred. de Produtos Alim. - Minimercados, Mercearias e Armazéns",1,0,1
01/2021,Com. Var. de Mat. de Const. não Especif. Ant.,0,1,-1
01/2021,Com. Var. de Art. de Iluminação,1,0,1
01/2021,Com. Atac. de Ferragens e Ferramentas,3,0,3
01/2021,Com. Var. de Ferragens e Ferramentas,0,1,-1
01/2021,"Com. Var. Especial. de Peças e Acessórios para Aparelhos Eletroeletrônicos para Uso Doméstico, Exceto Informática e Comunicação",0,25,-25
01/2021,Com. Var. Especial. de Eletrod. e Equip. de áudio e Vídeo,2,8,-6
01/2021,Padaria e Confeitaria com Pred. de Revenda,0,1,-1
01/2021,Com. Atac. de Móveis e Art. de Colchoaria,0,1,-1
01/2021,Com. Atac. de Ferragens e Ferramentas,1,2,-1
01/2021,Com. a Var. de Peças e Acessórios Novos para Veíc. Autom.,1,0,1
01/2021,Com. Var. de Móveis,1,1,0
01/2021,"Com. Var. de Cosméticos, Produtos de Perfumaria e de Higiene Pessoal",1,0,1
01/2021,Com. a Var. de Peças e Acessórios Novos para Veíc. Autom.,0,1,-1
01/2021,"Com. Atac. de Frutas, Verduras, Raízes, Tubérculos, Hortaliças e Legumes Frescos",1,0,1
01/2021,"Com. Var. de Art. de Caça, Pesca e Camping",1,1,0
01/2021,"Representantes Comerciais e Agentes do Com. de Têxteis, Vestuário, Calçados e Art. de Viagem",0,1,-1
01/2021,Com. a Var. de Peças e Acessórios Novos para Veíc. Autom.,1,0,1
01/2021,Com. Var. de Lubrificantes,1,0,1
01/2021,"Com. Var. de Merc. em Geral, com Pred. de Produtos Alim. - Hipermercados",18,12,6
01/2021,"Com. a Var. de Automóveis, Camionetas e Utilitários Novos",5,5,0
01/2021,Com. Var. de Material Elétrico,0,2,-2
01/2021,Com. Atac. de Medicamentos e Drogas de Uso Humano,41,29,12
01/2021,"Com. Var. de Produtos Farmac., sem Manip. de Fórmulas",0,1,-1
01/2021,Com. Var. de Outros Produtos não Especif. Ant.,1,0,1
01/2021,Padaria e Confeitaria com Pred. de Revenda,2,1,1
01/2021,Com. Var. de Art. do Vestuário e Acessórios,2,0,2
01/2021,"Com. Var. de Produtos Farmac., sem Manip. de Fórmulas",1,2,-1
01/2021,Com. Atac. de Componentes Eletrônicos e Equip. de Telefonia e Comunicação,0,3,-3
01/2021,"Com. Atac. de Produtos da Extração Mineral, Exceto Comb.",0,1,-1
01/2021,Com. Var. Especial. de Equip. e Suprimentos de Informática,0,2,-2
01/2021,"Com. Atac. de Bolsas, Malas e Art. de Viagem",0,2,-2
01/2021,Com. Atac. de Produtos Alim. em Geral,0,2,-2
01/2021,Com. Var. de Outros Produtos não Especif. Ant.,0,1,-1
01/2021,"Com. Var. de Doces, Balas, Bombons e Semelhantes",1,0,1
01/2021,Com. Atac. de Carnes Bovinas e Suínas e Derivados,19,47,-28
01/2021,"Com. Var. de Merc. em Geral, com Pred. de Produtos Alim. - Minimercados, Mercearias e Armazéns",0,1,-1
01/2021,"Com. Var. de Merc. em Geral, com Pred. de Produtos Alim. - Minimercados, Mercearias e Armazéns",1,1,0
01/2021,Com. Var. Especial. de Equip. e Suprimentos de Informática,0,1,-1
01/2021,"Com. Var. de Bicicletas e Triciclos, Peças e Acessórios",1,1,0
01/2021,Com. por Atacado de Peças e Acessórios Novos para Veíc. Autom.,1,0,1
01/2021,"Com. Var. de Merc. em Geral, com Pred. de Produtos Alim. - Minimercados, Mercearias e Armazéns",1,0,1
01/2021,Com. por Atacado de Pneumáticos e Câmaras-De-Ar,3,1,2
01/2021,Com. Var. de Outros Art. de Uso Doméstico não Especif. Ant.,0,5,-5
01/2021,Com. Var. de Brinquedos e Art. Recreativos,0,1,-1
01/2021,Com. Var. de Comb. para Veíc. Autom.,2,0,2
01/2021,Com. Var. de Mat. de Const. não Especif. Ant.,1,0,1
01/2021,Com. Var. Especial. de Equip. e Suprimentos de Informática,1,1,0
01/2021,Com. Var. de Art. Esportivos,1,0,1
01/2021,Com. Var. de Comb. para Veíc. Autom.,1,0,1
01/2021,Com. Var. de Art. do Vestuário e Acessórios,0,3,-3
01/2021,"Com. a Var. de Automóveis, Camionetas e Utilitários Novos",0,2,-2
01/2021,"Representantes Comerciais e Agentes do Com. de Máquinas, Equip., Embarcações e Aeronaves",0,1,-1
01/2021,Representantes Comerciais e Agentes do Com. de Merc. em Geral não Especial.,2,0,2
01/2021,Com. a Var. de Peças e Acessórios Novos para Veíc. Autom.,0,1,-1
01/2021,Com. Var. de Comb. para Veíc. Autom.,0,1,-1
01/2021,Com. Var. de Art. de óptica,1,0,1
01/2021,"Com. a Var. de Automóveis, Camionetas e Utilitários Novos",2,10,-8
01/2021,"Com. a Var. de Automóveis, Camionetas e Utilitários Novos",1,3,-2
01/2021,Com. Var. de Carnes - Açougues,1,0,1
01/2021,Com. Atac. de Outros Produtos Químicos e Petroquímicos não Especif. Ant.,0,1,-1
01/2021,Com. a Var. de Pneumáticos e Câmaras-De-Ar,1,0,1
01/2021,Com. Var. de Art. do Vestuário e Acessórios,0,2,-2
01/2021,Com. Var. de Carnes - Açougues,0,1,-1
01/2021,Com. Var. de Móveis,0,1,-1
01/2021,Com. Var. de Outros Produtos não Especif. Ant.,1,0,1
01/2021,Com. Var. de Art. de Colchoaria,1,0,1
01/2021,"Comercio Var. de Art. de Cama, Mesa e Banho",0,1,-1
01/2021,"Com. Atac. de Tintas, Vernizes e Similares",0,1,-1
01/2021,Com. Var. de Calçados,0,1,-1
01/2021,"Com. Var. de Suvenires, Bijuterias e Artesanatos",0,1,-1
01/2021,Com. Var. Especial. de Equip. de Telefonia e Comunicação,2,1,1
01/2021,Com. Var. Especial. de Equip. de Telefonia e Comunicação,1,0,1
01/2021,Com. Var. de Hortifrutigranjeiros,0,1,-1
01/2021,"Com. Var. de Produtos Farmac., sem Manip. de Fórmulas",0,1,-1
01/2021,Com. Atac. Especial. em Outros Produtos Intermediários não Especif. Ant.,1,1,0
01/2021,Com. Atac. de Produtos Alim. em Geral,3,0,3
01/2021,Com. Var. de Madeira e Artefatos,0,2,-2
01/2021,Com. Var. de Produtos Alim. em Geral ou Especial. em Produtos Alim. não Especif. Ant.,0,1,-1
01/2021,Com. Var. de Outros Produtos não Especif. Ant.,0,1,-1
01/2021,Com. Var. de Animais Vivos e de Art. e Alimentos para Animais de Estimação,0,1,-1
01/2021,Com. Atac. de Cosméticos e Produtos de Perfumaria,2,1,1
01/2021,Com. Var. de Animais Vivos e de Art. e Alimentos para Animais de Estimação,0,1,-1
01/2021,Com. Var. de Móveis,1,0,1
01/2021,Com. Var. de Lubrificantes,0,1,-1
01/2021,Com. Var. de Mat. de Const. em Geral,0,1,-1
01/2021,"Com. Var. de Produtos Farmac., com Manip. de Fórmulas",1,1,0
01/2021,Com. Var. de Art. do Vestuário e Acessórios,0,6,-6
01/2021,"Com. Var. de Merc. em Geral, com Pred. de Produtos Alim. - Superm.",0,5,-5
01/2021,"Com. Var. de Merc. em Geral, com Pred. de Produtos Alim. - Minimercados, Mercearias e Armazéns",1,1,0
01/2021,"Serv. de Lavagem, Lubrificação e Polimento de Veíc. Autom.",0,2,-2
01/2021,Com. Var. de Produtos Alim. em Geral ou Especial. em Produtos Alim. não Especif. Ant.,0,4,-4
01/2021,Serv. de Manutenção e Reparação Mecânica de Veíc. Autom.,0,1,-1
01/2021,"Com. Var. de Art. de Tapeçaria, Cortinas e Persianas",3,0,3
01/2021,Com. Var. de Móveis,1,0,1
01/2021,Com. Var. de Móveis,1,0,1
01/2021,Com. Var. de Móveis,1,0,1
01/2021,Com. Var. de Art. de óptica,1,0,1
01/2021,Com. Var. de Art. do Vestuário e Acessórios,0,2,-2
01/2021,Com. Var. de Mat. de Const. não Especif. Ant.,2,0,2
01/2021,Com. por Atacado de Pneumáticos e Câmaras-De-Ar,0,1,-1
01/2021,"Com. Var. de Doces, Balas, Bombons e Semelhantes",0,1,-1
01/2021,Com. Var. de Outros Produtos não Especif. Ant.,1,2,-1
01/2021,Com. Atac. de Sorvetes,9,6,3
01/2021,Com. Var. de Art. de óptica,0,1,-1
01/2021,Com. Var. de Ferragens e Ferramentas,0,1,-1
01/2021,Com. Atac. de Outros Equip. e Art. de Uso Pessoal e Doméstico não Especif. Ant.,1,2,-1
01/2021,Com. a Var. de Peças e Acessórios Novos para Veíc. Autom.,3,1,2
01/2021,Com. Atac. de Ferragens e Ferramentas,3,1,2
01/2021,Com. a Var. de Peças e Acessórios Novos para Veíc. Autom.,1,1,0
01/2021,Padaria e Confeitaria com Pred. de Revenda,1,0,1
01/2021,Serv. de Manutenção e Reparação Mecânica de Veíc. Autom.,1,0,1
01/2021,Com. Var. de Plantas e Flores Naturais,1,0,1
01/2021,Com. por Atacado de Peças e Acessórios para Motocicletas e Motonetas,0,1,-1
01/2021,Com. Var. de Mat. Hidráulicos,0,1,-1
01/2021,"Com. a Var. de Automóveis, Camionetas e Utilitários Novos",2,4,-2
01/2021,Com. Var. de Vidros,1,0,1
01/2021,Com. Var. de Comb. para Veíc. Autom.,4,2,2
01/2021,Com. Atac. de Produtos Alim. em Geral,10,12,-2
01/2021,Com. Var. de Comb. para Veíc. Autom.,1,0,1
01/2021,"Com. Var. de Produtos Farmac., com Manip. de Fórmulas",2,0,2
01/2021,Com. Var. de Plantas e Flores Naturais,0,2,-2
01/2021,Com. Var. de Outros Produtos não Especif. Ant.,1,2,-1
01/2021,Com. Var. de Comb. para Veíc. Autom.,0,1,-1
01/2021,Com. Var. de Outros Art. de Uso Doméstico não Especif. Ant.,0,1,-1
01/2021,Com. Var. de Equip. para Escritório,0,2,-2
01/2021,Com. Var. Especial. de Eletrod. e Equip. de áudio e Vídeo,1,2,-1
01/2021,Com. Var. de Art. do Vestuário e Acessórios,0,1,-1
01/2021,Com. Var. de Art. Médicos e Ortopédicos,1,0,1
01/2021,Com. Var. de Hortifrutigranjeiros,3,9,-6
01/2021,Com. Var. de Hortifrutigranjeiros,0,1,-1
01/2021,"Com. a Var. de Automóveis, Camionetas e Utilitários Novos",2,0,2
01/2021,Com. Var. de Comb. para Veíc. Autom.,0,2,-2
01/2021,Serv. de Lanternagem ou Funilaria e Pintura de Veíc. Autom.,2,0,2
01/2021,Com. Var. de Art. do Vestuário e Acessórios,0,1,-1
01/2021,Com. a Var. de Peças e Acessórios Novos para Veíc. Autom.,9,3,6
01/2021,Com. Var. de Comb. para Veíc. Autom.,4,0,4
01/2021,Com. Var. de Calçados,6,28,-22
01/2021,Com. Var. de Outros Produtos não Especif. Ant.,0,1,-1
01/2021,Com. Var. de Bebidas,0,1,-1
01/2021,"Com. a Var. de Automóveis, Camionetas e Utilitários Novos",7,5,2
01/2021,Com. Atac. de Resíduos e Sucatas Metálicos,0,1,-1
01/2021,Com. Var. de Ferragens e Ferramentas,0,1,-1
01/2021,Comercio Var. de Art. de Armarinho,1,2,-1
01/2021,Com. Var. de Art. do Vestuário e Acessórios,0,2,-2
01/2021,Com. Var. de Madeira e Artefatos,1,0,1
01/2021,Com. a Var. de Motocicletas e Motonetas Novas,1,0,1
01/2021,Com. Var. de Livros,0,1,-1
01/2021,Padaria e Confeitaria com Pred. de Revenda,1,1,0
01/2021,"Com. Var. de Merc. em Geral, com Pred. de Produtos Alim. - Superm.",3,7,-4
01/2021,Com. Var. de Art. de óptica,3,1,2
01/2021,Com. Atac. de Outros Equip. e Art. de Uso Pessoal e Doméstico não Especif. Ant.,1,0,1
01/2021,"Com. Var. de Produtos Farmac., sem Manip. de Fórmulas",0,2,-2
01/2021,"Com. Var. de Doces, Balas, Bombons e Semelhantes",0,2,-2
01/2021,Com. Var. de Outros Art. de Uso Doméstico não Especif. Ant.,0,1,-1
01/2021,Com. Atac. de Embalagens,2,1,1
01/2021,Com. Var. de Mat. de Const. em Geral,0,1,-1
01/2021,Com. Var. de Outros Produtos não Especif. Ant.,0,1,-1
01/2021,"Com. Var. de Cosméticos, Produtos de Perfumaria e de Higiene Pessoal",0,1,-1
01/2021,"Com. Var. de Cosméticos, Produtos de Perfumaria e de Higiene Pessoal",0,3,-3
01/2021,Com. Var. de Tintas e Mat. para Pintura,2,0,2
01/2021,Com. Var. de Outros Art. de Uso Doméstico não Especif. Ant.,6,2,4
01/2021,Com. Var. de Outros Art. de Uso Doméstico não Especif. Ant.,4,0,4
01/2021,Com. Var. de Outros Art. de Uso Doméstico não Especif. Ant.,2,0,2
01/2021,Com. Var. de Outros Art. de Uso Doméstico não Especif. Ant.,2,0,2
01/2021,Com. Atac. de Outros Equip. e Art. de Uso Pessoal e Doméstico não Especif. Ant.,9,8,1
01/2021,Com. Var. de Livros,2,3,-1
01/2021,Com. Var. Especial. de Eletrod. e Equip. de áudio e Vídeo,0,1,-1
01/2021,"Com. Var. de Merc. em Geral, com Pred. de Produtos Alim. - Minimercados, Mercearias e Armazéns",0,7,-7
01/2021,Com. Var. de Animais Vivos e de Art. e Alimentos para Animais de Estimação,0,1,-1
01/2021,Com. Var. de Outros Produtos não Especif. Ant.,1,0,1
01/2021,"Com. Atac. de Instrumentos e Mat. para Uso Médico, Cirúrgico, Hospitalar e de Laboratórios",0,4,-4
01/2021,"Com. Var. de Merc. em Geral, com Pred. de Produtos Alim. - Superm.",3,5,-2
01/2021,"Com. Var. de Merc. em Geral, com Pred. de Produtos Alim. - Hipermercados",12,5,7
01/2021,"Com. Var. de Merc. em Geral, com Pred. de Produtos Alim. - Superm.",2,0,2
01/2021,"Com. a Var. de Automóveis, Camionetas e Utilitários Usados",0,1,-1
01/2021,Com. Var. de Plantas e Flores Naturais,0,1,-1
01/2021,Com. Var. de Livros,2,0,2
01/2021,Com. Var. de Outros Art. de Uso Doméstico não Especif. Ant.,0,1,-1
01/2021,Com. a Var. de Peças e Acessórios Novos para Veíc. Autom.,0,1,-1
01/2021,"Com. Var. de Merc. em Geral, com Pred. de Produtos Alim. - Minimercados, Mercearias e Armazéns",4,2,2
01/2021,Com. Var. de Plantas e Flores Naturais,5,0,5
01/2021,Com. Var. Especial. de Equip. e Suprimentos de Informática,1,0,1
01/2021,Com. Var. de Art. Esportivos,0,6,-6
01/2021,Padaria e Confeitaria com Pred. de Revenda,0,1,-1
01/2021,Com. Var. de Brinquedos e Art. Recreativos,0,1,-1
01/2021,Serv. de Manutenção e Reparação Mecânica de Veíc. Autom.,1,1,0
01/2021,"Com. Var. de Merc. em Geral, com Pred. de Produtos Alim. - Superm.",4,10,-6
01/2021,"Com. Var. de Bicicletas e Triciclos, Peças e Acessórios",1,0,1
01/2021,Com. Var. de Comb. para Veíc. Autom.,1,2,-1
01/2021,Com. Var. de Móveis,0,1,-1
01/2021,Com. Var. de Produtos Alim. em Geral ou Especial. em Produtos Alim. não Especif. Ant.,1,0,1
01/2021,Com. a Var. de Peças e Acessórios Novos para Veíc. Autom.,1,2,-1
01/2021,Com. a Var. de Peças e Acessórios Novos para Veíc. Autom.,0,1,-1
01/2021,Com. a Var. de Peças e Acessórios Novos para Veíc. Autom.,2,0,2
01/2021,Com. Var. de Carnes - Açougues,1,0,1
01/2021,"Com. Atac. de Frutas, Verduras, Raízes, Tubérculos, Hortaliças e Legumes Frescos",18,6,12
01/2021,Com. Var. de Mat. de Const. em Geral,0,2,-2
01/2021,Com. Var. Especial. de Equip. e Suprimentos de Informática,0,1,-1
01/2021,Com. Var. de Comb. para Veíc. Autom.,1,0,1
01/2021,Com. Var. de Carnes - Açougues,0,1,-1
01/2021,Com. Var. Especial. de Equip. de Telefonia e Comunicação,1,0,1
01/2021,Com. Var. de Tintas e Mat. para Pintura,2,0,2
01/2021,Com. Var. de Tintas e Mat. para Pintura,1,0,1
01/2021,Com. Var. de Comb. para Veíc. Autom.,2,0,2
01/2021,"Com. Atac. de Cerveja, Chope e Refrigerante",4,1,3
01/2021,Serv. de Manutenção e Reparação Mecânica de Veíc. Autom.,0,1,-1
01/2021,Com. Var. de Art. de Iluminação,2,0,2
01/2021,"Serv. de Lavagem, Lubrificação e Polimento de Veíc. Autom.",0,1,-1
01/2021,"Representantes Comerciais e Agentes do Com. de Produtos Alim., Bebidas e Fumo",1,3,-2
01/2021,Padaria e Confeitaria com Pred. de Revenda,4,2,2
01/2021,Com. Var. de Carnes - Açougues,0,1,-1
01/2021,Com. Var. de Art. de Papelaria,2,0,2
01/2021,Com. Var. Especial. de Equip. de Telefonia e Comunicação,0,1,-1
01/2021,Com. Var. de Mat. de Const. não Especif. Ant.,0,1,-1
01/2021,Com. Var. de Art. de Colchoaria,0,1,-1
01/2021,"Com. Var. de Merc. em Geral, com Pred. de Produtos Alim. - Minimercados, Mercearias e Armazéns",0,1,-1
01/2021,"Com. Var. de Suvenires, Bijuterias e Artesanatos",0,1,-1
01/2021,Com. Var. de Art. do Vestuário e Acessórios,1,1,0
01/2021,"Com. a Var. de Automóveis, Camionetas e Utilitários Novos",1,0,1
01/2021,Com. Var. de Calçados,0,1,-1
01/2021,Com. Var. de Ferragens e Ferramentas,1,0,1
01/2021,Com. a Var. de Peças e Acessórios Novos para Veíc. Autom.,0,1,-1
01/2021,Com. Var. Especial. de Eletrod. e Equip. de áudio e Vídeo,4,2,2
01/2021,Com. Var. Especial. de Eletrod. e Equip. de áudio e Vídeo,0,1,-1
01/2021,Com. Var. de Outros Produtos não Especif. Ant.,1,0,1
01/2021,Com. Atac. de Produtos Alim. em Geral,1,2,-1
01/2021,Com. a Var. de Peças e Acessórios Novos para Veíc. Autom.,4,2,2
01/2021,Com. Var. de Ferragens e Ferramentas,3,1,2
01/2021,Com. Atac. de Embalagens,0,1,-1
01/2021,Comercio Var. de Art. de Armarinho,1,0,1
01/2021,Com. Var. de Produtos Alim. em Geral ou Especial. em Produtos Alim. não Especif. Ant.,0,1,-1
01/2021,Com. Var. de Produtos Alim. em Geral ou Especial. em Produtos Alim. não Especif. Ant.,0,1,-1
01/2021,Com. Var. de Outros Produtos não Especif. Ant.,0,1,-1
01/2021,Com. Var. de Livros,0,1,-1
01/2021,Com. Var. de Gás LiqüEfeito de Petróleo (Glp),0,1,-1
01/2021,Com. Var. de Comb. para Veíc. Autom.,1,0,1
01/2021,Manutenção e Reparação de Motocicletas e Motonetas,1,0,1
01/2021,Com. a Var. de Peças e Acessórios Novos para Veíc. Autom.,1,1,0
01/2021,Com. Var. de Ferragens e Ferramentas,1,0,1
01/2021,"Com. Var. de Bicicletas e Triciclos, Peças e Acessórios",1,0,1
01/2021,Com. Var. de Art. do Vestuário e Acessórios,0,1,-1
01/2021,Com. Var. de Produtos Alim. em Geral ou Especial. em Produtos Alim. não Especif. Ant.,3,3,0
01/2021,"Com. Atac. de Máquinas e Equip. para Uso Industrial, Partes e Peças",0,1,-1
01/2021,Com. Var. de Produtos Alim. em Geral ou Especial. em Produtos Alim. não Especif. Ant.,0,1,-1
01/2021,"Com. Var. de Suvenires, Bijuterias e Artesanatos",1,0,1
01/2021,"Com. a Var. de Automóveis, Camionetas e Utilitários Novos",4,1,3
01/2021,Com. Var. de Produtos Alim. em Geral ou Especial. em Produtos Alim. não Especif. Ant.,1,7,-6
01/2021,Comercio Var. de Art. de Armarinho,0,1,-1
01/2021,Com. Var. de Mat. Hidráulicos,1,0,1
01/2021,Com. Var. de Plantas e Flores Naturais,0,1,-1
01/2021,Com. Var. de Outros Produtos não Especif. Ant.,1,1,0
01/2021,Com. Atac. de Embalagens,1,4,-3
01/2021,Com. Var. de Art. do Vestuário e Acessórios,1,0,1
01/2021,"Com. a Var. de Automóveis, Camionetas e Utilitários Novos",4,2,2
01/2021,Com. Var. de Outros Produtos não Especif. Ant.,1,0,1
01/2021,Com. Var. de Art. de óptica,1,0,1
01/2021,Com. Var. de Art. de óptica,0,1,-1
01/2021,Com. Var. de Móveis,2,5,-3
01/2021,Com. Var. de Móveis,0,1,-1
01/2021,Com. Var. de Comb. para Veíc. Autom.,3,0,3
01/2021,Com. Var. de Móveis,0,1,-1
01/2021,Com. a Var. de Peças e Acessórios Novos para Veíc. Autom.,0,2,-2
01/2021,"Com. Var. de Cosméticos, Produtos de Perfumaria e de Higiene Pessoal",2,5,-3
01/2021,"Lojas de Variedades, Exceto Lojas de Dep. ou Magazines",1,1,0
01/2021,"Com. Var. de Merc. em Geral, com Pred. de Produtos Alim. - Superm.",3,2,1
01/2021,"Com. a Var. de Automóveis, Camionetas e Utilitários Usados",1,0,1
01/2021,"Com. a Var. de Automóveis, Camionetas e Utilitários Novos",1,1,0
01/2021,Com. Atac. de Embalagens,1,2,-1
01/2021,Com. Var. de Hortifrutigranjeiros,6,16,-10
01/2021,"Com. Atac. de Frutas, Verduras, Raízes, Tubérculos, Hortaliças e Legumes Frescos",1,1,0
01/2021,Com. Var. de Hortifrutigranjeiros,9,26,-17
01/2021,"Com. Atac. de Merc. em Geral, com Pred. de Produtos Alim.",3,3,0
01/2021,"Com. Var. de Suvenires, Bijuterias e Artesanatos",0,2,-2
01/2021,"Com. Var. de Merc. em Geral, com Pred. de Produtos Alim. - Minimercados, Mercearias e Armazéns",1,0,1
01/2021,"Com. Var. de Produtos Farmac., sem Manip. de Fórmulas",0,2,-2
01/2021,"Com. Var. de Merc. em Geral, com Pred. de Produtos Alim. - Minimercados, Mercearias e Armazéns",2,0,2
01/2021,"Com. a Var. de Automóveis, Camionetas e Utilitários Novos",3,5,-2
01/2021,Com. Var. de Produtos Alim. em Geral ou Especial. em Produtos Alim. não Especif. Ant.,0,1,-1
01/2021,Com. Var. de Art. do Vestuário e Acessórios,0,1,-1
01/2021,Com. Var. de Calçados,1,1,0
01/2021,Serv. de Alinhamento e Balanceamento de Veíc. Autom.,2,1,1
01/2021,Com. Var. de Móveis,2,11,-9
01/2021,"Lojas de Variedades, Exceto Lojas de Dep. ou Magazines",0,2,-2
01/2021,Com. Var. de Produtos Alim. em Geral ou Especial. em Produtos Alim. não Especif. Ant.,1,0,1
01/2021,Com. a Var. de Peças e Acessórios Novos para Veíc. Autom.,1,0,1
01/2021,Com. Var. de Mat. Hidráulicos,1,0,1
01/2021,Com. Var. de Art. de Papelaria,1,0,1
01/2021,Com. Var. Especial. de Eletrod. e Equip. de áudio e Vídeo,0,1,-1
01/2021,Com. Var. de Material Elétrico,1,0,1
01/2021,Padaria e Confeitaria com Pred. de Revenda,0,1,-1
01/2021,"Com. Var. de Produtos Farmac., sem Manip. de Fórmulas",1,3,-2
01/2021,Com. Var. de Comb. para Veíc. Autom.,2,4,-2
01/2021,"Com. Var. de Merc. em Geral, com Pred. de Produtos Alim. - Minimercados, Mercearias e Armazéns",0,2,-2
01/2021,Com. Atac. de Produtos Odontológicos,0,1,-1
01/2021,Com. Var. de Produtos Alim. em Geral ou Especial. em Produtos Alim. não Especif. Ant.,1,1,0
01/2021,Com. a Var. de Peças e Acessórios Novos para Veíc. Autom.,1,1,0
01/2021,"Com. Var. de Merc. em Geral, com Pred. de Produtos Alim. - Minimercados, Mercearias e Armazéns",1,1,0
01/2021,Com. Atac. de Alimentos para Animais,1,0,1
01/2021,Com. Var. de Art. do Vestuário e Acessórios,0,230,-230
01/2021,Com. por Atacado de Caminhões Novos e Usados,2,2,0
01/2021,Com. Var. de Outros Produtos não Especif. Ant.,5,9,-4
01/2021,Com. Var. de Art. de Papelaria,2,0,2
01/2021,Com. Var. de Calçados,0,1,-1
01/2021,Com. Var. de Art. do Vestuário e Acessórios,2,1,1
01/2021,Com. Var. de Art. do Vestuário e Acessórios,0,1,-1
01/2021,"Com. Var. de Art. de Tapeçaria, Cortinas e Persianas",1,0,1
01/2021,"Com. Atac. de Frutas, Verduras, Raízes, Tubérculos, Hortaliças e Legumes Frescos",0,1,-1
01/2021,Com. Var. de Madeira e Artefatos,1,0,1
01/2021,"Serv. de Lavagem, Lubrificação e Polimento de Veíc. Autom.",0,1,-1
01/2021,Com. Var. de Produtos Saneantes Domissanitários,1,0,1
01/2021,Com. Var. de Outros Produtos não Especif. Ant.,1,0,1
01/2021,Com. Var. de Móveis,1,1,0
01/2021,"Com. Atac. de Frutas, Verduras, Raízes, Tubérculos, Hortaliças e Legumes Frescos",1,0,1
01/2021,Com. Atac. de Outros Equip. e Art. de Uso Pessoal e Doméstico não Especif. Ant.,0,4,-4
01/2021,"Serv. de Instalação, Manutenção e Reparação de Acessórios para Veíc. Autom.",3,0,3
01/2021,Com. Var. de Mat. de Const. em Geral,0,1,-1
01/2021,Com. Var. de Art. do Vestuário e Acessórios,1,3,-2
01/2021,Serv. de Manutenção e Reparação Mecânica de Veíc. Autom.,0,1,-1
01/2021,Com. Var. de Animais Vivos e de Art. e Alimentos para Animais de Estimação,1,0,1
01/2021,Com. a Var. de Peças e Acessórios Novos para Veíc. Autom.,1,1,0
01/2021,Com. Var. de Art. do Vestuário e Acessórios,0,13,-13
01/2021,Com. Var. de Art. do Vestuário e Acessórios,3,18,-15
01/2021,Com. Var. de Art. do Vestuário e Acessórios,0,7,-7
01/2021,"Com. Var. de Merc. em Geral, com Pred. de Produtos Alim. - Minimercados, Mercearias e Armazéns",1,0,1
01/2021,"Com. Var. de Cosméticos, Produtos de Perfumaria e de Higiene Pessoal",1,1,0
01/2021,"Com. Var. Especial. de Peças e Acessórios para Aparelhos Eletroeletrônicos para Uso Doméstico, Exceto Informática e Comunicação",0,1,-1
01/2021,Com. Var. de Plantas e Flores Naturais,1,1,0
01/2021,Com. Var. de Mat. de Const. não Especif. Ant.,0,1,-1
01/2021,"Com. Var. de Merc. em Geral, com Pred. de Produtos Alim. - Minimercados, Mercearias e Armazéns",1,0,1
01/2021,Com. Var. de Art. do Vestuário e Acessórios,0,1,-1
01/2021,Com. Var. de Mat. de Const. em Geral,1,0,1
01/2021,"Serv. de Lavagem, Lubrificação e Polimento de Veíc. Autom.",0,1,-1
01/2021,Com. Var. de Calçados,0,2,-2
01/2021,"Com. Var. de Produtos Farmac., sem Manip. de Fórmulas",2,0,2
01/2021,"Com. Var. de Cosméticos, Produtos de Perfumaria e de Higiene Pessoal",0,2,-2
01/2021,"Com. Var. de Cosméticos, Produtos de Perfumaria e de Higiene Pessoal",1,1,0
01/2021,"Com. Var. de Cosméticos, Produtos de Perfumaria e de Higiene Pessoal",0,1,-1
01/2021,"Com. Var. de Cosméticos, Produtos de Perfumaria e de Higiene Pessoal",0,1,-1
01/2021,Com. por Atacado de Peças e Acessórios Novos para Veíc. Autom.,1,1,0
01/2021,"Com. Atac. de Merc. em Geral, com Pred. de Produtos Alim.",4,9,-5
01/2021,Com. Atac. Especial. em Outros Produtos Alim. não Especif. Ant.,3,0,3
01/2021,"Com. Atac. de Resíduos e Sucatas Não-Metálicos, Exceto de Papel e Papelão",0,1,-1
01/2021,"Com. Atac. de Máquinas e Equip. para Uso Industrial, Partes e Peças",1,0,1
01/2021,Com. Var. de Brinquedos e Art. Recreativos,1,0,1
01/2021,Representantes Comerciais e Agentes do Com. de Merc. em Geral não Especial.,0,1,-1
01/2021,Com. Var. de Art. de Papelaria,2,0,2
01/2021,Com. Atac. Especial. em Outros Produtos Intermediários não Especif. Ant.,5,2,3
01/2021,"Com. Atac. de Outras Máquinas e Equip. não Especif. Ant., Partes e Peças",4,4,0
01/2021,Com. Var. de Art. do Vestuário e Acessórios,0,2,-2
01/2021,Com. Var. de Carnes - Açougues,0,1,-1
01/2021,Com. Var. de Art. do Vestuário e Acessórios,0,1,-1
01/2021,Com. Atac. de Embalagens,0,1,-1
01/2021,"Com. Var. de Cosméticos, Produtos de Perfumaria e de Higiene Pessoal",0,4,-4
01/2021,Com. Var. de Gás LiqüEfeito de Petróleo (Glp),1,0,1
01/2021,Com. Var. de Comb. para Veíc. Autom.,1,1,0
01/2021,"Com. Var. de Bicicletas e Triciclos, Peças e Acessórios",1,0,1
01/2021,"Com. Var. de Bicicletas e Triciclos, Peças e Acessórios",0,1,-1
01/2021,Com. Atac. de Cosméticos e Produtos de Perfumaria,1,1,0
01/2021,Com. Var. de Outros Produtos não Especif. Ant.,2,2,0
01/2021,Com. Var. de Ferragens e Ferramentas,0,1,-1
01/2021,Com. a Var. de Peças e Acessórios Usados para Veíc. Autom.,5,2,3
01/2021,Com. Var. de Outros Produtos não Especif. Ant.,1,0,1
01/2021,"Com. Var. de Produtos Farmac., sem Manip. de Fórmulas",0,1,-1
01/2021,Com. Var. de Ferragens e Ferramentas,0,2,-2
01/2021,Com. Var. de Móveis,7,35,-28
01/2021,Com. Var. de Mat. de Const. em Geral,1,0,1
01/2021,"Com. a Var. de Automóveis, Camionetas e Utilitários Novos",0,1,-1
01/2021,Com. Var. de Outros Art. de Uso Doméstico não Especif. Ant.,0,5,-5
01/2021,Com. a Var. de Peças e Acessórios Novos para Veíc. Autom.,5,0,5
01/2021,Com. Var. de Livros,2,0,2
01/2021,Com. Var. de Hortifrutigranjeiros,1,1,0
01/2021,Com. Atac. de Alimentos para Animais,2,1,1
01/2021,Com. Var. de Brinquedos e Art. Recreativos,2,0,2
01/2021,"Com. Var. de Cosméticos, Produtos de Perfumaria e de Higiene Pessoal",1,0,1
01/2021,"Com. Var. de Doces, Balas, Bombons e Semelhantes",18,3,15
01/2021,"Com. Atac. de Chocolates, Confeitos, Balas, Bombons e Semelhantes",36,1,35
01/2021,Com. Var. de Móveis,1,1,0
01/2021,Com. Var. de Móveis,1,0,1
01/2021,Com. Var. Especial. de Equip. de Telefonia e Comunicação,1,0,1
01/2021,"Com. Var. Especial. de Peças e Acessórios para Aparelhos Eletroeletrônicos para Uso Doméstico, Exceto Informática e Comunicação",2,0,2
01/2021,Com. Var. de Calçados,1,2,-1
01/2021,Com. Var. de Art. do Vestuário e Acessórios,0,1,-1
01/2021,"Com. Var. de Cosméticos, Produtos de Perfumaria e de Higiene Pessoal",2,0,2
01/2021,Com. Var. de Art. do Vestuário e Acessórios,2,0,2
01/2021,"Com. Var. de Merc. em Geral, com Pred. de Produtos Alim. - Minimercados, Mercearias e Armazéns",1,0,1
01/2021,Com. Var. de Calçados,3,8,-5
01/2021,Com. Var. de Calçados,0,1,-1
01/2021,Comercio Var. de Art. de Armarinho,1,1,0
01/2021,"Com. Var. de Merc. em Geral, com Pred. de Produtos Alim. - Minimercados, Mercearias e Armazéns",1,0,1
01/2021,"Com. Var. de Produtos Farmac., sem Manip. de Fórmulas",0,1,-1
01/2021,Com. Var. Especial. de Equip. e Suprimentos de Informática,3,0,3
01/2021,"Serv. de Lavagem, Lubrificação e Polimento de Veíc. Autom.",13,8,5
01/2021,Com. Var. de Art. do Vestuário e Acessórios,0,1,-1
01/2021,"Com. Var. de Doces, Balas, Bombons e Semelhantes",8,1,7
01/2021,"Com. Atac. de Máquinas e Equip. para Uso Industrial, Partes e Peças",8,4,4
01/2021,Com. por Atacado de Motocicletas e Motonetas,0,1,-1
01/2021,Com. Var. Especial. de Equip. de Telefonia e Comunicação,0,1,-1
01/2021,Com. Var. de Tintas e Mat. para Pintura,1,1,0
01/2021,"Com. Var. de Produtos Farmac., com Manip. de Fórmulas",0,1,-1
01/2021,Com. Var. de Animais Vivos e de Art. e Alimentos para Animais de Estimação,1,0,1
01/2021,Com. Var. Especial. de Equip. de Telefonia e Comunicação,1,0,1
01/2021,Com. Var. de Calçados,0,1,-1
01/2021,Com. Var. de Art. do Vestuário e Acessórios,0,1,-1
01/2021,Com. Atac. de Carnes Bovinas e Suínas e Derivados,0,2,-2
01/2021,Com. Var. de Animais Vivos e de Art. e Alimentos para Animais de Estimação,1,1,0
01/2021,Com. Var. de Art. do Vestuário e Acessórios,1,1,0
01/2021,"Com. Atac. de Resíduos e Sucatas Não-Metálicos, Exceto de Papel e Papelão",0,1,-1
01/2021,Com. Var. de Ferragens e Ferramentas,1,0,1
01/2021,Com. Var. de Lubrificantes,1,2,-1
01/2021,"Lojas de Variedades, Exceto Lojas de Dep. ou Magazines",0,1,-1
01/2021,Com. Var. Especial. de Equip. e Suprimentos de Informática,0,2,-2
01/2021,Com. Var. de Animais Vivos e de Art. e Alimentos para Animais de Estimação,1,1,0
01/2021,Com. Var. de Art. do Vestuário e Acessórios,0,1,-1
01/2021,Com. Var. de Art. de óptica,1,0,1
01/2021,Com. Var. de Art. de Joalheria,1,0,1
01/2021,"Com. Var. Especial. de Peças e Acessórios para Aparelhos Eletroeletrônicos para Uso Doméstico, Exceto Informática e Comunicação",2,0,2
01/2021,Com. Var. de Hortifrutigranjeiros,0,2,-2
01/2021,"Com. Var. de Cosméticos, Produtos de Perfumaria e de Higiene Pessoal",1,0,1
01/2021,"Com. Var. de Cosméticos, Produtos de Perfumaria e de Higiene Pessoal",2,1,1
01/2021,Com. Var. Especial. de Equip. de Telefonia e Comunicação,1,0,1
01/2021,Com. Var. de Móveis,1,0,1
01/2021,Padaria e Confeitaria com Pred. de Revenda,1,0,1
01/2021,Com. a Var. de Peças e Acessórios Novos para Veíc. Autom.,1,0,1
01/2021,Serv. de Manutenção e Reparação Mecânica de Veíc. Autom.,0,3,-3
01/2021,Com. Var. Especial. de Eletrod. e Equip. de áudio e Vídeo,0,3,-3
01/2021,Serv. de Lanternagem ou Funilaria e Pintura de Veíc. Autom.,0,1,-1
01/2021,"Com. Var. de Suvenires, Bijuterias e Artesanatos",0,1,-1
01/2021,Com. Var. de Livros,0,2,-2
01/2021,Serv. de Lanternagem ou Funilaria e Pintura de Veíc. Autom.,1,0,1
01/2021,Com. Atac. de Componentes Eletrônicos e Equip. de Telefonia e Comunicação,2,1,1
01/2021,Com. Var. de Madeira e Artefatos,2,0,2
01/2021,Com. a Var. de Pneumáticos e Câmaras-De-Ar,1,1,0
01/2021,Padaria e Confeitaria com Pred. de Revenda,2,1,1
01/2021,Padaria e Confeitaria com Pred. de Revenda,0,1,-1
01/2021,Padaria e Confeitaria com Pred. de Revenda,0,1,-1
01/2021,Com. Var. de Plantas e Flores Naturais,1,2,-1
01/2021,Com. Var. de Art. do Vestuário e Acessórios,1,2,-1
01/2021,Com. Var. de Mat. de Const. em Geral,1,0,1
01/2021,Comercio Var. de Art. de Armarinho,0,1,-1
01/2021,Padaria e Confeitaria com Pred. de Revenda,1,0,1
01/2021,Com. Var. Especial. de Equip. de Telefonia e Comunicação,0,1,-1
01/2021,Com. Var. de Art. do Vestuário e Acessórios,0,8,-8
01/2021,"Com. Var. de Merc. em Geral, com Pred. de Produtos Alim. - Minimercados, Mercearias e Armazéns",0,1,-1
01/2021,Com. Var. de Art. do Vestuário e Acessórios,1,2,-1
01/2021,Com. Var. de Art. do Vestuário e Acessórios,0,1,-1
01/2021,Com. Var. de Comb. para Veíc. Autom.,6,2,4
01/2021,"Com. Var. de Cosméticos, Produtos de Perfumaria e de Higiene Pessoal",0,1,-1
01/2021,"Com. Atac. de Outras Máquinas e Equip. não Especif. Ant., Partes e Peças",2,3,-1
01/2021,"Com. Var. de Merc. em Geral, com Pred. de Produtos Alim. - Minimercados, Mercearias e Armazéns",0,1,-1
01/2021,Com. Var. de Móveis,0,2,-2
01/2021,"Com. Var. de Merc. em Geral, com Pred. de Produtos Alim. - Minimercados, Mercearias e Armazéns",0,1,-1
01/2021,"Com. Var. de Produtos Farmac., sem Manip. de Fórmulas",1,1,0
01/2021,Padaria e Confeitaria com Pred. de Revenda,1,0,1
01/2021,Com. Var. de Art. do Vestuário e Acessórios,1,0,1
01/2021,Com. a Var. de Peças e Acessórios Novos para Veíc. Autom.,1,1,0
01/2021,Com. Var. Especial. de Equip. de Telefonia e Comunicação,0,1,-1
01/2021,Com. Var. de Plantas e Flores Naturais,0,1,-1
01/2021,Com. Var. de Móveis,0,1,-1
01/2021,"Com. Atac. de Instrumentos e Mat. para Uso Médico, Cirúrgico, Hospitalar e de Laboratórios",0,2,-2
01/2021,Com. Var. de Tintas e Mat. para Pintura,1,0,1
01/2021,Com. Var. de Art. do Vestuário e Acessórios,1,0,1
01/2021,Com. Var. de Comb. para Veíc. Autom.,0,1,-1
01/2021,"Lojas de Dep. ou Magazines, Exceto Lojas Francas (Duty Free)",3,16,-13
01/2021,Serv. de Manutenção e Reparação Mecânica de Veíc. Autom.,2,5,-3
01/2021,Com. Var. de Art. de óptica,0,1,-1
01/2021,Serv. de Manutenção e Reparação Mecânica de Veíc. Autom.,0,1,-1
01/2021,Com. Atac. de Outros Equip. e Art. de Uso Pessoal e Doméstico não Especif. Ant.,0,2,-2
01/2021,"Lojas de Variedades, Exceto Lojas de Dep. ou Magazines",1,0,1
01/2021,Com. Var. de Móveis,0,1,-1
01/2021,Com. Var. de Produtos Alim. em Geral ou Especial. em Produtos Alim. não Especif. Ant.,2,5,-3
01/2021,Serv. de Manutenção e Reparação Mecânica de Veíc. Autom.,1,0,1
01/2021,Com. Var. de Art. do Vestuário e Acessórios,0,1,-1
01/2021,Com. Atac. de Mat. de Const. em Geral,0,1,-1
01/2021,"Com. Atac. de Frutas, Verduras, Raízes, Tubérculos, Hortaliças e Legumes Frescos",1,0,1
01/2021,Com. Atac. de Cosméticos e Produtos de Perfumaria,0,2,-2
01/2021,Com. Var. de Calçados,1,1,0
01/2021,Com. Var. de Art. do Vestuário e Acessórios,0,1,-1
01/2021,Com. Var. de Art. do Vestuário e Acessórios,0,1,-1
01/2021,Com. Var. Especial. de Equip. e Suprimentos de Informática,0,1,-1
01/2021,Com. Var. de Merc. em Lojas de Conveniência,0,2,-2
01/2021,"Com. Atac. de Vidros, Espelhos e Vitrais",1,2,-1
01/2021,Com. a Var. de Peças e Acessórios Novos para Veíc. Autom.,1,3,-2
01/2021,"Com. Var. de Merc. em Geral, com Pred. de Produtos Alim. - Superm.",4,0,4
01/2021,Com. Var. Especial. de Equip. e Suprimentos de Informática,1,0,1
01/2021,Com. Atac. de Produtos Alim. em Geral,8,12,-4
01/2021,"Serv. de Instalação, Manutenção e Reparação de Acessórios para Veíc. Autom.",1,1,0
01/2021,Com. Var. Especial. de Eletrod. e Equip. de áudio e Vídeo,4,8,-4
01/2021,Com. Var. de Outros Art. de Uso Doméstico não Especif. Ant.,4,1,3
01/2021,Com. Var. de Móveis,1,0,1
01/2021,Com. Var. de Art. do Vestuário e Acessórios,1,0,1
01/2021,Com. Var. de Bebidas,0,1,-1
01/2021,"Com. Var. de Merc. em Geral, com Pred. de Produtos Alim. - Minimercados, Mercearias e Armazéns",0,1,-1
01/2021,Com. Var. de Calçados,2,2,0
01/2021,Com. a Var. de Peças e Acessórios Novos para Veíc. Autom.,1,0,1
01/2021,Com. Var. de Bebidas,0,1,-1
01/2021,Com. Var. de Outros Produtos não Especif. Ant.,1,0,1
01/2021,Com. Var. de Carnes - Açougues,1,0,1
01/2021,Com. Var. de Art. do Vestuário e Acessórios,1,4,-3
01/2021,Com. Var. de Hortifrutigranjeiros,1,0,1
01/2021,Com. Var. de Art. do Vestuário e Acessórios,0,1,-1
01/2021,Com. Atac. de Cosméticos e Produtos de Perfumaria,1,1,0
01/2021,Com. Var. de Hortifrutigranjeiros,0,1,-1
01/2021,Com. Var. de Outros Art. de Uso Doméstico não Especif. Ant.,0,1,-1
01/2021,Com. a Var. de Peças e Acessórios para Motocicletas e Motonetas (Desativado),1,0,1
01/2021,Com. Var. de Outros Produtos não Especif. Ant.,0,1,-1
01/2021,Com. Var. de Art. de óptica,0,1,-1
01/2021,Com. Var. de Livros,5,0,5
01/2021,Com. Var. de Produtos Alim. em Geral ou Especial. em Produtos Alim. não Especif. Ant.,0,1,-1
01/2021,Com. Var. de Art. de óptica,1,0,1
01/2021,Com. Var. de Art. de óptica,3,2,1
01/2021,Padaria e Confeitaria com Pred. de Revenda,0,1,-1
01/2021,Com. Var. de Outros Art. de Uso Doméstico não Especif. Ant.,0,1,-1
01/2021,Com. Var. de Hortifrutigranjeiros,1,1,0
01/2021,Com. Var. de Merc. em Lojas de Conveniência,5,0,5
01/2021,"Com. Var. de Merc. em Geral, com Pred. de Produtos Alim. - Minimercados, Mercearias e Armazéns",2,0,2
01/2021,Com. Var. de Produtos Alim. em Geral ou Especial. em Produtos Alim. não Especif. Ant.,0,1,-1
01/2021,"Lojas de Variedades, Exceto Lojas de Dep. ou Magazines",1,1,0
01/2021,Com. Var. de Art. do Vestuário e Acessórios,1,1,0
01/2021,Serv. de Borracharia para Veíc. Autom.,3,0,3
01/2021,Padaria e Confeitaria com Pred. de Revenda,1,2,-1
01/2021,Com. Atac. de Embalagens,5,0,5
01/2021,"Com. Var. de Produtos Farmac., sem Manip. de Fórmulas",3,1,2
01/2021,"Com. Var. de Produtos Farmac., sem Manip. de Fórmulas",0,1,-1
01/2021,Com. Var. de Art. do Vestuário e Acessórios,0,1,-1
01/2021,Com. Var. de Produtos Alim. em Geral ou Especial. em Produtos Alim. não Especif. Ant.,0,1,-1
01/2021,Com. Var. de Animais Vivos e de Art. e Alimentos para Animais de Estimação,1,0,1
01/2021,Com. Var. de Calçados,0,1,-1
01/2021,Com. Var. de Calçados,0,1,-1
01/2021,Com. Var. de Outros Produtos não Especif. Ant.,1,0,1
01/2021,Com. Var. de Carnes - Açougues,1,0,1
01/2021,"Com. Atac. de Resíduos e Sucatas Não-Metálicos, Exceto de Papel e Papelão",5,5,0
01/2021,"Com. Var. de Cosméticos, Produtos de Perfumaria e de Higiene Pessoal",2,0,2
01/2021,"Lojas de Dep. ou Magazines, Exceto Lojas Francas (Duty Free)",0,6,-6
01/2021,"Com. Atac. de Merc. em Geral, sem Pred. de Alimentos ou de Insumos Agropecuários",1,1,0
01/2021,Serv. de Manutenção e Reparação Elétrica de Veíc. Autom.,0,1,-1
01/2021,"Com. Var. de Merc. em Geral, com Pred. de Produtos Alim. - Superm.",0,1,-1
01/2021,Com. Var. de Medicamentos Veterinários,1,0,1
01/2021,Com. Var. de Art. do Vestuário e Acessórios,1,1,0
01/2021,"Com. Atac. de Frutas, Verduras, Raízes, Tubérculos, Hortaliças e Legumes Frescos",2,1,1
01/2021,Com. Var. de Produtos Alim. em Geral ou Especial. em Produtos Alim. não Especif. Ant.,2,0,2
01/2021,Com. Var. de Outros Produtos não Especif. Ant.,2,2,0
01/2021,Com. Var. de Merc. em Lojas de Conveniência,0,2,-2
01/2021,"Com. Var. de Cosméticos, Produtos de Perfumaria e de Higiene Pessoal",0,1,-1
01/2021,Serv. de Lanternagem ou Funilaria e Pintura de Veíc. Autom.,0,1,-1
01/2021,Com. Var. Especial. de Equip. de Telefonia e Comunicação,1,2,-1
01/2021,Com. a Var. de Pneumáticos e Câmaras-De-Ar,0,2,-2
01/2021,Com. a Var. de Pneumáticos e Câmaras-De-Ar,0,1,-1
01/2021,Com. Var. de Madeira e Artefatos,0,1,-1
01/2021,Com. Var. de Calçados,0,1,-1
01/2021,"Com. Var. de Cosméticos, Produtos de Perfumaria e de Higiene Pessoal",6,2,4
01/2021,Com. Var. de Outros Produtos não Especif. Ant.,5,3,2
01/2021,Com. Var. de Animais Vivos e de Art. e Alimentos para Animais de Estimação,0,1,-1
01/2021,Com. Var. de Produtos Alim. em Geral ou Especial. em Produtos Alim. não Especif. Ant.,1,0,1
01/2021,"Com. Atac. de Instrumentos e Mat. para Uso Médico, Cirúrgico, Hospitalar e de Laboratórios",1,0,1
01/2021,Com. Var. de Brinquedos e Art. Recreativos,0,1,-1
01/2021,Com. Var. de Mat. de Const. em Geral,2,0,2
01/2021,"Com. a Var. de Automóveis, Camionetas e Utilitários Novos",1,1,0
01/2021,"Com. Var. de Doces, Balas, Bombons e Semelhantes",0,1,-1
01/2021,Com. Var. de Art. do Vestuário e Acessórios,0,4,-4
01/2021,Com. Var. de Art. do Vestuário e Acessórios,3,0,3
01/2021,"Com. Var. de Produtos Farmac., sem Manip. de Fórmulas",1,0,1
01/2021,Com. Atac. de Alimentos para Animais,1,0,1
01/2021,Com. Var. de Art. do Vestuário e Acessórios,1,0,1
01/2021,Com. Var. de Art. do Vestuário e Acessórios,0,1,-1
01/2021,"Com. Var. de Merc. em Geral, com Pred. de Produtos Alim. - Hipermercados",0,7,-7
01/2021,Com. Var. de Art. do Vestuário e Acessórios,0,1,-1
01/2021,Com. Var. de Art. do Vestuário e Acessórios,0,1,-1
01/2021,Com. Var. de Móveis,0,1,-1
01/2021,Com. Var. de Outros Produtos não Especif. Ant.,2,0,2
01/2021,"Serv. de Lavagem, Lubrificação e Polimento de Veíc. Autom.",0,2,-2
01/2021,Com. Var. de Art. do Vestuário e Acessórios,0,1,-1
01/2021,Com. Var. de Art. do Vestuário e Acessórios,2,1,1
01/2021,Com. Var. de Art. do Vestuário e Acessórios,1,0,1
01/2021,Com. a Var. de Peças e Acessórios Novos para Veíc. Autom.,1,0,1
01/2021,Com. Var. de Calçados,0,3,-3
01/2021,Com. por Atacado de Peças e Acessórios Novos para Veíc. Autom.,2,2,0
01/2021,Com. Var. de Produtos Alim. em Geral ou Especial. em Produtos Alim. não Especif. Ant.,1,1,0
01/2021,Com. Var. de Art. de óptica,1,1,0
01/2021,Com. Atac. de Produtos Alim. em Geral,20,20,0
01/2021,Serv. de Manutenção e Reparação Mecânica de Veíc. Autom.,0,1,-1
01/2021,Com. Var. Especial. de Equip. de Telefonia e Comunicação,1,0,1
01/2021,Com. Atac. Especial. em Outros Produtos Alim. não Especif. Ant.,8,0,8
01/2021,Com. Var. de Art. de Papelaria,1,0,1
01/2021,Com. Var. de Mat. de Const. não Especif. Ant.,0,1,-1
01/2021,"Lojas de Variedades, Exceto Lojas de Dep. ou Magazines",0,1,-1
01/2021,Com. Var. de Plantas e Flores Naturais,6,2,4
01/2021,Com. Var. de Art. do Vestuário e Acessórios,0,1,-1
01/2021,Com. Var. de Material Elétrico,2,0,2
01/2021,Com. Var. de Art. do Vestuário e Acessórios,14,0,14
01/2021,"Com. Var. de Merc. em Geral, com Pred. de Produtos Alim. - Minimercados, Mercearias e Armazéns",0,2,-2
01/2021,Com. Var. de Calçados,0,1,-1
01/2021,"Com. Var. Especial. de Peças e Acessórios para Aparelhos Eletroeletrônicos para Uso Doméstico, Exceto Informática e Comunicação",2,0,2
01/2021,Com. Var. de Art. Médicos e Ortopédicos,1,2,-1
01/2021,Com. Var. de Art. de óptica,0,1,-1
01/2021,Serv. de Borracharia para Veíc. Autom.,3,1,2
01/2021,"Com. Var. de Merc. em Geral, com Pred. de Produtos Alim. - Superm.",1,0,1
01/2021,"Com. Var. de Merc. em Geral, com Pred. de Produtos Alim. - Superm.",1,0,1
01/2021,Com. Var. Especial. de Equip. de Telefonia e Comunicação,0,1,-1
01/2021,Com. Var. Especial. de Eletrod. e Equip. de áudio e Vídeo,0,2,-2
01/2021,Com. Var. Especial. de Eletrod. e Equip. de áudio e Vídeo,17,20,-3
01/2021,Com. Var. Especial. de Eletrod. e Equip. de áudio e Vídeo,2,2,0
01/2021,Com. Var. Especial. de Eletrod. e Equip. de áudio e Vídeo,0,3,-3
01/2021,Com. Var. Especial. de Eletrod. e Equip. de áudio e Vídeo,1,3,-2
01/2021,Com. Var. Especial. de Eletrod. e Equip. de áudio e Vídeo,16,7,9
01/2021,Com. Var. Especial. de Eletrod. e Equip. de áudio e Vídeo,0,2,-2
01/2021,Com. Var. Especial. de Equip. de Telefonia e Comunicação,0,1,-1
01/2021,"Com. Var. de Merc. em Geral, com Pred. de Produtos Alim. - Minimercados, Mercearias e Armazéns",1,1,0
01/2021,"Com. Var. de Merc. em Geral, com Pred. de Produtos Alim. - Minimercados, Mercearias e Armazéns",7,2,5
01/2021,Com. Var. de Mat. de Const. em Geral,2,0,2
01/2021,Com. Var. de Art. do Vestuário e Acessórios,4,5,-1
01/2021,Com. Var. de Art. do Vestuário e Acessórios,2,8,-6
01/2021,Com. Var. Especial. de Equip. de Telefonia e Comunicação,3,0,3
01/2021,Com. Var. de Art. do Vestuário e Acessórios,1,1,0
01/2021,Com. Var. de Material Elétrico,2,0,2
01/2021,Com. Atac. de Outros Produtos Químicos e Petroquímicos não Especif. Ant.,0,1,-1
01/2021,Com. Var. de Art. do Vestuário e Acessórios,1,0,1
01/2021,Com. Atac. Especial. em Outros Produtos Alim. não Especif. Ant.,1,0,1
01/2021,Com. Var. de Hortifrutigranjeiros,2,0,2
01/2021,Com. Var. Especial. de Equip. de Telefonia e Comunicação,0,1,-1
01/2021,Serv. de Manutenção e Reparação Mecânica de Veíc. Autom.,1,0,1
01/2021,Com. Var. de Calçados,0,1,-1
01/2021,Com. Var. de Art. Esportivos,2,1,1
01/2021,Com. Var. de Art. de Colchoaria,0,1,-1
01/2021,Com. Var. de Art. do Vestuário e Acessórios,2,0,2
01/2021,Com. Var. de Equip. para Escritório,1,0,1
01/2021,"Com. Var. de Produtos Farmac., sem Manip. de Fórmulas",0,1,-1
01/2021,"Com. Atac. de Outras Máquinas e Equip. não Especif. Ant., Partes e Peças",7,3,4
01/2021,"Com. Atac. de Outras Máquinas e Equip. não Especif. Ant., Partes e Peças",0,2,-2
01/2021,Representantes Comerciais e Agentes do Com. de Merc. em Geral não Especial.,1,0,1
01/2021,"Com. Var. de Produtos Farmac., sem Manip. de Fórmulas",0,1,-1
01/2021,Com. Var. de Art. de óptica,0,1,-1
01/2021,"Com. Var. de Produtos Farmac., sem Manip. de Fórmulas",0,1,-1
01/2021,Com. a Var. de Peças e Acessórios Novos para Veíc. Autom.,0,1,-1
01/2021,Com. Var. de Art. de óptica,1,0,1
01/2021,"Lojas de Variedades, Exceto Lojas de Dep. ou Magazines",1,0,1
01/2021,Com. Var. de Art. do Vestuário e Acessórios,1,3,-2
01/2021,Com. Var. de Art. do Vestuário e Acessórios,2,1,1
01/2021,Com. Var. de Comb. para Veíc. Autom.,1,0,1
01/2021,Com. Var. de Art. do Vestuário e Acessórios,3,0,3
01/2021,Com. Var. de Art. do Vestuário e Acessórios,3,1,2
01/2021,Com. Var. de Art. do Vestuário e Acessórios,5,0,5
01/2021,Com. por Atacado de Peças e Acessórios Novos para Veíc. Autom.,1,0,1
01/2021,Com. Var. de Mat. de Const. em Geral,0,1,-1
01/2021,Com. Var. de Móveis,1,0,1
01/2021,"Com. Atac. de Frutas, Verduras, Raízes, Tubérculos, Hortaliças e Legumes Frescos",1,1,0
01/2021,Com. Var. de Art. do Vestuário e Acessórios,1,0,1
01/2021,"Lojas de Variedades, Exceto Lojas de Dep. ou Magazines",0,3,-3
01/2021,Com. Var. de Bebidas,1,0,1
01/2021,Com. Var. de Art. de Papelaria,1,1,0
01/2021,Com. Var. de Art. do Vestuário e Acessórios,0,3,-3
01/2021,Serv. de Manutenção e Reparação Mecânica de Veíc. Autom.,1,0,1
01/2021,"Com. Var. de Produtos Farmac., sem Manip. de Fórmulas",1,1,0
01/2021,Com. a Var. de Peças e Acessórios Novos para Veíc. Autom.,5,0,5
01/2021,Com. Var. de Outros Produtos não Especif. Ant.,1,0,1
01/2021,Com. Var. de Art. do Vestuário e Acessórios,0,3,-3
01/2021,Com. Var. de Outros Produtos não Especif. Ant.,2,0,2
01/2021,Com. Var. de Ferragens e Ferramentas,2,1,1
01/2021,Com. Var. de Gás LiqüEfeito de Petróleo (Glp),1,0,1
01/2021,Com. Var. de Outros Produtos não Especif. Ant.,0,1,-1
01/2021,Com. Var. de Art. do Vestuário e Acessórios,2,0,2
01/2021,Com. Var. de Art. Médicos e Ortopédicos,1,0,1
01/2021,Com. Var. de Mat. de Const. não Especif. Ant.,0,2,-2
01/2021,Com. Var. de Art. do Vestuário e Acessórios,1,1,0
01/2021,Com. Var. de Art. de óptica,0,1,-1
01/2021,Com. Var. de Produtos Alim. em Geral ou Especial. em Produtos Alim. não Especif. Ant.,1,2,-1
01/2021,Com. Atac. de Embalagens,3,4,-1
01/2021,"Com. Var. de Suvenires, Bijuterias e Artesanatos",0,1,-1
01/2021,Com. Var. de Calçados,0,1,-1
01/2021,Com. Var. de Art. do Vestuário e Acessórios,0,1,-1
01/2021,Com. a Var. de Peças e Acessórios Novos para Veíc. Autom.,0,2,-2
01/2021,Lojas de Dep. ou Magazines (Desativado),0,1,-1
01/2021,Com. Var. de Outros Art. de Uso Doméstico não Especif. Ant.,2,0,2
01/2021,Com. Var. de Produtos Alim. em Geral ou Especial. em Produtos Alim. não Especif. Ant.,1,0,1
01/2021,Com. Var. de Mat. de Const. não Especif. Ant.,3,0,3
01/2021,Com. Var. de Tintas e Mat. para Pintura,2,0,2
01/2021,Com. Var. de Tecidos,0,1,-1
01/2021,Com. Var. de Art. Médicos e Ortopédicos,1,0,1
01/2021,"Com. Var. de Cosméticos, Produtos de Perfumaria e de Higiene Pessoal",3,0,3
01/2021,Com. Atac. de Bebidas não Especificadas Ant.,3,1,2
01/2021,"Serv. de Lavagem, Lubrificação e Polimento de Veíc. Autom.",0,1,-1
01/2021,"Com. Atac. de Frutas, Verduras, Raízes, Tubérculos, Hortaliças e Legumes Frescos",1,0,1
01/2021,Com. Var. de Art. de Joalheria,1,0,1
01/2021,Com. Var. de Produtos Alim. em Geral ou Especial. em Produtos Alim. não Especif. Ant.,2,0,2
01/2021,"Serv. de Lavagem, Lubrificação e Polimento de Veíc. Autom.",1,0,1
01/2021,Com. Atac. de Art. de Escritório e de Papelaria,1,0,1
01/2021,Com. Var. de Art. de óptica,1,2,-1
01/2021,Com. Var. Especial. de Eletrod. e Equip. de áudio e Vídeo,0,1,-1
01/2021,Com. Var. de Outros Produtos não Especif. Ant.,2,0,2
01/2021,Com. a Var. de Peças e Acessórios Novos para Veíc. Autom.,0,1,-1
01/2021,Com. Var. de Outros Produtos não Especif. Ant.,1,0,1
01/2021,Com. Var. de Art. do Vestuário e Acessórios,0,1,-1
01/2021,Com. Var. de Art. do Vestuário e Acessórios,8,10,-2
01/2021,Com. Var. de Art. do Vestuário e Acessórios,5,2,3
01/2021,Com. Var. de Calçados,0,1,-1
01/2021,Com. Var. de Calçados,2,0,2
01/2021,Com. Var. de Calçados,4,9,-5
01/2021,Com. Var. de Calçados,1,0,1
01/2021,"Com. Var. de Merc. em Geral, com Pred. de Produtos Alim. - Hipermercados",1,6,-5
01/2021,Com. Var. de Comb. para Veíc. Autom.,0,1,-1
01/2021,Com. Atac. de Ferragens e Ferramentas,1,0,1
01/2021,Com. a Var. de Pneumáticos e Câmaras-De-Ar,1,0,1
01/2021,Com. Var. de Art. do Vestuário e Acessórios,1,51,-50
01/2021,Com. Var. de Madeira e Artefatos,5,2,3
01/2021,Com. Atac. de Produtos Alim. em Geral,0,4,-4
01/2021,Com. Var. de Móveis,1,0,1
01/2021,"Com. Atac. de Máquinas e Equip. para Uso Industrial, Partes e Peças",1,0,1
01/2021,"Com. Var. de Merc. em Geral, com Pred. de Produtos Alim. - Superm.",3,5,-2
01/2021,"Com. Var. de Merc. em Geral, com Pred. de Produtos Alim. - Superm.",0,2,-2
01/2021,"Com. Atac. de Chocolates, Confeitos, Balas, Bombons e Semelhantes",0,1,-1
01/2021,"Lojas de Dep. ou Magazines, Exceto Lojas Francas (Duty Free)",0,2,-2
01/2021,Com. Var. de Comb. para Veíc. Autom.,1,0,1
01/2021,"Com. Var. de Merc. em Geral, com Pred. de Produtos Alim. - Superm.",0,1,-1
01/2021,Com. Var. de Art. de Joalheria,1,0,1
01/2021,Com. Var. de Gás LiqüEfeito de Petróleo (Glp),1,0,1
01/2021,Com. Var. de Comb. para Veíc. Autom.,0,1,-1
01/2021,Com. Var. de Art. do Vestuário e Acessórios,0,1,-1
01/2021,"Com. Var. de Cosméticos, Produtos de Perfumaria e de Higiene Pessoal",1,3,-2
01/2021,"Com. a Var. de Automóveis, Camionetas e Utilitários Usados",1,0,1
01/2021,Com. Var. de Mat. de Const. não Especif. Ant.,0,1,-1
01/2021,Com. Var. de Comb. para Veíc. Autom.,1,0,1
01/2021,"Com. Var. de Merc. em Geral, com Pred. de Produtos Alim. - Superm.",1,0,1
01/2021,Com. Var. de Comb. para Veíc. Autom.,1,1,0
01/2021,Com. Var. de Mat. de Const. em Geral,1,1,0
01/2021,Com. a Var. de Peças e Acessórios Novos para Veíc. Autom.,4,2,2
01/2021,Com. Var. de Comb. para Veíc. Autom.,0,1,-1
01/2021,"Com. a Var. de Automóveis, Camionetas e Utilitários Novos",2,1,1
01/2021,Padaria e Confeitaria com Pred. de Revenda,0,1,-1
01/2021,Com. Atac. Especial. em Outros Produtos Intermediários não Especif. Ant.,2,1,1
01/2021,Com. Var. de Produtos Alim. em Geral ou Especial. em Produtos Alim. não Especif. Ant.,0,1,-1
01/2021,Com. por Atacado de Caminhões Novos e Usados,3,2,1
01/2021,Com. a Var. de Peças e Acessórios Novos para Veíc. Autom.,0,1,-1
01/2021,Com. a Var. de Motocicletas e Motonetas Novas,0,1,-1
01/2021,Com. Var. de Comb. para Veíc. Autom.,1,2,-1
01/2021,"Com. Var. de Merc. em Geral, com Pred. de Produtos Alim. - Superm.",0,1,-1
01/2021,"Com. Var. de Merc. em Geral, com Pred. de Produtos Alim. - Superm.",1,9,-8
01/2021,"Com. Var. de Merc. em Geral, com Pred. de Produtos Alim. - Superm.",2,0,2
01/2021,"Com. Var. de Merc. em Geral, com Pred. de Produtos Alim. - Superm.",8,7,1
01/2021,"Com. Var. de Merc. em Geral, com Pred. de Produtos Alim. - Superm.",1,6,-5
01/2021,"Com. Var. de Merc. em Geral, com Pred. de Produtos Alim. - Superm.",1,3,-2
01/2021,"Com. Var. de Merc. em Geral, com Pred. de Produtos Alim. - Superm.",4,13,-9
01/2021,"Com. Var. de Merc. em Geral, com Pred. de Produtos Alim. - Superm.",4,4,0
01/2021,"Com. Var. de Merc. em Geral, com Pred. de Produtos Alim. - Superm.",2,6,-4
01/2021,"Com. Var. de Merc. em Geral, com Pred. de Produtos Alim. - Superm.",3,8,-5
01/2021,"Com. Var. de Merc. em Geral, com Pred. de Produtos Alim. - Superm.",0,1,-1
01/2021,"Com. Var. de Merc. em Geral, com Pred. de Produtos Alim. - Superm.",1,7,-6
01/2021,"Com. Var. de Merc. em Geral, com Pred. de Produtos Alim. - Superm.",1,6,-5
01/2021,"Com. Var. de Merc. em Geral, com Pred. de Produtos Alim. - Superm.",1,13,-12
01/2021,Padaria e Confeitaria com Pred. de Revenda,1,0,1
01/2021,"Com. a Var. de Automóveis, Camionetas e Utilitários Novos",0,1,-1
01/2021,Padaria e Confeitaria com Pred. de Revenda,0,1,-1
01/2021,"Com. Var. de Produtos Farmac., sem Manip. de Fórmulas",1,1,0
01/2021,Com. a Var. de Peças e Acessórios Novos para Veíc. Autom.,0,1,-1
01/2021,Com. Var. de Mat. de Const. em Geral,0,1,-1
01/2021,Com. Var. de Comb. para Veíc. Autom.,0,1,-1
01/2021,"Com. Var. de Merc. em Geral, com Pred. de Produtos Alim. - Superm.",2,5,-3
01/2021,"Com. Var. de Merc. em Geral, com Pred. de Produtos Alim. - Superm.",0,6,-6
01/2021,"Com. Var. de Merc. em Geral, com Pred. de Produtos Alim. - Superm.",1,4,-3
01/2021,"Com. Var. de Merc. em Geral, com Pred. de Produtos Alim. - Superm.",2,7,-5
01/2021,"Com. Var. de Merc. em Geral, com Pred. de Produtos Alim. - Superm.",0,7,-7
01/2021,"Com. Atac. de Frutas, Verduras, Raízes, Tubérculos, Hortaliças e Legumes Frescos",2,7,-5
01/2021,Com. Var. de Mat. de Const. em Geral,0,1,-1
01/2021,Com. Atac. de Art. de Escritório e de Papelaria,1,1,0
01/2021,"Com. Atac. de Máquinas, Aparelhos e Equip. para Uso Agropecuário, Partes e Peças",5,4,1
01/2021,Com. Atac. de Produtos Alim. em Geral,3,2,1
01/2021,Com. Var. de Mat. de Const. em Geral,2,1,1
01/2021,Com. Var. de Calçados,1,6,-5
01/2021,Com. Var. de Calçados,2,12,-10
01/2021,"Com. Var. de Produtos Farmac., com Manip. de Fórmulas",3,6,-3
01/2021,Com. a Var. de Peças e Acessórios Novos para Veíc. Autom.,0,1,-1
01/2021,Com. por Atacado de Peças e Acessórios Novos para Veíc. Autom.,1,0,1
01/2021,Padaria e Confeitaria com Pred. de Revenda,3,1,2
01/2021,Com. Var. de Animais Vivos e de Art. e Alimentos para Animais de Estimação,1,1,0
01/2021,"Com. Atac. de Outras Máquinas e Equip. não Especif. Ant., Partes e Peças",3,3,0
01/2021,Com. Var. de Animais Vivos e de Art. e Alimentos para Animais de Estimação,1,0,1
01/2021,Com. Var. de Carnes - Açougues,1,0,1
01/2021,Com. Var. de Comb. para Veíc. Autom.,0,1,-1
01/2021,"Com. Var. de Merc. em Geral, com Pred. de Produtos Alim. - Minimercados, Mercearias e Armazéns",1,1,0
01/2021,Com. a Var. de Pneumáticos e Câmaras-De-Ar,0,2,-2
01/2021,"Com. Var. de Merc. em Geral, com Pred. de Produtos Alim. - Minimercados, Mercearias e Armazéns",1,0,1
01/2021,Serv. de Manutenção e Reparação Mecânica de Veíc. Autom.,1,0,1
01/2021,"Com. Var. de Merc. em Geral, com Pred. de Produtos Alim. - Minimercados, Mercearias e Armazéns",0,1,-1
01/2021,"Com. Var. de Merc. em Geral, com Pred. de Produtos Alim. - Minimercados, Mercearias e Armazéns",4,0,4
01/2021,"Com. a Var. de Automóveis, Camionetas e Utilitários Novos",1,0,1
01/2021,"Com. Atac. de Resíduos e Sucatas Não-Metálicos, Exceto de Papel e Papelão",1,0,1
01/2021,Serv. de Manutenção e Reparação Mecânica de Veíc. Autom.,0,1,-1
01/2021,Com. Atac. de Outros Equip. e Art. de Uso Pessoal e Doméstico não Especif. Ant.,5,0,5
01/2021,"Com. Atac. de Máquinas, Aparelhos e Equip. para Uso Agropecuário, Partes e Peças",2,1,1
01/2021,"Com. Atac. de Bicicletas, Triciclos e Outros Veíc. Recreativos",1,0,1
01/2021,Com. Var. de Art. do Vestuário e Acessórios,0,1,-1
01/2021,Com. Var. de Art. do Vestuário e Acessórios,0,1,-1
01/2021,Com. Var. Especial. de Eletrod. e Equip. de áudio e Vídeo,2,1,1
01/2021,"Com. a Var. de Automóveis, Camionetas e Utilitários Usados",1,0,1
01/2021,Com. Var. de Comb. para Veíc. Autom.,1,0,1
01/2021,Com. Var. de Art. Esportivos,2,2,0
01/2021,Com. Var. de Laticínios e Frios,0,1,-1
01/2021,Com. Var. de Outros Produtos não Especif. Ant.,1,0,1
01/2021,Com. Var. de Brinquedos e Art. Recreativos,0,1,-1
01/2021,"Com. Atac. de Cerveja, Chope e Refrigerante",8,8,0
01/2021,Com. Atac. Especial. em Outros Produtos Intermediários não Especif. Ant.,1,0,1
01/2021,Com. Var. Especial. de Equip. e Suprimentos de Informática,0,1,-1
01/2021,Comercio Var. de Art. de Armarinho,2,0,2
01/2021,Com. Atac. de Aves Vivas e Ovos,1,0,1
01/2021,Com. Var. de Comb. para Veíc. Autom.,0,1,-1
01/2021,"Com. Atac. de Frutas, Verduras, Raízes, Tubérculos, Hortaliças e Legumes Frescos",0,1,-1
01/2021,Com. por Atacado de Peças e Acessórios Novos para Veíc. Autom.,0,1,-1
01/2021,Com. Var. de Outros Produtos não Especif. Ant.,0,1,-1
01/2021,Com. a Var. de Peças e Acessórios Novos para Veíc. Autom.,1,2,-1
01/2021,Com. Var. de Mat. de Const. não Especif. Ant.,0,1,-1
01/2021,Com. por Atacado de Caminhões Novos e Usados,1,0,1
01/2021,"Lojas de Dep. ou Magazines, Exceto Lojas Francas (Duty Free)",3,4,-1
01/2021,"Lojas de Dep. ou Magazines, Exceto Lojas Francas (Duty Free)",5,2,3
01/2021,"Com. Atac. de Cerveja, Chope e Refrigerante",2,4,-2
01/2021,"Com. Var. de Merc. em Geral, com Pred. de Produtos Alim. - Superm.",0,5,-5
01/2021,"Com. Var. de Produtos Farmac., sem Manip. de Fórmulas",0,1,-1
01/2021,"Com. Var. de Produtos Farmac., sem Manip. de Fórmulas",1,1,0
01/2021,"Com. Var. de Produtos Farmac., sem Manip. de Fórmulas",1,0,1
01/2021,"Com. Var. de Produtos Farmac., sem Manip. de Fórmulas",1,1,0
01/2021,"Com. Var. de Produtos Farmac., sem Manip. de Fórmulas",0,1,-1
01/2021,"Com. Var. de Produtos Farmac., sem Manip. de Fórmulas",1,0,1
01/2021,"Com. Var. de Produtos Farmac., sem Manip. de Fórmulas",0,2,-2
01/2021,"Com. Var. de Produtos Farmac., sem Manip. de Fórmulas",1,0,1
01/2021,"Com. Var. de Produtos Farmac., sem Manip. de Fórmulas",0,1,-1
01/2021,"Com. Var. de Produtos Farmac., sem Manip. de Fórmulas",0,2,-2
01/2021,"Com. Var. de Produtos Farmac., sem Manip. de Fórmulas",0,2,-2
01/2021,"Com. Var. de Produtos Farmac., sem Manip. de Fórmulas",1,0,1
01/2021,"Com. Var. de Produtos Farmac., sem Manip. de Fórmulas",0,1,-1
01/2021,Com. Var. de Art. de Viagem,1,1,0
01/2021,Com. Var. de Material Elétrico,1,0,1
01/2021,"Com. Atac. de Chocolates, Confeitos, Balas, Bombons e Semelhantes",3,1,2
01/2021,Com. Var. de Outros Produtos não Especif. Ant.,3,0,3
01/2021,Com. Var. de Plantas e Flores Naturais,8,2,6
01/2021,"Com. Var. de Produtos Farmac., sem Manip. de Fórmulas",0,1,-1
01/2021,Com. Var. de Comb. para Veíc. Autom.,1,0,1
01/2021,Com. a Var. de Peças e Acessórios Novos para Veíc. Autom.,1,0,1
01/2021,Com. Var. de Outros Produtos não Especif. Ant.,0,1,-1
01/2021,Com. Var. de Art. do Vestuário e Acessórios,0,1,-1
01/2021,"Com. Var. de Merc. em Geral, com Pred. de Produtos Alim. - Superm.",11,35,-24
01/2021,Com. Var. de Art. de Joalheria,0,1,-1
01/2021,"Com. Var. de Produtos Farmac., com Manip. de Fórmulas",1,1,0
01/2021,Com. Atac. de Resinas e Elastômeros,2,0,2
01/2021,Com. Var. de Outros Produtos não Especif. Ant.,0,1,-1
01/2021,"Com. Var. de Produtos Farmac., sem Manip. de Fórmulas",3,3,0
01/2021,"Com. Var. de Produtos Farmac., sem Manip. de Fórmulas",0,1,-1
01/2021,"Com. Var. de Produtos Farmac., sem Manip. de Fórmulas",1,0,1
01/2021,Com. a Var. de Peças e Acessórios Novos para Veíc. Autom.,1,0,1
01/2021,"Com. Var. de Merc. em Geral, com Pred. de Produtos Alim. - Superm.",0,2,-2
01/2021,Com. Var. de Produtos Alim. em Geral ou Especial. em Produtos Alim. não Especif. Ant.,0,6,-6
01/2021,Serv. de Manutenção e Reparação Mecânica de Veíc. Autom.,0,1,-1
01/2021,Com. Atac. Especial. em Outros Produtos Alim. não Especif. Ant.,2,0,2
01/2021,Com. Var. de Tintas e Mat. para Pintura,0,1,-1
01/2021,Com. Var. de Mat. de Const. não Especif. Ant.,0,1,-1
01/2021,Com. Atac. de Matérias-Primas Agrícolas não Especificadas Ant.,2,0,2
01/2021,Padaria e Confeitaria com Pred. de Revenda,1,1,0
01/2021,Com. Var. de Brinquedos e Art. Recreativos,0,1,-1
01/2021,Com. Var. de Art. de Joalheria,0,1,-1
01/2021,"Com. Var. de Merc. em Geral, com Pred. de Produtos Alim. - Minimercados, Mercearias e Armazéns",0,1,-1
01/2021,Com. Atac. Especial. em Outros Produtos Alim. não Especif. Ant.,1,2,-1
01/2021,"Com. Var. de Produtos Farmac., com Manip. de Fórmulas",1,6,-5
01/2021,Com. Atac. de Mat. de Const. em Geral,1,1,0
01/2021,Com. Var. de Mat. de Const. não Especif. Ant.,0,1,-1
01/2021,Com. Var. de Tintas e Mat. para Pintura,1,0,1
01/2021,Com. Var. de Tintas e Mat. para Pintura,1,0,1
01/2021,Com. Var. de Tintas e Mat. para Pintura,0,1,-1
01/2021,Com. Var. de Tintas e Mat. para Pintura,1,0,1
01/2021,Com. Var. de Tintas e Mat. para Pintura,0,1,-1
01/2021,Com. Var. de Mat. de Const. não Especif. Ant.,0,1,-1
01/2021,Com. Var. de Ferragens e Ferramentas,0,1,-1
01/2021,"Com. Atac. de Frutas, Verduras, Raízes, Tubérculos, Hortaliças e Legumes Frescos",1,1,0
01/2021,Com. Var. de Madeira e Artefatos,1,0,1
01/2021,"Com. Atac. de Máquinas e Equip. para Uso Industrial, Partes e Peças",2,0,2
01/2021,Com. a Var. de Peças e Acessórios Novos para Veíc. Autom.,0,1,-1
01/2021,Com. Var. de Outros Produtos não Especif. Ant.,1,0,1
01/2021,"Com. Atac. de Merc. em Geral, com Pred. de Insumos Agropecuários",2,1,1
01/2021,"Serv. de Lavagem, Lubrificação e Polimento de Veíc. Autom.",6,3,3
01/2021,"Com. Atac. de Cerveja, Chope e Refrigerante",2,1,1
01/2021,"Com. Var. de Merc. em Geral, com Pred. de Produtos Alim. - Superm.",1,2,-1
01/2021,Com. Var. de Art. de Iluminação,1,0,1
01/2021,"Com. Var. de Merc. em Geral, com Pred. de Produtos Alim. - Hipermercados",14,20,-6
01/2021,Com. Atac. de Ferragens e Ferramentas,3,2,1
01/2021,Com. a Var. de Peças e Acessórios Novos para Veíc. Autom.,4,4,0
01/2021,"Com. Var. de Merc. em Geral, com Pred. de Produtos Alim. - Hipermercados",5,8,-3
01/2021,Com. Atac. de Produtos Alim. em Geral,0,5,-5
01/2021,Com. Atac. Especial. de Mat. de Const. não Especif. Ant.,4,4,0
01/2021,Com. Var. de Ferragens e Ferramentas,0,1,-1
01/2021,Com. Var. de Art. do Vestuário e Acessórios,3,2,1
01/2021,Com. Var. de Art. do Vestuário e Acessórios,2,3,-1
01/2021,Com. Var. de Art. do Vestuário e Acessórios,1,0,1
09/2021,Com. Var. de Outros Produtos não Especif. Ant.,1,0,1
09/2021,"Com. a Var. de Automóveis, Camionetas e Utilitários Usados",2,0,2
09/2021,Com. Var. de Outros Produtos não Especif. Ant.,1,0,1
09/2021,Com. Var. de Mat. de Const. não Especif. Ant.,1,0,1
09/2021,Com. Atac. de Ferragens e Ferramentas,1,1,0
09/2021,Com. Var. Especial. de Eletrod. e Equip. de áudio e Vídeo,2,5,-3
09/2021,"Com. Var. de Merc. em Geral, com Pred. de Produtos Alim. - Minimercados, Mercearias e Armazéns",0,1,-1
09/2021,Padaria e Confeitaria com Pred. de Revenda,1,1,0
09/2021,Com. Atac. de Ferragens e Ferramentas,0,1,-1
09/2021,Com. Var. de Outros Produtos não Especif. Ant.,0,2,-2
09/2021,Com. Var. de Outros Produtos não Especif. Ant.,0,1,-1
09/2021,Com. Var. de Móveis,1,0,1
09/2021,Com. a Var. de Peças e Acessórios Novos para Veíc. Autom.,1,1,0
09/2021,"Com. Var. de Cosméticos, Produtos de Perfumaria e de Higiene Pessoal",2,2,0
09/2021,"Lojas de Dep. ou Magazines, Exceto Lojas Francas (Duty Free)",1,0,1
09/2021,"Com. Var. de Merc. em Geral, com Pred. de Produtos Alim. - Superm.",5,5,0
09/2021,"Lojas de Dep. ou Magazines, Exceto Lojas Francas (Duty Free)",4,3,1
09/2021,Com. a Var. de Peças e Acessórios Novos para Veíc. Autom.,0,1,-1
09/2021,"Com. Atac. de Frutas, Verduras, Raízes, Tubérculos, Hortaliças e Legumes Frescos",1,1,0
09/2021,"Com. Var. de Produtos Farmac., com Manip. de Fórmulas",1,0,1
09/2021,"Com. Var. de Merc. em Geral, com Pred. de Produtos Alim. - Hipermercados",16,12,4
09/2021,"Com. a Var. de Automóveis, Camionetas e Utilitários Novos",3,1,2
09/2021,Com. a Var. de Peças e Acessórios Novos para Veíc. Autom.,0,1,-1
09/2021,Com. Var. de Material Elétrico,3,0,3
09/2021,Com. Atac. de Medicamentos e Drogas de Uso Humano,33,34,-1
09/2021,"Com. Var. de Produtos Farmac., sem Manip. de Fórmulas",2,1,1
09/2021,Com. Var. Especial. de Equip. de Telefonia e Comunicação,1,0,1
09/2021,Com. Var. de Art. Esportivos,1,0,1
09/2021,Padaria e Confeitaria com Pred. de Revenda,3,5,-2
09/2021,Com. Var. de Art. do Vestuário e Acessórios,1,1,0
09/2021,"Com. Var. de Produtos Farmac., sem Manip. de Fórmulas",0,1,-1
09/2021,Com. Atac. Especial. em Outros Produtos Intermediários não Especif. Ant.,0,1,-1
09/2021,Com. a Var. de Peças e Acessórios Novos para Motocicletas e Motonetas,0,1,-1
09/2021,Com. Atac. de Componentes Eletrônicos e Equip. de Telefonia e Comunicação,0,2,-2
09/2021,"Com. Var. de Cosméticos, Produtos de Perfumaria e de Higiene Pessoal",1,1,0
09/2021,Com. Var. Especial. de Equip. e Suprimentos de Informática,0,4,-4
09/2021,Com. Atac. de Produtos Alim. em Geral,2,1,1
09/2021,Com. a Var. de Peças e Acessórios Novos para Veíc. Autom.,2,1,1
09/2021,"Com. Var. de Doces, Balas, Bombons e Semelhantes",1,0,1
09/2021,Com. Var. de Outros Produtos não Especif. Ant.,1,0,1
09/2021,Com. Var. de Produtos Alim. em Geral ou Especial. em Produtos Alim. não Especif. Ant.,1,0,1
09/2021,Com. Atac. de Resíduos e Sucatas Metálicos,0,1,-1
09/2021,Com. Atac. de Carnes Bovinas e Suínas e Derivados,24,21,3
09/2021,Com. Var. Especial. de Equip. de Telefonia e Comunicação,0,1,-1
09/2021,Com. a Var. de Peças e Acessórios Novos para Veíc. Autom.,0,1,-1
09/2021,Com. Var. Especial. de Equip. e Suprimentos de Informática,1,1,0
09/2021,Com. Var. de Outros Produtos não Especif. Ant.,0,1,-1
09/2021,Com. por Atacado de Peças e Acessórios Novos para Veíc. Autom.,1,0,1
09/2021,Com. por Atacado de Peças e Acessórios Novos para Veíc. Autom.,2,1,1
09/2021,"Com. Var. de Merc. em Geral, com Pred. de Produtos Alim. - Minimercados, Mercearias e Armazéns",0,1,-1
09/2021,Com. por Atacado de Pneumáticos e Câmaras-De-Ar,1,3,-2
09/2021,"Com. Var. de Cosméticos, Produtos de Perfumaria e de Higiene Pessoal",1,0,1
09/2021,Com. Atac. de Resíduos de Papel e Papelão,5,0,5
09/2021,Com. Var. de Outros Art. de Uso Doméstico não Especif. Ant.,5,4,1
09/2021,Com. Var. de Mat. de Const. não Especif. Ant.,1,1,0
09/2021,"Com. Var. de Cosméticos, Produtos de Perfumaria e de Higiene Pessoal",0,2,-2
09/2021,Com. Var. Especial. de Equip. e Suprimentos de Informática,0,1,-1
09/2021,Com. Var. de Produtos Alim. em Geral ou Especial. em Produtos Alim. não Especif. Ant.,1,0,1
09/2021,Com. Var. de Art. Esportivos,5,3,2
09/2021,Com. Var. de Art. do Vestuário e Acessórios,1,0,1
09/2021,Com. a Var. de Motocicletas e Motonetas Usadas,0,1,-1
09/2021,"Com. a Var. de Automóveis, Camionetas e Utilitários Novos",2,0,2
09/2021,Com. Var. de Comb. para Veíc. Autom.,1,0,1
09/2021,Com. Var. de Comb. para Veíc. Autom.,2,0,2
09/2021,Padaria e Confeitaria com Pred. de Revenda,0,1,-1
09/2021,"Com. a Var. de Automóveis, Camionetas e Utilitários Novos",1,2,-1
09/2021,"Com. a Var. de Automóveis, Camionetas e Utilitários Novos",2,0,2
09/2021,"Com. a Var. de Automóveis, Camionetas e Utilitários Usados",0,1,-1
09/2021,Com. Var. de Carnes - Açougues,1,1,0
09/2021,Com. Var. de Mat. de Const. não Especif. Ant.,2,0,2
09/2021,Serv. de Manutenção e Reparação Mecânica de Veíc. Autom.,1,0,1
09/2021,Com. a Var. de Pneumáticos e Câmaras-De-Ar,1,0,1
09/2021,"Com. Var. de Cosméticos, Produtos de Perfumaria e de Higiene Pessoal",0,1,-1
09/2021,Padaria e Confeitaria com Pred. de Revenda,2,0,2
09/2021,Com. Var. de Móveis,2,0,2
09/2021,Com. Var. de Art. do Vestuário e Acessórios,1,0,1
09/2021,Com. Var. de Art. Esportivos,0,1,-1
09/2021,Com. Var. de Art. de Colchoaria,1,0,1
09/2021,"Comercio Var. de Art. de Cama, Mesa e Banho",1,2,-1
09/2021,Com. Var. de Tintas e Mat. para Pintura,1,1,0
09/2021,"Com. Var. de Suvenires, Bijuterias e Artesanatos",0,1,-1
09/2021,Com. Var. de Outros Produtos não Especif. Ant.,3,2,1
09/2021,"Com. Var. de Produtos Farmac., com Manip. de Fórmulas",0,1,-1
09/2021,Com. Var. de Comb. para Veíc. Autom.,0,1,-1
09/2021,"Com. Var. de Produtos Farmac., sem Manip. de Fórmulas",1,1,0
09/2021,Com. Var. Especial. de Equip. de Telefonia e Comunicação,0,1,-1
09/2021,Com. Var. Especial. de Equip. de Telefonia e Comunicação,1,0,1
09/2021,Com. Var. Especial. de Equip. de Telefonia e Comunicação,1,1,0
09/2021,Com. Var. de Art. do Vestuário e Acessórios,0,1,-1
09/2021,Com. Var. Especial. de Equip. e Suprimentos de Informática,1,0,1
09/2021,Com. Var. de Outros Produtos não Especif. Ant.,1,0,1
09/2021,Com. Atac. de Produtos Alim. em Geral,7,2,5
09/2021,Com. Var. de Art. do Vestuário e Acessórios,0,1,-1
09/2021,Com. Atac. de Cosméticos e Produtos de Perfumaria,2,1,1
09/2021,"Com. Var. de Cosméticos, Produtos de Perfumaria e de Higiene Pessoal",1,0,1
09/2021,Serv. de Manutenção e Reparação Elétrica de Veíc. Autom.,0,1,-1
09/2021,Com. Var. de Outros Art. de Uso Doméstico não Especif. Ant.,3,0,3
09/2021,Com. Var. de Comb. para Veíc. Autom.,0,1,-1
09/2021,Com. a Var. de Peças e Acessórios Novos para Motocicletas e Motonetas,0,1,-1
09/2021,Com. Var. de Mat. de Const. em Geral,1,4,-3
09/2021,"Com. Var. de Produtos Farmac., com Manip. de Fórmulas",2,0,2
09/2021,Com. Var. de Art. do Vestuário e Acessórios,3,4,-1
09/2021,Com. Var. de Móveis,1,0,1
09/2021,"Com. Var. de Merc. em Geral, com Pred. de Produtos Alim. - Superm.",2,2,0
09/2021,"Com. Var. de Merc. em Geral, com Pred. de Produtos Alim. - Superm.",1,2,-1
09/2021,"Com. Var. de Merc. em Geral, com Pred. de Produtos Alim. - Minimercados, Mercearias e Armazéns",1,1,0
09/2021,"Comercio Var. de Art. de Cama, Mesa e Banho",0,1,-1
09/2021,"Serv. de Lavagem, Lubrificação e Polimento de Veíc. Autom.",0,2,-2
09/2021,Serv. de Manutenção e Reparação Mecânica de Veíc. Autom.,2,2,0
09/2021,"Com. Var. de Art. de Tapeçaria, Cortinas e Persianas",2,0,2
09/2021,Com. Var. de Hortifrutigranjeiros,1,0,1
09/2021,Com. Var. de Móveis,0,1,-1
09/2021,Com. Var. de Mat. de Const. não Especif. Ant.,2,2,0
09/2021,Com. Var. de Outros Produtos não Especif. Ant.,1,0,1
09/2021,Com. Var. de Comb. para Veíc. Autom.,1,0,1
09/2021,Com. Var. de Produtos Saneantes Domissanitários,2,0,2
09/2021,Com. Var. de Mat. de Const. não Especif. Ant.,5,2,3
09/2021,Com. Atac. de Sorvetes,11,3,8
09/2021,Com. Var. de Art. Esportivos,0,1,-1
09/2021,Com. Var. de Mat. de Const. não Especif. Ant.,1,0,1
09/2021,"Com. Var. de Art. de Tapeçaria, Cortinas e Persianas",1,0,1
09/2021,Com. Atac. de Cosméticos e Produtos de Perfumaria,2,1,1
09/2021,Com. Var. de Art. Esportivos,0,2,-2
09/2021,Com. Var. Especial. de Instrumentos Musicais e Acessórios,1,0,1
09/2021,Com. Atac. de Outros Equip. e Art. de Uso Pessoal e Doméstico não Especif. Ant.,2,0,2
09/2021,Com. Var. de Outros Produtos não Especif. Ant.,1,0,1
09/2021,Com. a Var. de Peças e Acessórios Novos para Veíc. Autom.,1,1,0
09/2021,Com. Atac. de Produtos Alim. em Geral,1,1,0
09/2021,Com. Var. de Hortifrutigranjeiros,1,0,1
09/2021,Com. Var. de Outros Produtos não Especif. Ant.,0,1,-1
09/2021,Com. Atac. de Ferragens e Ferramentas,1,0,1
09/2021,Serv. de Manutenção e Reparação Mecânica de Veíc. Autom.,0,1,-1
09/2021,Com. por Atacado de Peças e Acessórios para Motocicletas e Motonetas,1,0,1
09/2021,Com. Var. de Animais Vivos e de Art. e Alimentos para Animais de Estimação,0,1,-1
09/2021,Com. Var. de Art. de Viagem,0,1,-1
09/2021,"Com. a Var. de Automóveis, Camionetas e Utilitários Novos",1,1,0
09/2021,Com. Var. de Outros Produtos não Especif. Ant.,0,1,-1
09/2021,Com. Var. de Vidros,0,1,-1
09/2021,Com. Var. Especial. de Eletrod. e Equip. de áudio e Vídeo,2,0,2
09/2021,Com. Var. de Comb. para Veíc. Autom.,0,1,-1
09/2021,Com. Atac. de Produtos Alim. em Geral,8,8,0
09/2021,Com. Var. de Art. do Vestuário e Acessórios,1,0,1
09/2021,"Com. Var. Especial. de Peças e Acessórios para Aparelhos Eletroeletrônicos para Uso Doméstico, Exceto Informática e Comunicação",0,1,-1
09/2021,Com. Var. de Calçados,2,0,2
09/2021,Com. Var. de Equip. para Escritório,0,1,-1
09/2021,"Com. a Var. de Automóveis, Camionetas e Utilitários Usados",1,0,1
09/2021,Com. Var. de Outros Produtos não Especif. Ant.,11,5,6
09/2021,Com. Var. de Comb. para Veíc. Autom.,0,1,-1
09/2021,"Com. Var. de Suvenires, Bijuterias e Artesanatos",0,1,-1
09/2021,Com. Var. de Equip. para Escritório,5,2,3
09/2021,Com. Atac. de Embalagens,0,8,-8
09/2021,"Com. Var. Especial. de Peças e Acessórios para Aparelhos Eletroeletrônicos para Uso Doméstico, Exceto Informática e Comunicação",0,1,-1
09/2021,Com. Var. de Outros Produtos não Especif. Ant.,0,1,-1
09/2021,Com. Var. de Art. do Vestuário e Acessórios,0,2,-2
09/2021,Com. Var. de Hortifrutigranjeiros,0,8,-8
09/2021,Com. Var. de Hortifrutigranjeiros,2,0,2
09/2021,"Com. Var. de Merc. em Geral, com Pred. de Produtos Alim. - Minimercados, Mercearias e Armazéns",0,1,-1
09/2021,"Com. a Var. de Automóveis, Camionetas e Utilitários Novos",2,0,2
09/2021,Com. Atac. Especial. em Outros Produtos Intermediários não Especif. Ant.,2,0,2
09/2021,Com. Var. de Comb. para Veíc. Autom.,1,1,0
09/2021,Serv. de Lanternagem ou Funilaria e Pintura de Veíc. Autom.,1,2,-1
09/2021,Com. Var. de Produtos Alim. em Geral ou Especial. em Produtos Alim. não Especif. Ant.,0,1,-1
09/2021,Com. Var. Especial. de Equip. e Suprimentos de Informática,1,0,1
09/2021,Com. a Var. de Peças e Acessórios Novos para Veíc. Autom.,3,6,-3
09/2021,Com. Var. de Comb. para Veíc. Autom.,1,0,1
09/2021,Com. Var. de Calçados,1,0,1
09/2021,Com. Var. de Bebidas,0,1,-1
09/2021,"Com. a Var. de Automóveis, Camionetas e Utilitários Novos",3,3,0
09/2021,Com. Atac. de Resíduos e Sucatas Metálicos,1,0,1
09/2021,"Com. Var. de Merc. em Geral, com Pred. de Produtos Alim. - Minimercados, Mercearias e Armazéns",0,1,-1
09/2021,Com. Var. de Carnes - Açougues,2,0,2
09/2021,Serv. de Manutenção e Reparação Mecânica de Veíc. Autom.,1,0,1
09/2021,Com. Var. Especial. de Equip. e Suprimentos de Informática,0,1,-1
09/2021,Comercio Var. de Art. de Armarinho,2,0,2
09/2021,Com. Var. de Comb. para Veíc. Autom.,1,1,0
09/2021,Com. Var. de Art. Fotográficos e para Filmagem,1,1,0
09/2021,Com. Var. de Art. do Vestuário e Acessórios,1,1,0
09/2021,Com. Var. de Art. de óptica,1,1,0
09/2021,"Com. Var. de Cosméticos, Produtos de Perfumaria e de Higiene Pessoal",1,0,1
09/2021,Com. Var. de Livros,1,0,1
09/2021,Padaria e Confeitaria com Pred. de Revenda,2,3,-1
09/2021,Serv. de Borracharia para Veíc. Autom.,1,0,1
09/2021,Com. a Var. de Peças e Acessórios Novos para Veíc. Autom.,0,1,-1
09/2021,"Com. Atac. de Resíduos e Sucatas Não-Metálicos, Exceto de Papel e Papelão",1,0,1
09/2021,"Com. Atac. de Merc. em Geral, sem Pred. de Alimentos ou de Insumos Agropecuários",0,1,-1
09/2021,"Com. Var. de Merc. em Geral, com Pred. de Produtos Alim. - Superm.",0,4,-4
09/2021,"Com. Var. de Merc. em Geral, com Pred. de Produtos Alim. - Superm.",30,29,1
09/2021,Com. Var. de Art. de óptica,2,1,1
09/2021,Com. Var. Especial. de Eletrod. e Equip. de áudio e Vídeo,2,1,1
09/2021,Com. Atac. de Outros Equip. e Art. de Uso Pessoal e Doméstico não Especif. Ant.,0,1,-1
09/2021,Com. Var. Especial. de Equip. e Suprimentos de Informática,0,1,-1
09/2021,Com. Var. de Outros Produtos não Especif. Ant.,0,1,-1
09/2021,"Com. Var. de Cosméticos, Produtos de Perfumaria e de Higiene Pessoal",1,1,0
09/2021,"Com. Var. de Cosméticos, Produtos de Perfumaria e de Higiene Pessoal",2,3,-1
09/2021,Com. Atac. de Mat. de Const. em Geral,8,5,3
09/2021,Com. Atac. de Alimentos para Animais,3,2,1
09/2021,Com. Var. de Art. do Vestuário e Acessórios,0,1,-1
09/2021,Com. Atac. de Produtos Alim. em Geral,1,0,1
09/2021,Com. Var. de Tintas e Mat. para Pintura,2,0,2
09/2021,Com. Var. de Outros Art. de Uso Doméstico não Especif. Ant.,1,1,0
09/2021,Com. Var. de Outros Art. de Uso Doméstico não Especif. Ant.,0,1,-1
09/2021,Com. Var. de Outros Art. de Uso Doméstico não Especif. Ant.,1,1,0
09/2021,Com. Atac. de Outros Equip. e Art. de Uso Pessoal e Doméstico não Especif. Ant.,5,8,-3
09/2021,Serv. de Manutenção e Reparação Mecânica de Veíc. Autom.,0,1,-1
09/2021,"Com. Var. de Merc. em Geral, com Pred. de Produtos Alim. - Minimercados, Mercearias e Armazéns",6,0,6
09/2021,Com. Var. de Outros Produtos não Especif. Ant.,1,0,1
09/2021,"Com. Var. de Merc. em Geral, com Pred. de Produtos Alim. - Superm.",4,3,1
09/2021,"Com. Var. de Merc. em Geral, com Pred. de Produtos Alim. - Hipermercados",17,14,3
09/2021,"Com. a Var. de Automóveis, Camionetas e Utilitários Usados",1,3,-2
09/2021,Com. Var. de Art. de Colchoaria,1,0,1
09/2021,Com. Var. de Móveis,1,0,1
09/2021,Com. Var. de Plantas e Flores Naturais,1,1,0
09/2021,Com. Var. Especial. de Eletrod. e Equip. de áudio e Vídeo,0,1,-1
09/2021,Com. Var. de Livros,1,1,0
09/2021,Com. a Var. de Peças e Acessórios Novos para Veíc. Autom.,0,1,-1
09/2021,"Com. Var. de Merc. em Geral, com Pred. de Produtos Alim. - Minimercados, Mercearias e Armazéns",4,5,-1
09/2021,Com. Var. de Plantas e Flores Naturais,2,3,-1
09/2021,Com. Atac. de Resíduos de Papel e Papelão,1,0,1
09/2021,Com. Var. de Art. Esportivos,2,3,-1
09/2021,Padaria e Confeitaria com Pred. de Revenda,3,1,2
09/2021,Com. Var. de Brinquedos e Art. Recreativos,1,1,0
09/2021,Com. Var. de Art. do Vestuário e Acessórios,4,0,4
09/2021,"Com. Atac. de Resíduos e Sucatas Não-Metálicos, Exceto de Papel e Papelão",1,0,1
09/2021,"Com. Atac. de Frutas, Verduras, Raízes, Tubérculos, Hortaliças e Legumes Frescos",0,1,-1
09/2021,"Com. Var. de Merc. em Geral, com Pred. de Produtos Alim. - Superm.",17,11,6
09/2021,"Lojas de Variedades, Exceto Lojas de Dep. ou Magazines",2,0,2
09/2021,"Com. Var. de Bicicletas e Triciclos, Peças e Acessórios",0,1,-1
09/2021,Com. Var. de Comb. para Veíc. Autom.,4,1,3
09/2021,"Com. Var. de Produtos Farmac., sem Manip. de Fórmulas",1,1,0
09/2021,Com. a Var. de Peças e Acessórios Novos para Veíc. Autom.,1,0,1
09/2021,Com. Var. de Produtos Alim. em Geral ou Especial. em Produtos Alim. não Especif. Ant.,0,1,-1
09/2021,Com. a Var. de Peças e Acessórios Novos para Veíc. Autom.,1,2,-1
09/2021,Com. Var. de Art. do Vestuário e Acessórios,6,5,1
09/2021,Com. a Var. de Peças e Acessórios Novos para Veíc. Autom.,1,2,-1
09/2021,Com. Var. de Art. de Colchoaria,1,1,0
09/2021,Com. Var. de Art. de óptica,1,0,1
09/2021,"Com. Atac. de Frutas, Verduras, Raízes, Tubérculos, Hortaliças e Legumes Frescos",7,8,-1
09/2021,Com. Var. de Mat. de Const. em Geral,2,0,2
09/2021,"Serv. de Instalação, Manutenção e Reparação de Acessórios para Veíc. Autom.",0,1,-1
09/2021,Com. Var. Especial. de Equip. e Suprimentos de Informática,4,1,3
09/2021,"Serv. de Lavagem, Lubrificação e Polimento de Veíc. Autom.",0,1,-1
09/2021,"Lojas de Variedades, Exceto Lojas de Dep. ou Magazines",2,0,2
09/2021,"Lojas de Variedades, Exceto Lojas de Dep. ou Magazines",0,2,-2
09/2021,Com. Var. de Livros,1,1,0
09/2021,"Com. Var. de Produtos Farmac., sem Manip. de Fórmulas",1,1,0
09/2021,Com. Var. de Art. do Vestuário e Acessórios,2,2,0
09/2021,Com. Var. de Tintas e Mat. para Pintura,1,0,1
09/2021,Com. Var. de Tintas e Mat. para Pintura,1,0,1
09/2021,Com. Var. de Tintas e Mat. para Pintura,1,0,1
09/2021,"Com. Atac. de Cerveja, Chope e Refrigerante",1,1,0
09/2021,Com. a Var. de Peças e Acessórios Novos para Veíc. Autom.,1,2,-1
09/2021,Com. Var. de Art. de Iluminação,0,2,-2
09/2021,"Serv. de Lavagem, Lubrificação e Polimento de Veíc. Autom.",1,0,1
09/2021,"Representantes Comerciais e Agentes do Com. de Produtos Alim., Bebidas e Fumo",2,0,2
09/2021,Padaria e Confeitaria com Pred. de Revenda,1,0,1
09/2021,Com. Var. de Art. de óptica,1,0,1
09/2021,"Com. Var. de Produtos Farmac., com Manip. de Fórmulas",0,1,-1
09/2021,Com. Var. de Art. de Papelaria,0,2,-2
09/2021,Com. Var. de Art. do Vestuário e Acessórios,1,0,1
09/2021,"Com. Var. de Cosméticos, Produtos de Perfumaria e de Higiene Pessoal",0,1,-1
09/2021,Com. Var. de Art. de Colchoaria,4,0,4
09/2021,"Com. Var. de Merc. em Geral, com Pred. de Produtos Alim. - Minimercados, Mercearias e Armazéns",2,0,2
09/2021,"Com. Var. de Produtos Farmac., com Manip. de Fórmulas",1,0,1
09/2021,Com. a Var. de Motocicletas e Motonetas Novas,0,1,-1
09/2021,"Com. Var. de Merc. em Geral, com Pred. de Produtos Alim. - Minimercados, Mercearias e Armazéns",0,1,-1
09/2021,"Com. Var. de Suvenires, Bijuterias e Artesanatos",1,0,1
09/2021,"Com. a Var. de Automóveis, Camionetas e Utilitários Novos",1,1,0
09/2021,Com. Atac. de Equip. Elétricos de Uso Pessoal e Doméstico,1,0,1
09/2021,Com. Var. de Calçados,3,2,1
09/2021,Com. Var. de Calçados,1,0,1
09/2021,Com. Var. de Art. de óptica,0,1,-1
09/2021,Com. Var. Especial. de Eletrod. e Equip. de áudio e Vídeo,1,5,-4
09/2021,Com. Var. Especial. de Eletrod. e Equip. de áudio e Vídeo,2,4,-2
09/2021,Com. Var. de Outros Produtos não Especif. Ant.,2,2,0
09/2021,Com. Atac. de Produtos Alim. em Geral,2,0,2
09/2021,Com. Var. de Animais Vivos e de Art. e Alimentos para Animais de Estimação,0,1,-1
09/2021,Com. Var. de Ferragens e Ferramentas,1,0,1
09/2021,Com. a Var. de Peças e Acessórios Novos para Veíc. Autom.,6,1,5
09/2021,Com. Var. de Art. do Vestuário e Acessórios,1,1,0
09/2021,Com. Var. Especial. de Equip. e Suprimentos de Informática,0,2,-2
09/2021,Com. Var. de Comb. para Veíc. Autom.,0,1,-1
09/2021,Com. Atac. de Embalagens,0,1,-1
09/2021,Com. Var. de Produtos Alim. em Geral ou Especial. em Produtos Alim. não Especif. Ant.,1,0,1
09/2021,"Com. a Var. de Automóveis, Camionetas e Utilitários Usados",0,1,-1
09/2021,Com. Var. de Outros Art. de Uso Doméstico não Especif. Ant.,3,1,2
09/2021,Com. Var. de Material Elétrico,0,1,-1
09/2021,Com. Var. de Livros,0,1,-1
09/2021,Manutenção e Reparação de Motocicletas e Motonetas,0,1,-1
09/2021,"Lojas de Variedades, Exceto Lojas de Dep. ou Magazines",1,1,0
09/2021,Com. Var. de Comb. para Veíc. Autom.,0,1,-1
09/2021,Com. Var. de Ferragens e Ferramentas,5,2,3
09/2021,Com. Var. de Produtos Alim. em Geral ou Especial. em Produtos Alim. não Especif. Ant.,3,2,1
09/2021,"Com. Atac. de Máquinas e Equip. para Uso Industrial, Partes e Peças",1,0,1
09/2021,"Com. Var. de Doces, Balas, Bombons e Semelhantes",1,1,0
09/2021,Com. Var. de Art. de óptica,1,1,0
09/2021,Com. Var. de Art. Médicos e Ortopédicos,0,1,-1
09/2021,"Com. a Var. de Automóveis, Camionetas e Utilitários Novos",0,1,-1
09/2021,Com. Var. de Art. do Vestuário e Acessórios,1,1,0
09/2021,Com. Var. de Móveis,1,0,1
09/2021,Com. Var. de Produtos Alim. em Geral ou Especial. em Produtos Alim. não Especif. Ant.,5,1,4
09/2021,Com. Var. de Mat. Hidráulicos,1,0,1
09/2021,Com. Var. de Ferragens e Ferramentas,1,0,1
09/2021,Com. Var. de Art. de Iluminação,0,1,-1
09/2021,Com. Atac. de Embalagens,8,12,-4
09/2021,"Com. Var. de Merc. em Geral, com Pred. de Produtos Alim. - Minimercados, Mercearias e Armazéns",0,1,-1
09/2021,Com. Var. de Gás LiqüEfeito de Petróleo (Glp),0,1,-1
09/2021,"Com. a Var. de Automóveis, Camionetas e Utilitários Novos",3,2,1
09/2021,"Com. Atac. de Bombas e Compressores, Partes e Peças",1,1,0
09/2021,Com. Var. de Outros Produtos não Especif. Ant.,2,2,0
09/2021,Com. Var. de Art. de óptica,0,1,-1
09/2021,Com. Var. de Móveis,2,13,-11
09/2021,Com. Var. de Móveis,0,2,-2
09/2021,Com. Var. Especial. de Equip. de Telefonia e Comunicação,4,2,2
09/2021,Com. Var. de Comb. para Veíc. Autom.,1,0,1
09/2021,Com. Var. de Outros Art. de Uso Doméstico não Especif. Ant.,2,2,0
09/2021,Com. Var. de Comb. para Veíc. Autom.,1,2,-1
09/2021,Com. Var. de Móveis,1,1,0
09/2021,"Com. Var. de Produtos Farmac., sem Manip. de Fórmulas",2,2,0
09/2021,"Com. Var. de Cosméticos, Produtos de Perfumaria e de Higiene Pessoal",7,3,4
09/2021,Com. Var. de Carnes - Açougues,1,1,0
09/2021,"Lojas de Variedades, Exceto Lojas de Dep. ou Magazines",2,1,1
09/2021,Com. a Var. de Peças e Acessórios Novos para Veíc. Autom.,0,2,-2
09/2021,Com. Atac. de Embalagens,1,1,0
09/2021,Com. Var. de Hortifrutigranjeiros,4,7,-3
09/2021,"Com. Atac. de Frutas, Verduras, Raízes, Tubérculos, Hortaliças e Legumes Frescos",3,0,3
09/2021,Com. Var. de Hortifrutigranjeiros,2,7,-5
09/2021,Padaria e Confeitaria com Pred. de Revenda,2,1,1
09/2021,"Com. Atac. de Merc. em Geral, com Pred. de Produtos Alim.",3,6,-3
09/2021,Com. Var. de Comb. para Veíc. Autom.,3,3,0
09/2021,Com. Var. de Art. de Papelaria,0,1,-1
09/2021,"Com. Var. de Merc. em Geral, com Pred. de Produtos Alim. - Minimercados, Mercearias e Armazéns",0,1,-1
09/2021,"Serv. de Lavagem, Lubrificação e Polimento de Veíc. Autom.",1,0,1
09/2021,"Com. Var. Especial. de Peças e Acessórios para Aparelhos Eletroeletrônicos para Uso Doméstico, Exceto Informática e Comunicação",0,1,-1
09/2021,"Com. Var. de Produtos Farmac., sem Manip. de Fórmulas",0,1,-1
09/2021,"Com. Var. de Merc. em Geral, com Pred. de Produtos Alim. - Minimercados, Mercearias e Armazéns",0,1,-1
09/2021,"Com. Atac. de Livros, Jornais e Outras Publicações",2,0,2
09/2021,"Com. a Var. de Automóveis, Camionetas e Utilitários Novos",4,7,-3
09/2021,Com. Var. de Comb. para Veíc. Autom.,1,0,1
09/2021,Com. Var. de Calçados,2,0,2
09/2021,Com. Var. de Móveis,7,11,-4
09/2021,Com. Var. de Móveis,1,0,1
09/2021,Com. Var. de Outros Produtos não Especif. Ant.,1,0,1
09/2021,Com. Var. de Móveis,0,1,-1
09/2021,Com. a Var. de Peças e Acessórios Novos para Veíc. Autom.,0,1,-1
09/2021,"Com. a Var. de Automóveis, Camionetas e Utilitários Usados",0,1,-1
09/2021,Com. Var. de Animais Vivos e de Art. e Alimentos para Animais de Estimação,1,1,0
09/2021,Com. Var. de Comb. para Veíc. Autom.,2,1,1
09/2021,"Com. Var. de Produtos Farmac., sem Manip. de Fórmulas",1,0,1
09/2021,"Com. Var. de Merc. em Geral, com Pred. de Produtos Alim. - Minimercados, Mercearias e Armazéns",3,0,3
09/2021,"Com. Var. de Produtos Farmac., sem Manip. de Fórmulas",0,1,-1
09/2021,"Com. a Var. de Automóveis, Camionetas e Utilitários Novos",1,1,0
09/2021,Com. Atac. de Produtos Odontológicos,1,0,1
09/2021,Com. Var. de Mat. de Const. não Especif. Ant.,0,1,-1
09/2021,Com. Var. de Art. do Vestuário e Acessórios,1,0,1
09/2021,"Serv. de Lavagem, Lubrificação e Polimento de Veíc. Autom.",1,0,1
09/2021,"Com. Atac. de Filmes, Cds, Dvds, Fitas e Discos",1,0,1
09/2021,Com. Var. de Art. de Viagem,0,1,-1
09/2021,Serv. de Manutenção e Reparação Mecânica de Veíc. Autom.,0,1,-1
09/2021,Com. Var. de Comb. para Veíc. Autom.,0,1,-1
09/2021,Com. Atac. de Alimentos para Animais,2,1,1
09/2021,Com. Var. de Art. do Vestuário e Acessórios,1,0,1
09/2021,Com. por Atacado de Caminhões Novos e Usados,2,1,1
09/2021,Com. Var. de Outros Produtos não Especif. Ant.,2,11,-9
09/2021,Com. Var. de Calçados,1,0,1
09/2021,Com. Var. de Art. do Vestuário e Acessórios,1,1,0
09/2021,Com. Var. de Art. do Vestuário e Acessórios,1,1,0
09/2021,"Com. Atac. de Frutas, Verduras, Raízes, Tubérculos, Hortaliças e Legumes Frescos",0,1,-1
09/2021,Com. Var. de Madeira e Artefatos,0,1,-1
09/2021,Com. Var. Especial. de Equip. e Suprimentos de Informática,0,2,-2
09/2021,Com. Var. de Produtos Saneantes Domissanitários,0,1,-1
09/2021,Com. Var. de Outros Produtos não Especif. Ant.,0,1,-1
09/2021,Com. Var. de Art. Médicos e Ortopédicos,1,2,-1
09/2021,Com. Var. de Art. do Vestuário e Acessórios,0,1,-1
09/2021,"Com. Atac. de Frutas, Verduras, Raízes, Tubérculos, Hortaliças e Legumes Frescos",1,0,1
09/2021,Com. Atac. de Outros Equip. e Art. de Uso Pessoal e Doméstico não Especif. Ant.,8,1,7
09/2021,"Serv. de Instalação, Manutenção e Reparação de Acessórios para Veíc. Autom.",1,3,-2
09/2021,Com. Var. de Plantas e Flores Naturais,2,1,1
09/2021,"Com. Var. de Cal, Areia, Pedra Britada, Tijolos e Telhas",0,1,-1
09/2021,Com. Var. de Calçados,1,1,0
09/2021,Com. Var. de Calçados,1,1,0
09/2021,Com. Var. de Calçados,1,2,-1
09/2021,Com. Var. de Mat. de Const. em Geral,1,0,1
09/2021,"Com. Atac. de Frutas, Verduras, Raízes, Tubérculos, Hortaliças e Legumes Frescos",0,1,-1
09/2021,"Lojas de Variedades, Exceto Lojas de Dep. ou Magazines",0,1,-1
09/2021,Com. Var. de Gás LiqüEfeito de Petróleo (Glp),1,1,0
09/2021,Padaria e Confeitaria com Pred. de Revenda,1,0,1
09/2021,Com. Var. de Art. do Vestuário e Acessórios,2,1,1
09/2021,Com. Var. de Vidros,0,1,-1
09/2021,"Lojas de Variedades, Exceto Lojas de Dep. ou Magazines",0,2,-2
09/2021,Serv. de Manutenção e Reparação Mecânica de Veíc. Autom.,1,0,1
09/2021,Com. a Var. de Peças e Acessórios Novos para Veíc. Autom.,2,1,1
09/2021,Com. Var. de Calçados,0,1,-1
09/2021,Com. Var. de Comb. para Veíc. Autom.,1,0,1
09/2021,"Lojas de Variedades, Exceto Lojas de Dep. ou Magazines",3,0,3
09/2021,Com. Var. de Livros,0,1,-1
09/2021,Com. Var. de Art. do Vestuário e Acessórios,0,1,-1
09/2021,Com. Var. de Art. do Vestuário e Acessórios,5,5,0
09/2021,Com. Var. de Art. do Vestuário e Acessórios,1,0,1
09/2021,"Com. Var. de Merc. em Geral, com Pred. de Produtos Alim. - Minimercados, Mercearias e Armazéns",1,1,0
09/2021,Com. Var. de Outros Produtos não Especif. Ant.,1,0,1
09/2021,Com. Var. de Art. de Joalheria,1,1,0
09/2021,"Com. Var. de Merc. em Geral, com Pred. de Produtos Alim. - Minimercados, Mercearias e Armazéns",0,1,-1
09/2021,Com. Var. de Mat. de Const. em Geral,1,2,-1
09/2021,Com. Var. de Art. de Joalheria,1,0,1
09/2021,"Com. Var. de Art. de Tapeçaria, Cortinas e Persianas",1,0,1
09/2021,Com. Var. de Ferragens e Ferramentas,2,1,1
09/2021,Com. Var. de Calçados,0,1,-1
09/2021,Com. Var. de Art. de óptica,0,1,-1
09/2021,Representantes Comerciais e Agentes do Com. de Merc. em Geral não Especial.,0,1,-1
09/2021,Com. Var. de Vidros,1,0,1
09/2021,"Com. Var. de Cosméticos, Produtos de Perfumaria e de Higiene Pessoal",2,2,0
09/2021,Com. por Atacado de Peças e Acessórios Novos para Veíc. Autom.,2,1,1
09/2021,"Com. Atac. de Merc. em Geral, com Pred. de Produtos Alim.",10,13,-3
09/2021,Com. Atac. Especial. em Outros Produtos Alim. não Especif. Ant.,1,1,0
09/2021,"Com. Atac. de Máquinas e Equip. para Uso Industrial, Partes e Peças",1,0,1
09/2021,Com. Atac. Especial. em Outros Produtos Alim. não Especif. Ant.,1,1,0
09/2021,Representantes Comerciais e Agentes do Com. de Merc. em Geral não Especial.,1,0,1
09/2021,Com. Var. de Art. de Papelaria,1,0,1
09/2021,Com. Atac. Especial. em Outros Produtos Intermediários não Especif. Ant.,1,3,-2
09/2021,"Com. Atac. de Outras Máquinas e Equip. não Especif. Ant., Partes e Peças",9,3,6
09/2021,Com. Var. de Art. do Vestuário e Acessórios,1,2,-1
09/2021,Com. Var. de Móveis,5,3,2
09/2021,Com. Var. de Art. do Vestuário e Acessórios,0,1,-1
09/2021,Com. Atac. de Embalagens,0,2,-2
09/2021,Com. a Var. de Peças e Acessórios Novos para Veíc. Autom.,2,2,0
09/2021,Com. Var. de Mat. de Const. não Especif. Ant.,0,1,-1
09/2021,Com. Var. de Comb. para Veíc. Autom.,1,1,0
09/2021,"Com. Var. de Bicicletas e Triciclos, Peças e Acessórios",0,1,-1
09/2021,"Com. Var. de Bicicletas e Triciclos, Peças e Acessórios",2,0,2
09/2021,Com. Atac. de Cosméticos e Produtos de Perfumaria,0,1,-1
09/2021,"Serv. de Lavagem, Lubrificação e Polimento de Veíc. Autom.",1,0,1
09/2021,Com. Var. de Outros Produtos não Especif. Ant.,1,2,-1
09/2021,Com. a Var. de Peças e Acessórios Usados para Veíc. Autom.,3,2,1
09/2021,Com. Var. Especial. de Eletrod. e Equip. de áudio e Vídeo,1,1,0
09/2021,Com. Var. de Outros Produtos não Especif. Ant.,0,1,-1
09/2021,Com. a Var. de Pneumáticos e Câmaras-De-Ar,1,0,1
09/2021,"Com. Var. de Produtos Farmac., sem Manip. de Fórmulas",0,1,-1
09/2021,Com. Var. de Ferragens e Ferramentas,4,1,3
09/2021,Com. Var. de Móveis,0,29,-29
09/2021,Com. Var. de Móveis,7,0,7
09/2021,Com. Var. de Art. do Vestuário e Acessórios,6,3,3
09/2021,Com. Var. de Outros Art. de Uso Doméstico não Especif. Ant.,1,0,1
09/2021,Com. a Var. de Peças e Acessórios Novos para Veíc. Autom.,3,1,2
09/2021,Com. Var. de Livros,2,2,0
09/2021,Com. Var. de Art. de Joalheria,1,0,1
09/2021,Com. Atac. de Alimentos para Animais,4,2,2
09/2021,Com. Var. de Brinquedos e Art. Recreativos,5,3,2
09/2021,Com. Var. de Tintas e Mat. para Pintura,0,1,-1
09/2021,Com. Var. de Art. do Vestuário e Acessórios,2,1,1
09/2021,"Com. Var. de Cosméticos, Produtos de Perfumaria e de Higiene Pessoal",1,0,1
09/2021,Com. Var. de Tintas e Mat. para Pintura,1,0,1
09/2021,Serv. de Manutenção e Reparação Mecânica de Veíc. Autom.,0,1,-1
09/2021,"Com. Var. de Doces, Balas, Bombons e Semelhantes",8,5,3
09/2021,"Com. Atac. de Chocolates, Confeitos, Balas, Bombons e Semelhantes",8,4,4
09/2021,Com. Var. de Móveis,1,2,-1
09/2021,Com. Var. de Móveis,0,1,-1
09/2021,"Com. Atac. de Merc. em Geral, sem Pred. de Alimentos ou de Insumos Agropecuários",0,1,-1
09/2021,"Com. Atac. de Máquinas e Equip. para Uso Industrial, Partes e Peças",0,1,-1
09/2021,Com. Var. de Calçados,1,1,0
09/2021,Com. Var. de Art. do Vestuário e Acessórios,0,1,-1
09/2021,Com. Var. de Calçados,0,1,-1
09/2021,Com. Var. de Art. do Vestuário e Acessórios,1,1,0
09/2021,Com. Var. de Vidros,1,0,1
09/2021,Com. Var. de Madeira e Artefatos,0,1,-1
09/2021,Com. Var. de Calçados,4,1,3
09/2021,Com. Var. de Calçados,2,1,1
09/2021,Com. Var. de Calçados,1,1,0
09/2021,Com. Var. de Art. de óptica,0,1,-1
09/2021,"Com. Var. de Suvenires, Bijuterias e Artesanatos",0,1,-1
09/2021,Comercio Var. de Art. de Armarinho,0,2,-2
09/2021,"Com. Var. de Merc. em Geral, com Pred. de Produtos Alim. - Minimercados, Mercearias e Armazéns",0,1,-1
09/2021,Com. Var. Especial. de Equip. de Telefonia e Comunicação,1,1,0
09/2021,Padaria e Confeitaria com Pred. de Revenda,0,1,-1
09/2021,Com. a Var. de Peças e Acessórios Novos para Veíc. Autom.,0,1,-1
09/2021,Com. Var. de Produtos Alim. em Geral ou Especial. em Produtos Alim. não Especif. Ant.,1,0,1
09/2021,Com. Var. de Móveis,2,2,0
09/2021,Com. Var. de Art. de óptica,0,2,-2
09/2021,Com. Var. Especial. de Equip. e Suprimentos de Informática,1,3,-2
09/2021,Com. Var. de Produtos Alim. em Geral ou Especial. em Produtos Alim. não Especif. Ant.,0,4,-4
09/2021,Com. Var. de Art. do Vestuário e Acessórios,1,0,1
09/2021,"Serv. de Lavagem, Lubrificação e Polimento de Veíc. Autom.",11,12,-1
09/2021,"Com. Var. de Doces, Balas, Bombons e Semelhantes",0,1,-1
09/2021,"Com. Var. de Doces, Balas, Bombons e Semelhantes",2,4,-2
09/2021,"Com. Atac. de Máquinas e Equip. para Uso Industrial, Partes e Peças",10,8,2
09/2021,"Com. a Var. de Automóveis, Camionetas e Utilitários Usados",0,1,-1
09/2021,Com. a Var. de Peças e Acessórios Novos para Veíc. Autom.,1,0,1
09/2021,Com. por Atacado de Motocicletas e Motonetas,3,0,3
09/2021,"Com. Atac. de Máquinas e Equip. para Uso Industrial, Partes e Peças",1,0,1
09/2021,Com. Var. Especial. de Equip. de Telefonia e Comunicação,2,0,2
09/2021,Com. Var. de Calçados,3,0,3
09/2021,Com. Var. de Outros Produtos não Especif. Ant.,1,0,1
09/2021,"Com. Var. de Merc. em Geral, com Pred. de Produtos Alim. - Superm.",1,0,1
09/2021,"Representantes Comerciais e Agentes do Com. de Máquinas, Equip., Embarcações e Aeronaves",0,1,-1
09/2021,"Com. Var. de Produtos Farmac., com Manip. de Fórmulas",9,8,1
09/2021,Com. Var. de Outros Produtos não Especif. Ant.,0,2,-2
09/2021,Com. Var. Especial. de Equip. de Telefonia e Comunicação,0,1,-1
09/2021,Com. Atac. de Carnes Bovinas e Suínas e Derivados,1,1,0
09/2021,Com. Var. de Art. de Relojoaria,1,0,1
09/2021,Com. Var. de Animais Vivos e de Art. e Alimentos para Animais de Estimação,2,2,0
09/2021,"Lojas de Variedades, Exceto Lojas de Dep. ou Magazines",1,0,1
09/2021,Com. Var. de Lubrificantes,4,2,2
09/2021,Com. Var. Especial. de Equip. e Suprimentos de Informática,1,0,1
09/2021,Com. Var. de Animais Vivos e de Art. e Alimentos para Animais de Estimação,2,1,1
09/2021,Com. Var. de Art. do Vestuário e Acessórios,0,1,-1
09/2021,Com. Var. de Art. do Vestuário e Acessórios,1,0,1
09/2021,Com. Var. de Art. de óptica,3,5,-2
09/2021,Com. Var. de Art. do Vestuário e Acessórios,2,1,1
09/2021,"Com. Atac. de Máquinas e Equip. para Uso Industrial, Partes e Peças",0,1,-1
09/2021,Com. Var. de Art. de Papelaria,0,1,-1
09/2021,Com. Var. de Art. do Vestuário e Acessórios,1,0,1
09/2021,Com. Var. de Hortifrutigranjeiros,0,1,-1
09/2021,"Com. Var. de Cosméticos, Produtos de Perfumaria e de Higiene Pessoal",0,2,-2
09/2021,Com. Var. de Animais Vivos e de Art. e Alimentos para Animais de Estimação,1,0,1
09/2021,Com. a Var. de Peças e Acessórios Novos para Veíc. Autom.,0,1,-1
09/2021,Com. Var. de Art. de Joalheria,1,0,1
09/2021,Com. a Var. de Peças e Acessórios Novos para Veíc. Autom.,0,1,-1
09/2021,"Com. Var. de Produtos Farmac., sem Manip. de Fórmulas",1,2,-1
09/2021,Serv. de Manutenção e Reparação Mecânica de Veíc. Autom.,0,2,-2
09/2021,Com. Var. de Produtos Saneantes Domissanitários,1,0,1
09/2021,Com. Var. de Art. do Vestuário e Acessórios,0,1,-1
09/2021,Com. Var. de Art. de óptica,2,0,2
09/2021,Com. Atac. Especial. em Outros Produtos Alim. não Especif. Ant.,1,0,1
09/2021,Com. Var. de Livros,1,1,0
09/2021,Com. Atac. de Componentes Eletrônicos e Equip. de Telefonia e Comunicação,5,0,5
09/2021,Com. Var. Especial. de Equip. de Telefonia e Comunicação,1,0,1
09/2021,Com. a Var. de Pneumáticos e Câmaras-De-Ar,1,0,1
09/2021,Serv. de Manutenção e Reparação Mecânica de Veíc. Autom.,1,0,1
09/2021,Padaria e Confeitaria com Pred. de Revenda,2,1,1
09/2021,Padaria e Confeitaria com Pred. de Revenda,2,0,2
09/2021,Padaria e Confeitaria com Pred. de Revenda,1,0,1
09/2021,Com. Var. de Art. do Vestuário e Acessórios,1,0,1
09/2021,Com. Var. de Móveis,0,5,-5
09/2021,Com. Var. de Jornais e Revistas,1,0,1
09/2021,"Com. Var. de Doces, Balas, Bombons e Semelhantes",1,1,0
09/2021,"Serv. de Lavagem, Lubrificação e Polimento de Veíc. Autom.",1,0,1
09/2021,Com. a Var. de Peças e Acessórios Novos para Veíc. Autom.,1,0,1
09/2021,"Com. Atac. de Máquinas e Equip. para Uso Industrial, Partes e Peças",0,1,-1
09/2021,Com. Var. de Art. do Vestuário e Acessórios,0,1,-1
09/2021,Com. Var. de Art. do Vestuário e Acessórios,3,0,3
09/2021,"Com. Var. de Merc. em Geral, com Pred. de Produtos Alim. - Minimercados, Mercearias e Armazéns",1,1,0
09/2021,Com. Var. de Art. do Vestuário e Acessórios,1,1,0
09/2021,Com. Var. de Comb. para Veíc. Autom.,1,1,0
09/2021,Com. Var. de Bebidas,1,1,0
09/2021,"Com. Atac. de Outras Máquinas e Equip. não Especif. Ant., Partes e Peças",2,7,-5
09/2021,"Com. Var. de Merc. em Geral, com Pred. de Produtos Alim. - Minimercados, Mercearias e Armazéns",1,0,1
09/2021,Com. Atac. de Ferragens e Ferramentas,1,1,0
09/2021,Com. Var. de Móveis,0,1,-1
09/2021,"Com. Var. de Doces, Balas, Bombons e Semelhantes",1,0,1
09/2021,"Com. Var. de Produtos Farmac., sem Manip. de Fórmulas",1,0,1
09/2021,Padaria e Confeitaria com Pred. de Revenda,1,0,1
09/2021,Com. Var. de Hortifrutigranjeiros,1,0,1
09/2021,Serv. de Manutenção e Reparação Mecânica de Veíc. Autom.,1,0,1
09/2021,Com. Var. Especial. de Equip. de Telefonia e Comunicação,1,0,1
09/2021,Com. Atac. de Ferragens e Ferramentas,1,1,0
09/2021,Com. Var. de Bebidas,0,1,-1
09/2021,"Com. Var. de Suvenires, Bijuterias e Artesanatos",2,0,2
09/2021,"Com. Var. de Merc. em Geral, com Pred. de Produtos Alim. - Minimercados, Mercearias e Armazéns",1,0,1
09/2021,Com. Var. de Art. do Vestuário e Acessórios,2,2,0
09/2021,Com. a Var. de Peças e Acessórios Novos para Veíc. Autom.,1,0,1
09/2021,Com. Var. de Plantas e Flores Naturais,0,1,-1
09/2021,"Com. Atac. de Instrumentos e Mat. para Uso Médico, Cirúrgico, Hospitalar e de Laboratórios",0,1,-1
09/2021,Com. Var. de Animais Vivos e de Art. e Alimentos para Animais de Estimação,1,1,0
09/2021,Padaria e Confeitaria com Pred. de Revenda,1,3,-2
09/2021,Com. Var. de Comb. para Veíc. Autom.,0,1,-1
09/2021,"Lojas de Dep. ou Magazines, Exceto Lojas Francas (Duty Free)",5,4,1
09/2021,Com. Var. de Produtos Alim. em Geral ou Especial. em Produtos Alim. não Especif. Ant.,1,0,1
09/2021,Serv. de Manutenção e Reparação Mecânica de Veíc. Autom.,0,1,-1
09/2021,Com. Var. de Art. do Vestuário e Acessórios,0,1,-1
09/2021,Com. Var. de Art. de óptica,5,1,4
09/2021,Com. Var. Especial. de Equip. de Telefonia e Comunicação,1,0,1
09/2021,"Com. a Var. de Automóveis, Camionetas e Utilitários Novos",1,0,1
09/2021,Com. Var. de Outros Art. de Uso Doméstico não Especif. Ant.,1,1,0
09/2021,Com. Var. de Comb. para Veíc. Autom.,1,1,0
09/2021,Com. Atac. de Outros Equip. e Art. de Uso Pessoal e Doméstico não Especif. Ant.,0,1,-1
09/2021,Com. Atac. de Aparelhos Eletrônicos de Uso Pessoal e Doméstico,1,1,0
09/2021,Com. Var. de Calçados,1,0,1
09/2021,Com. Var. de Outros Produtos não Especif. Ant.,0,1,-1
09/2021,Com. Var. de Outros Produtos não Especif. Ant.,1,2,-1
09/2021,Com. Var. de Mat. Hidráulicos,2,0,2
09/2021,Com. Var. de Outros Produtos não Especif. Ant.,1,0,1
09/2021,"Com. Var. de Merc. em Geral, com Pred. de Produtos Alim. - Minimercados, Mercearias e Armazéns",2,1,1
09/2021,"Com. Var. de Merc. em Geral, com Pred. de Produtos Alim. - Minimercados, Mercearias e Armazéns",1,0,1
09/2021,Com. Var. de Móveis,0,1,-1
09/2021,Com. Var. de Calçados,0,1,-1
09/2021,Com. Var. de Art. do Vestuário e Acessórios,1,1,0
09/2021,Com. Var. de Art. do Vestuário e Acessórios,1,2,-1
09/2021,Com. Var. de Móveis,6,0,6
09/2021,Com. Var. de Art. de Joalheria,1,1,0
09/2021,Com. Var. de Art. do Vestuário e Acessórios,1,1,0
09/2021,"Com. Atac. de Frutas, Verduras, Raízes, Tubérculos, Hortaliças e Legumes Frescos",4,1,3
09/2021,"Com. Var. de Produtos Farmac., sem Manip. de Fórmulas",1,0,1
09/2021,Com. Var. de Merc. em Lojas de Conveniência,0,1,-1
09/2021,Com. a Var. de Peças e Acessórios Novos para Veíc. Autom.,0,1,-1
09/2021,Com. Var. de Art. do Vestuário e Acessórios,1,0,1
09/2021,"Com. Atac. de Vidros, Espelhos e Vitrais",0,1,-1
09/2021,"Com. Atac. de Frutas, Verduras, Raízes, Tubérculos, Hortaliças e Legumes Frescos",2,1,1
09/2021,Com. a Var. de Peças e Acessórios Novos para Veíc. Autom.,5,0,5
09/2021,"Com. Var. de Merc. em Geral, com Pred. de Produtos Alim. - Superm.",2,1,1
09/2021,Com. Var. de Hortifrutigranjeiros,2,0,2
09/2021,Com. Var. de Outros Produtos não Especif. Ant.,1,0,1
09/2021,Com. Var. Especial. de Equip. e Suprimentos de Informática,0,1,-1
09/2021,Com. Atac. de Produtos Alim. em Geral,11,11,0
09/2021,Com. a Var. de Peças e Acessórios Novos para Veíc. Autom.,1,0,1
09/2021,Com. Var. de Carnes - Açougues,0,1,-1
09/2021,Serv. de Alinhamento e Balanceamento de Veíc. Autom.,2,0,2
09/2021,"Com. Var. de Merc. em Geral, com Pred. de Produtos Alim. - Minimercados, Mercearias e Armazéns",3,0,3
09/2021,Com. Var. Especial. de Eletrod. e Equip. de áudio e Vídeo,5,5,0
09/2021,Com. Var. de Móveis,0,1,-1
09/2021,Com. Var. de Art. do Vestuário e Acessórios,1,0,1
09/2021,"Com. Var. de Produtos Farmac., sem Manip. de Fórmulas",0,1,-1
09/2021,Com. Var. de Móveis,2,0,2
09/2021,Com. Var. de Art. do Vestuário e Acessórios,2,1,1
09/2021,Com. Atac. Especial. em Outros Produtos Alim. não Especif. Ant.,1,3,-2
09/2021,Com. Var. de Outros Produtos não Especif. Ant.,0,1,-1
09/2021,Com. a Var. de Peças e Acessórios Novos para Veíc. Autom.,1,0,1
09/2021,Com. Var. de Outros Produtos não Especif. Ant.,0,1,-1
09/2021,Com. Var. de Mat. de Const. em Geral,0,1,-1
09/2021,Com. Var. de Art. de óptica,1,0,1
09/2021,Com. Var. de Tintas e Mat. para Pintura,1,0,1
09/2021,"Com. Var. de Cosméticos, Produtos de Perfumaria e de Higiene Pessoal",0,1,-1
09/2021,Com. Var. de Mat. de Const. em Geral,0,2,-2
09/2021,Com. Var. de Hortifrutigranjeiros,0,1,-1
09/2021,Com. Var. de Art. do Vestuário e Acessórios,1,2,-1
09/2021,Com. Var. de Animais Vivos e de Art. e Alimentos para Animais de Estimação,1,0,1
09/2021,Com. Atac. de Cosméticos e Produtos de Perfumaria,1,3,-2
09/2021,Com. Var. de Hortifrutigranjeiros,1,0,1
09/2021,Com. Var. de Calçados,0,4,-4
09/2021,"Com. Var. de Doces, Balas, Bombons e Semelhantes",0,1,-1
09/2021,Com. a Var. de Peças e Acessórios Novos para Veíc. Autom.,0,1,-1
09/2021,Com. Var. de Outros Produtos não Especif. Ant.,1,1,0
09/2021,Com. Var. de Livros,0,1,-1
09/2021,Com. Var. de Produtos Alim. em Geral ou Especial. em Produtos Alim. não Especif. Ant.,0,2,-2
09/2021,Com. Var. de Outros Produtos não Especif. Ant.,1,0,1
09/2021,Padaria e Confeitaria com Pred. de Revenda,0,1,-1
09/2021,Com. Var. de Hortifrutigranjeiros,1,0,1
09/2021,Com. Var. de Merc. em Lojas de Conveniência,1,0,1
09/2021,Com. Var. de Merc. em Lojas de Conveniência,1,1,0
09/2021,Com. Var. de Art. do Vestuário e Acessórios,0,1,-1
09/2021,"Com. Var. de Cosméticos, Produtos de Perfumaria e de Higiene Pessoal",1,1,0
09/2021,"Lojas de Variedades, Exceto Lojas de Dep. ou Magazines",1,0,1
09/2021,Com. Var. de Laticínios e Frios,0,1,-1
09/2021,Com. Var. de Art. do Vestuário e Acessórios,1,0,1
09/2021,Serv. de Borracharia para Veíc. Autom.,2,1,1
09/2021,Padaria e Confeitaria com Pred. de Revenda,0,3,-3
09/2021,Com. Var. de Bebidas,0,1,-1
09/2021,"Com. Var. de Cosméticos, Produtos de Perfumaria e de Higiene Pessoal",0,1,-1
09/2021,Com. Var. Especial. de Equip. e Suprimentos de Informática,2,1,1
09/2021,Com. Var. de Produtos Alim. em Geral ou Especial. em Produtos Alim. não Especif. Ant.,0,3,-3
09/2021,Com. Var. de Art. de Joalheria,0,1,-1
09/2021,Com. Var. de Comb. para Veíc. Autom.,0,1,-1
09/2021,"Com. Var. de Merc. em Geral, com Pred. de Produtos Alim. - Minimercados, Mercearias e Armazéns",1,0,1
09/2021,Com. Var. de Art. do Vestuário e Acessórios,1,1,0
09/2021,Com. Var. de Art. do Vestuário e Acessórios,1,1,0
09/2021,Com. Var. de Animais Vivos e de Art. e Alimentos para Animais de Estimação,1,1,0
09/2021,Com. Var. de Animais Vivos e de Art. e Alimentos para Animais de Estimação,2,2,0
09/2021,Com. Var. de Móveis,0,1,-1
09/2021,Com. Var. de Tecidos,1,0,1
09/2021,Com. Var. de Carnes - Açougues,2,1,1
09/2021,"Com. Atac. de Máquinas e Equip. para Uso Industrial, Partes e Peças",1,0,1
09/2021,"Com. Atac. de Merc. em Geral, sem Pred. de Alimentos ou de Insumos Agropecuários",0,3,-3
09/2021,Serv. de Manutenção e Reparação Elétrica de Veíc. Autom.,0,2,-2
09/2021,Com. Var. de Merc. em Lojas de Conveniência,1,0,1
09/2021,Padaria e Confeitaria com Pred. de Revenda,2,0,2
09/2021,Com. Var. de Art. do Vestuário e Acessórios,0,1,-1
09/2021,Com. Var. de Art. do Vestuário e Acessórios,1,0,1
09/2021,Com. Var. de Merc. em Lojas de Conveniência,0,2,-2
09/2021,Com. Var. de Art. do Vestuário e Acessórios,1,0,1
09/2021,Serv. de Lanternagem ou Funilaria e Pintura de Veíc. Autom.,2,2,0
09/2021,"Com. Var. Especial. de Peças e Acessórios para Aparelhos Eletroeletrônicos para Uso Doméstico, Exceto Informática e Comunicação",0,1,-1
09/2021,Com. Var. de Produtos Alim. em Geral ou Especial. em Produtos Alim. não Especif. Ant.,0,1,-1
09/2021,Com. Var. de Carnes - Açougues,0,1,-1
09/2021,Com. Var. de Produtos Alim. em Geral ou Especial. em Produtos Alim. não Especif. Ant.,2,1,1
09/2021,Com. Var. de Art. de Relojoaria,0,1,-1
09/2021,Com. Var. de Produtos Alim. em Geral ou Especial. em Produtos Alim. não Especif. Ant.,0,2,-2
09/2021,Com. Var. de Brinquedos e Art. Recreativos,1,0,1
09/2021,Com. Var. de Outros Produtos não Especif. Ant.,1,0,1
09/2021,Com. Var. de Outros Produtos não Especif. Ant.,1,0,1
09/2021,"Com. Var. de Merc. em Geral, com Pred. de Produtos Alim. - Minimercados, Mercearias e Armazéns",1,0,1
09/2021,Com. Var. de Outros Produtos não Especif. Ant.,0,1,-1
09/2021,Com. Var. de Calçados,1,0,1
09/2021,Com. Var. de Calçados,1,1,0
09/2021,"Com. Var. de Cosméticos, Produtos de Perfumaria e de Higiene Pessoal",1,3,-2
09/2021,Com. Var. de Art. do Vestuário e Acessórios,1,1,0
09/2021,Com. Var. de Outros Produtos não Especif. Ant.,2,1,1
09/2021,Com. Var. de Art. do Vestuário e Acessórios,0,1,-1
09/2021,Com. Var. de Art. de óptica,0,1,-1
09/2021,Com. Var. de Mat. de Const. não Especif. Ant.,1,0,1
09/2021,Com. Var. de Mat. de Const. em Geral,5,2,3
09/2021,"Com. a Var. de Automóveis, Camionetas e Utilitários Novos",1,3,-2
09/2021,"Com. Atac. de Frutas, Verduras, Raízes, Tubérculos, Hortaliças e Legumes Frescos",1,0,1
09/2021,Com. Var. de Outros Produtos não Especif. Ant.,0,1,-1
09/2021,Com. a Var. de Pneumáticos e Câmaras-De-Ar,0,1,-1
09/2021,"Com. Var. de Cosméticos, Produtos de Perfumaria e de Higiene Pessoal",0,1,-1
09/2021,Com. Var. de Bebidas,0,1,-1
09/2021,Serv. de Manutenção e Reparação Mecânica de Veíc. Autom.,2,0,2
09/2021,Com. Var. de Calçados,0,2,-2
09/2021,Peixaria,1,0,1
09/2021,Com. Var. de Art. do Vestuário e Acessórios,0,1,-1
09/2021,Com. Var. de Art. do Vestuário e Acessórios,0,1,-1
09/2021,Com. Var. de Art. do Vestuário e Acessórios,2,0,2
09/2021,Com. Var. de Art. do Vestuário e Acessórios,0,1,-1
09/2021,Com. Var. de Art. de óptica,1,2,-1
09/2021,Com. Var. de Art. do Vestuário e Acessórios,0,1,-1
09/2021,Com. Var. de Art. do Vestuário e Acessórios,1,1,0
09/2021,Com. Var. de Art. do Vestuário e Acessórios,1,0,1
09/2021,Com. Var. de Produtos Alim. em Geral ou Especial. em Produtos Alim. não Especif. Ant.,1,0,1
09/2021,"Com. Var. de Merc. em Geral, com Pred. de Produtos Alim. - Minimercados, Mercearias e Armazéns",5,4,1
09/2021,Com. Var. de Art. do Vestuário e Acessórios,0,2,-2
09/2021,"Com. Var. de Merc. em Geral, com Pred. de Produtos Alim. - Hipermercados",12,7,5
09/2021,Com. Var. de Art. do Vestuário e Acessórios,0,1,-1
09/2021,Com. Var. de Art. do Vestuário e Acessórios,1,1,0
09/2021,"Com. a Var. de Automóveis, Camionetas e Utilitários Usados",0,1,-1
09/2021,Com. Var. de Art. de Joalheria,0,1,-1
09/2021,"Serv. de Lavagem, Lubrificação e Polimento de Veíc. Autom.",1,0,1
09/2021,"Com. Var. de Merc. em Geral, com Pred. de Produtos Alim. - Superm.",5,1,4
09/2021,Com. Var. de Móveis,1,0,1
09/2021,Com. Var. de Outros Produtos não Especif. Ant.,1,0,1
09/2021,"Serv. de Lavagem, Lubrificação e Polimento de Veíc. Autom.",1,1,0
09/2021,Com. Var. de Art. do Vestuário e Acessórios,1,0,1
09/2021,Com. Var. de Art. do Vestuário e Acessórios,0,1,-1
09/2021,Com. Var. de Art. do Vestuário e Acessórios,0,2,-2
09/2021,Com. Var. de Pedras para Revestimento,1,0,1
09/2021,Com. Var. de Art. de Viagem,1,0,1
09/2021,Com. a Var. de Peças e Acessórios Novos para Veíc. Autom.,0,1,-1
09/2021,Com. Var. de Hortifrutigranjeiros,2,2,0
09/2021,Com. por Atacado de Pneumáticos e Câmaras-De-Ar,1,0,1
09/2021,Manutenção e Reparação de Motocicletas e Motonetas,1,0,1
09/2021,Com. Var. de Art. do Vestuário e Acessórios,1,0,1
09/2021,Com. Var. de Art. do Vestuário e Acessórios,2,1,1
09/2021,"Com. Var. de Suvenires, Bijuterias e Artesanatos",1,0,1
09/2021,Com. Var. de Calçados,1,0,1
09/2021,Com. Atac. de Produtos Alim. em Geral,3,9,-6
09/2021,Serv. de Manutenção e Reparação Mecânica de Veíc. Autom.,0,1,-1
09/2021,Com. Var. Especial. de Equip. de Telefonia e Comunicação,0,2,-2
09/2021,Com. Atac. Especial. em Outros Produtos Alim. não Especif. Ant.,15,4,11
09/2021,Com. Var. de Art. de Papelaria,1,1,0
09/2021,Com. Var. de Outros Produtos não Especif. Ant.,0,1,-1
09/2021,Com. Var. de Mat. de Const. não Especif. Ant.,1,1,0
09/2021,"Com. Atac. de Art. do Vestuário e Acessórios, Exceto Profissionais e de Segurança",1,0,1
09/2021,Com. Var. de Art. do Vestuário e Acessórios,1,0,1
09/2021,Com. Var. de Hortifrutigranjeiros,1,0,1
09/2021,Serv. de Manutenção e Reparação Elétrica de Veíc. Autom.,1,0,1
09/2021,Com. Var. de Art. do Vestuário e Acessórios,1,1,0
09/2021,Com. a Var. de Motocicletas e Motonetas Usadas,2,0,2
09/2021,"Lojas de Variedades, Exceto Lojas de Dep. ou Magazines",1,1,0
09/2021,Com. Var. de Plantas e Flores Naturais,1,1,0
09/2021,Com. Var. de Art. do Vestuário e Acessórios,3,4,-1
09/2021,Com. Var. de Material Elétrico,0,1,-1
09/2021,Com. Var. de Art. Esportivos,1,1,0
09/2021,Com. Var. de Art. do Vestuário e Acessórios,3,0,3
09/2021,"Com. Var. de Merc. em Geral, com Pred. de Produtos Alim. - Minimercados, Mercearias e Armazéns",1,1,0
09/2021,Com. Var. Especial. de Equip. de Telefonia e Comunicação,1,0,1
09/2021,Com. Var. de Art. do Vestuário e Acessórios,0,1,-1
09/2021,"Com. Var. de Produtos Farmac., sem Manip. de Fórmulas",1,0,1
09/2021,"Com. Var. de Merc. em Geral, com Pred. de Produtos Alim. - Superm.",2,2,0
09/2021,"Serv. de Lavagem, Lubrificação e Polimento de Veíc. Autom.",0,1,-1
09/2021,Com. Var. de Art. Médicos e Ortopédicos,0,2,-2
09/2021,Com. Var. de Outros Art. de Uso Doméstico não Especif. Ant.,2,2,0
09/2021,Com. Var. de Art. de óptica,1,1,0
09/2021,Com. Var. de Outros Produtos não Especif. Ant.,1,0,1
09/2021,Com. Var. Especial. de Eletrod. e Equip. de áudio e Vídeo,1,1,0
09/2021,Com. Var. Especial. de Equip. e Suprimentos de Informática,1,0,1
09/2021,"Com. Var. de Doces, Balas, Bombons e Semelhantes",0,1,-1
09/2021,Serv. de Borracharia para Veíc. Autom.,2,3,-1
09/2021,Com. Var. Especial. de Eletrod. e Equip. de áudio e Vídeo,0,1,-1
09/2021,Com. Var. Especial. de Eletrod. e Equip. de áudio e Vídeo,46,46,0
09/2021,Com. Var. Especial. de Eletrod. e Equip. de áudio e Vídeo,6,3,3
09/2021,Com. Var. Especial. de Eletrod. e Equip. de áudio e Vídeo,4,5,-1
09/2021,Com. Var. Especial. de Eletrod. e Equip. de áudio e Vídeo,0,3,-3
09/2021,Com. Var. Especial. de Eletrod. e Equip. de áudio e Vídeo,6,15,-9
09/2021,Com. Var. Especial. de Eletrod. e Equip. de áudio e Vídeo,1,0,1
09/2021,Com. Var. Especial. de Equip. de Telefonia e Comunicação,2,1,1
09/2021,"Com. Var. de Merc. em Geral, com Pred. de Produtos Alim. - Minimercados, Mercearias e Armazéns",5,3,2
09/2021,"Com. Var. de Merc. em Geral, com Pred. de Produtos Alim. - Minimercados, Mercearias e Armazéns",0,1,-1
09/2021,Com. Var. de Art. do Vestuário e Acessórios,5,8,-3
09/2021,Com. Var. de Art. do Vestuário e Acessórios,3,4,-1
09/2021,Com. Var. Especial. de Equip. de Telefonia e Comunicação,2,0,2
09/2021,Com. Var. de Art. do Vestuário e Acessórios,1,1,0
09/2021,Com. Var. de Art. Médicos e Ortopédicos,2,0,2
09/2021,Com. Atac. de Outros Produtos Químicos e Petroquímicos não Especif. Ant.,1,0,1
09/2021,Com. a Var. de Motocicletas e Motonetas Usadas,0,1,-1
09/2021,Com. Var. Especial. de Equip. de Telefonia e Comunicação,0,1,-1
09/2021,Com. Var. de Art. de óptica,1,0,1
09/2021,Com. a Var. de Peças e Acessórios Novos para Veíc. Autom.,1,0,1
09/2021,Com. Var. de Art. de óptica,0,1,-1
09/2021,Com. Var. de Hortifrutigranjeiros,7,2,5
09/2021,"Com. Var. de Doces, Balas, Bombons e Semelhantes",1,0,1
09/2021,"Com. Var. de Doces, Balas, Bombons e Semelhantes",0,1,-1
09/2021,Com. Var. de Móveis,1,0,1
09/2021,Serv. de Manutenção e Reparação Mecânica de Veíc. Autom.,0,1,-1
09/2021,Com. Var. de Calçados,1,1,0
09/2021,Com. Var. de Outros Art. de Uso Doméstico não Especif. Ant.,1,1,0
09/2021,Com. Var. de Produtos Alim. em Geral ou Especial. em Produtos Alim. não Especif. Ant.,2,0,2
09/2021,Serv. de Lanternagem ou Funilaria e Pintura de Veíc. Autom.,2,1,1
09/2021,Com. Var. de Art. Esportivos,2,1,1
09/2021,Com. Var. de Outros Art. Usados,2,3,-1
09/2021,Com. Var. de Outros Art. Usados,3,0,3
09/2021,Com. Var. de Art. do Vestuário e Acessórios,1,0,1
09/2021,"Com. Var. de Merc. em Geral, com Pred. de Produtos Alim. - Minimercados, Mercearias e Armazéns",0,1,-1
09/2021,Com. Var. de Animais Vivos e de Art. e Alimentos para Animais de Estimação,2,0,2
09/2021,Com. Var. de Outros Produtos não Especif. Ant.,1,1,0
09/2021,"Com. Atac. de Outras Máquinas e Equip. não Especif. Ant., Partes e Peças",14,8,6
09/2021,"Com. Atac. de Outras Máquinas e Equip. não Especif. Ant., Partes e Peças",6,2,4
09/2021,Com. Var. de Merc. em Lojas de Conveniência,0,1,-1
09/2021,"Com. Var. de Produtos Farmac., com Manip. de Fórmulas",1,0,1
09/2021,"Com. Var. de Produtos Farmac., sem Manip. de Fórmulas",1,2,-1
09/2021,Com. Var. de Art. de Iluminação,1,0,1
09/2021,Com. Var. de Livros,1,0,1
09/2021,"Com. Var. de Produtos Farmac., sem Manip. de Fórmulas",5,1,4
09/2021,Com. Var. de Calçados,2,0,2
09/2021,Com. Var. de Art. de óptica,1,2,-1
09/2021,Padaria e Confeitaria com Pred. de Revenda,1,0,1
09/2021,Com. Var. de Art. de óptica,1,1,0
09/2021,Com. Var. de Art. Médicos e Ortopédicos,0,1,-1
09/2021,Com. Var. de Art. do Vestuário e Acessórios,2,0,2
09/2021,Com. Var. de Art. do Vestuário e Acessórios,1,0,1
09/2021,Com. Var. de Móveis,1,0,1
09/2021,Com. Var. de Art. do Vestuário e Acessórios,0,1,-1
09/2021,"Com. Atac. de Frutas, Verduras, Raízes, Tubérculos, Hortaliças e Legumes Frescos",3,0,3
09/2021,"Com. Var. de Merc. em Geral, com Pred. de Produtos Alim. - Minimercados, Mercearias e Armazéns",1,0,1
09/2021,"Lojas de Variedades, Exceto Lojas de Dep. ou Magazines",0,2,-2
09/2021,Com. Var. de Produtos Alim. em Geral ou Especial. em Produtos Alim. não Especif. Ant.,0,1,-1
09/2021,Com. Var. de Bebidas,0,1,-1
09/2021,Com. Var. de Outros Art. de Uso Doméstico não Especif. Ant.,1,1,0
09/2021,Com. Var. de Art. do Vestuário e Acessórios,0,1,-1
09/2021,Serv. de Manutenção e Reparação Mecânica de Veíc. Autom.,0,1,-1
09/2021,"Com. Var. de Produtos Farmac., sem Manip. de Fórmulas",1,0,1
09/2021,"Com. Var. de Produtos Farmac., sem Manip. de Fórmulas",1,0,1
09/2021,Com. Var. de Móveis,1,0,1
09/2021,"Com. Var. de Produtos Farmac., sem Manip. de Fórmulas",1,1,0
09/2021,Com. Var. de Outros Produtos não Especif. Ant.,0,1,-1
09/2021,Com. Var. de Art. do Vestuário e Acessórios,2,1,1
09/2021,Com. Var. de Ferragens e Ferramentas,2,1,1
09/2021,Com. Var. de Art. do Vestuário e Acessórios,0,1,-1
09/2021,Com. a Var. de Motocicletas e Motonetas Novas,1,0,1
09/2021,Com. Var. de Art. do Vestuário e Acessórios,2,0,2
09/2021,Com. a Var. de Motocicletas e Motonetas Novas,2,1,1
09/2021,Com. Var. de Art. do Vestuário e Acessórios,0,1,-1
09/2021,Com. Var. de Animais Vivos e de Art. e Alimentos para Animais de Estimação,1,0,1
09/2021,Com. Var. de Art. do Vestuário e Acessórios,0,2,-2
09/2021,Com. Var. de Art. do Vestuário e Acessórios,1,1,0
09/2021,Com. Var. de Ferragens e Ferramentas,1,0,1
09/2021,Com. Var. de Ferragens e Ferramentas,1,0,1
09/2021,Com. Var. de Animais Vivos e de Art. e Alimentos para Animais de Estimação,3,0,3
09/2021,Com. Atac. de Embalagens,4,2,2
09/2021,Com. Var. de Produtos Alim. em Geral ou Especial. em Produtos Alim. não Especif. Ant.,3,0,3
09/2021,Com. a Var. de Peças e Acessórios Novos para Veíc. Autom.,1,2,-1
09/2021,Lojas de Dep. ou Magazines (Desativado),0,1,-1
09/2021,"Com. Var. de Merc. em Geral, com Pred. de Produtos Alim. - Superm.",2,0,2
09/2021,"Com. Atac. de Máquinas e Equip. para Uso Industrial, Partes e Peças",3,0,3
09/2021,Com. Var. de Produtos Alim. em Geral ou Especial. em Produtos Alim. não Especif. Ant.,1,0,1
09/2021,Com. Var. de Mat. de Const. não Especif. Ant.,4,0,4
09/2021,Com. Var. de Produtos Alim. em Geral ou Especial. em Produtos Alim. não Especif. Ant.,1,0,1
09/2021,Com. Atac. de Bebidas não Especificadas Ant.,9,5,4
09/2021,Com. Var. Especial. de Eletrod. e Equip. de áudio e Vídeo,3,0,3
09/2021,Com. Atac. de Fios e Fibras Têxteis Beneficiados,2,0,2
09/2021,Com. Var. de Móveis,1,0,1
09/2021,"Com. Atac. de Outras Máquinas e Equip. não Especif. Ant., Partes e Peças",3,0,3
09/2021,Serv. de Manutenção e Reparação Mecânica de Veíc. Autom.,0,1,-1
09/2021,"Com. Var. de Cosméticos, Produtos de Perfumaria e de Higiene Pessoal",1,1,0
09/2021,Com. Var. de Art. de óptica,0,1,-1
09/2021,Com. a Var. de Peças e Acessórios Novos para Veíc. Autom.,2,0,2
09/2021,Com. Var. de Art. Esportivos,1,1,0
09/2021,"Com. Var. de Produtos Farmac., sem Manip. de Fórmulas",5,1,4
09/2021,Com. Var. de Art. do Vestuário e Acessórios,2,2,0
09/2021,"Com. Var. de Produtos Farmac., sem Manip. de Fórmulas",0,1,-1
09/2021,Com. Var. de Art. do Vestuário e Acessórios,1,0,1
09/2021,Com. Var. de Tintas e Mat. para Pintura,1,0,1
09/2021,Com. Var. de Carnes - Açougues,2,1,1
09/2021,Padaria e Confeitaria com Pred. de Revenda,0,1,-1
09/2021,Com. Var. de Art. de óptica,1,0,1
09/2021,Representantes Comerciais e Agentes do Com. de Veíc. Autom.,2,0,2
09/2021,Padaria e Confeitaria com Pred. de Revenda,9,0,9
09/2021,Com. Var. de Art. de Joalheria,1,1,0
09/2021,Com. Var. de Bebidas,1,0,1
09/2021,Com. Var. de Móveis,1,0,1
09/2021,Com. Var. de Art. de óptica,1,0,1
09/2021,"Com. a Var. de Automóveis, Camionetas e Utilitários Novos",2,0,2
09/2021,Padaria e Confeitaria com Pred. de Revenda,1,0,1
09/2021,Com. Var. de Livros,2,0,2
09/2021,Com. Var. de Art. de óptica,1,0,1
09/2021,"Com. Var. de Merc. em Geral, com Pred. de Produtos Alim. - Superm.",1,0,1
09/2021,Com. Var. de Madeira e Artefatos,5,0,5
09/2021,Com. Atac. de Art. de Escritório e de Papelaria,1,1,0
09/2021,Com. Var. de Art. do Vestuário e Acessórios,4,2,2
09/2021,Com. Var. de Art. de óptica,1,0,1
09/2021,Com. Var. Especial. de Eletrod. e Equip. de áudio e Vídeo,2,1,1
09/2021,Com. Var. Especial. de Eletrod. e Equip. de áudio e Vídeo,0,2,-2
09/2021,Com. Atac. de Medicamentos e Drogas de Uso Humano,0,2,-2
09/2021,Com. Var. de Outros Produtos não Especif. Ant.,0,1,-1
09/2021,Com. Atac. de Resíduos de Papel e Papelão,1,0,1
09/2021,Com. Var. de Art. do Vestuário e Acessórios,14,4,10
09/2021,Com. Var. de Art. do Vestuário e Acessórios,14,6,8
09/2021,Com. Var. de Calçados,0,1,-1
09/2021,Com. Var. de Calçados,0,1,-1
09/2021,Com. Var. de Calçados,0,2,-2
09/2021,Com. Var. de Calçados,1,0,1
09/2021,"Com. Var. de Merc. em Geral, com Pred. de Produtos Alim. - Hipermercados",7,14,-7
09/2021,Com. Var. de Comb. para Veíc. Autom.,4,0,4
09/2021,Com. Atac. de Material Elétrico,0,1,-1
09/2021,Com. Var. de Art. do Vestuário e Acessórios,4,2,2
09/2021,Com. Var. de Art. de Papelaria,1,0,1
09/2021,Com. Var. de Madeira e Artefatos,4,2,2
09/2021,Com. Atac. de Produtos Alim. em Geral,4,3,1
09/2021,Com. Var. de Móveis,1,0,1
09/2021,Com. Var. de Art. do Vestuário e Acessórios,2,0,2
09/2021,Com. Var. de Art. do Vestuário e Acessórios,3,1,2
09/2021,Com. Var. de Art. do Vestuário e Acessórios,2,1,1
09/2021,"Com. Var. de Merc. em Geral, com Pred. de Produtos Alim. - Superm.",2,5,-3
09/2021,"Com. Var. de Merc. em Geral, com Pred. de Produtos Alim. - Superm.",8,2,6
09/2021,Com. Var. de Plantas e Flores Naturais,0,2,-2
09/2021,"Com. Atac. de Chocolates, Confeitos, Balas, Bombons e Semelhantes",1,1,0
09/2021,"Lojas de Dep. ou Magazines, Exceto Lojas Francas (Duty Free)",1,5,-4
09/2021,"Lojas de Dep. ou Magazines, Exceto Lojas Francas (Duty Free)",1,2,-1
09/2021,Com. Var. de Lubrificantes,0,1,-1
09/2021,"Com. Var. de Merc. em Geral, com Pred. de Produtos Alim. - Superm.",1,0,1
09/2021,"Com. Var. de Merc. em Geral, com Pred. de Produtos Alim. - Minimercados, Mercearias e Armazéns",0,1,-1
09/2021,Com. Var. de Comb. para Veíc. Autom.,0,1,-1
09/2021,"Com. Var. de Cosméticos, Produtos de Perfumaria e de Higiene Pessoal",0,1,-1
09/2021,"Com. Var. de Cosméticos, Produtos de Perfumaria e de Higiene Pessoal",1,0,1
09/2021,"Com. Var. de Art. de Caça, Pesca e Camping",1,0,1
09/2021,Com. a Var. de Peças e Acessórios Novos para Veíc. Autom.,0,1,-1
09/2021,Com. Var. de Mat. de Const. não Especif. Ant.,0,1,-1
09/2021,Com. Var. de Comb. para Veíc. Autom.,2,1,1
09/2021,"Com. Var. de Merc. em Geral, com Pred. de Produtos Alim. - Superm.",0,3,-3
09/2021,Com. Var. de Comb. para Veíc. Autom.,1,0,1
09/2021,Com. Var. de Mat. de Const. em Geral,2,2,0
09/2021,Com. a Var. de Peças e Acessórios Novos para Veíc. Autom.,1,1,0
09/2021,Com. Var. de Comb. para Veíc. Autom.,1,1,0
09/2021,"Com. a Var. de Automóveis, Camionetas e Utilitários Novos",0,2,-2
09/2021,Com. Atac. Especial. em Outros Produtos Intermediários não Especif. Ant.,0,2,-2
09/2021,Com. Var. de Art. de Joalheria,1,0,1
09/2021,Com. a Var. de Peças e Acessórios Novos para Veíc. Autom.,0,1,-1
09/2021,Com. a Var. de Peças e Acessórios Novos para Veíc. Autom.,0,2,-2
09/2021,Com. Atac. de Ferragens e Ferramentas,0,1,-1
09/2021,"Com. Var. de Merc. em Geral, com Pred. de Produtos Alim. - Minimercados, Mercearias e Armazéns",0,1,-1
09/2021,Com. a Var. de Motocicletas e Motonetas Novas,1,0,1
09/2021,Padaria e Confeitaria com Pred. de Revenda,0,1,-1
09/2021,"Com. Var. de Merc. em Geral, com Pred. de Produtos Alim. - Superm.",0,4,-4
09/2021,"Com. Var. de Merc. em Geral, com Pred. de Produtos Alim. - Superm.",0,10,-10
09/2021,"Com. Var. de Merc. em Geral, com Pred. de Produtos Alim. - Superm.",0,2,-2
09/2021,"Com. Var. de Merc. em Geral, com Pred. de Produtos Alim. - Superm.",1,4,-3
09/2021,Com. Var. de Comb. para Veíc. Autom.,2,3,-1
09/2021,"Com. Var. de Merc. em Geral, com Pred. de Produtos Alim. - Superm.",7,7,0
09/2021,"Com. Var. de Merc. em Geral, com Pred. de Produtos Alim. - Superm.",1,1,0
09/2021,"Com. Var. de Merc. em Geral, com Pred. de Produtos Alim. - Superm.",20,14,6
09/2021,"Com. Var. de Merc. em Geral, com Pred. de Produtos Alim. - Superm.",1,3,-2
09/2021,"Com. Var. de Merc. em Geral, com Pred. de Produtos Alim. - Superm.",15,6,9
09/2021,Com. Atac. de Produtos Alim. em Geral,1,4,-3
09/2021,"Com. Var. de Merc. em Geral, com Pred. de Produtos Alim. - Superm.",0,2,-2
09/2021,"Com. Var. de Merc. em Geral, com Pred. de Produtos Alim. - Superm.",1,2,-1
09/2021,"Com. Var. de Merc. em Geral, com Pred. de Produtos Alim. - Superm.",0,4,-4
09/2021,"Com. Var. de Merc. em Geral, com Pred. de Produtos Alim. - Superm.",5,1,4
09/2021,"Com. Var. de Merc. em Geral, com Pred. de Produtos Alim. - Superm.",18,20,-2
09/2021,"Com. Var. de Merc. em Geral, com Pred. de Produtos Alim. - Superm.",9,5,4
09/2021,Com. Var. de Comb. para Veíc. Autom.,2,2,0
09/2021,"Com. a Var. de Automóveis, Camionetas e Utilitários Novos",0,2,-2
09/2021,Com. Var. de Mat. de Const. não Especif. Ant.,0,1,-1
09/2021,Com. Var. de Mat. de Const. não Especif. Ant.,0,1,-1
09/2021,Com. a Var. de Peças e Acessórios Novos para Veíc. Autom.,0,2,-2
09/2021,Com. Var. de Mat. de Const. em Geral,1,0,1
09/2021,"Com. Var. de Merc. em Geral, com Pred. de Produtos Alim. - Superm.",1,10,-9
09/2021,"Com. Var. de Merc. em Geral, com Pred. de Produtos Alim. - Superm.",5,3,2
09/2021,"Com. Var. de Merc. em Geral, com Pred. de Produtos Alim. - Superm.",3,2,1
09/2021,"Com. Var. de Merc. em Geral, com Pred. de Produtos Alim. - Superm.",0,1,-1
09/2021,"Com. Var. de Merc. em Geral, com Pred. de Produtos Alim. - Superm.",0,4,-4
09/2021,Com. Var. de Comb. para Veíc. Autom.,1,1,0
09/2021,"Com. Atac. de Frutas, Verduras, Raízes, Tubérculos, Hortaliças e Legumes Frescos",1,4,-3
09/2021,"Com. Var. de Produtos Farmac., sem Manip. de Fórmulas",0,1,-1
09/2021,Com. Var. de Outros Art. de Uso Doméstico não Especif. Ant.,1,0,1
09/2021,Com. Var. de Outros Produtos não Especif. Ant.,0,2,-2
09/2021,Com. Var. de Produtos Alim. em Geral ou Especial. em Produtos Alim. não Especif. Ant.,0,1,-1
09/2021,Com. Atac. de Resíduos e Sucatas Metálicos,0,3,-3
09/2021,Com. a Var. de Motocicletas e Motonetas Novas,5,1,4
09/2021,Com. Var. de Mat. de Const. em Geral,1,0,1
09/2021,"Com. Var. de Produtos Farmac., sem Manip. de Fórmulas",0,1,-1
09/2021,Com. Atac. de Art. de Escritório e de Papelaria,1,2,-1
09/2021,"Com. Atac. de Máquinas, Aparelhos e Equip. para Uso Agropecuário, Partes e Peças",8,8,0
09/2021,Com. Var. de Ferragens e Ferramentas,1,1,0
09/2021,Com. Atac. de Produtos Alim. em Geral,3,1,2
09/2021,Com. Var. de Mat. de Const. em Geral,1,1,0
09/2021,Com. Var. de Calçados,0,2,-2
09/2021,Com. Var. de Calçados,5,1,4
09/2021,Com. Var. de Outros Produtos não Especif. Ant.,0,1,-1
09/2021,"Com. Var. de Produtos Farmac., com Manip. de Fórmulas",4,4,0
09/2021,Comercio Var. de Art. de Armarinho,1,0,1
09/2021,Com. a Var. de Peças e Acessórios Novos para Veíc. Autom.,2,1,1
09/2021,Com. por Atacado de Peças e Acessórios Novos para Veíc. Autom.,0,1,-1
09/2021,Padaria e Confeitaria com Pred. de Revenda,3,2,1
09/2021,Com. Var. de Animais Vivos e de Art. e Alimentos para Animais de Estimação,1,0,1
09/2021,"Com. Atac. de Outras Máquinas e Equip. não Especif. Ant., Partes e Peças",3,3,0
09/2021,Serv. de Borracharia para Veíc. Autom.,0,1,-1
09/2021,Serv. de Manutenção e Reparação Mecânica de Veíc. Autom.,0,1,-1
09/2021,Serv. de Manutenção e Reparação Mecânica de Veíc. Autom.,0,1,-1
09/2021,"Com. Var. de Merc. em Geral, com Pred. de Produtos Alim. - Minimercados, Mercearias e Armazéns",0,1,-1
09/2021,"Com. Var. de Merc. em Geral, com Pred. de Produtos Alim. - Minimercados, Mercearias e Armazéns",2,0,2
09/2021,"Com. a Var. de Automóveis, Camionetas e Utilitários Novos",6,7,-1
09/2021,Serv. de Manutenção e Reparação Mecânica de Veíc. Autom.,2,0,2
09/2021,Com. Var. de Livros,0,1,-1
09/2021,Com. Var. de Art. do Vestuário e Acessórios,1,0,1
09/2021,"Com. Var. de Produtos Farmac., com Manip. de Fórmulas",0,1,-1
09/2021,Com. Atac. de Outros Equip. e Art. de Uso Pessoal e Doméstico não Especif. Ant.,6,2,4
09/2021,"Com. Atac. de Máquinas, Aparelhos e Equip. para Uso Agropecuário, Partes e Peças",5,0,5
09/2021,Com. a Var. de Peças e Acessórios Novos para Veíc. Autom.,0,1,-1
09/2021,Com. Var. de Produtos Saneantes Domissanitários,1,0,1
09/2021,"Com. Atac. de Bicicletas, Triciclos e Outros Veíc. Recreativos",0,1,-1
09/2021,Com. Var. Especial. de Eletrod. e Equip. de áudio e Vídeo,3,0,3
09/2021,Com. Var. Especial. de Eletrod. e Equip. de áudio e Vídeo,3,5,-2
09/2021,Com. Atac. de Material Elétrico,1,0,1
09/2021,Com. Var. de Mat. de Const. não Especif. Ant.,0,1,-1
09/2021,Com. Var. de Art. de Papelaria,1,0,1
09/2021,Com. Var. de Comb. para Veíc. Autom.,1,0,1
09/2021,Com. a Var. de Peças e Acessórios para Motocicletas e Motonetas (Desativado),0,1,-1
09/2021,"Com. Var. de Suvenires, Bijuterias e Artesanatos",1,0,1
09/2021,Com. Var. de Art. de óptica,0,1,-1
09/2021,Com. Var. de Art. Esportivos,1,2,-1
09/2021,"Com. Var. de Produtos Farmac., sem Manip. de Fórmulas",1,1,0
09/2021,Com. Var. de Art. do Vestuário e Acessórios,1,1,0
09/2021,Com. Var. de Art. de Papelaria,1,1,0
09/2021,Com. Var. de Art. do Vestuário e Acessórios,0,1,-1
09/2021,Com. Var. de Outros Produtos não Especif. Ant.,1,0,1
09/2021,Com. Var. de Brinquedos e Art. Recreativos,1,0,1
09/2021,"Com. Atac. de Cerveja, Chope e Refrigerante",15,19,-4
09/2021,Com. Var. de Mat. de Const. em Geral,1,0,1
09/2021,Serv. de Manutenção e Reparação Mecânica de Veíc. Autom.,1,0,1
09/2021,Com. Atac. Especial. em Outros Produtos Intermediários não Especif. Ant.,0,1,-1
09/2021,Comercio Var. de Art. de Armarinho,0,2,-2
09/2021,Com. Var. de Tintas e Mat. para Pintura,0,1,-1
09/2021,Com. Var. de Tintas e Mat. para Pintura,1,0,1
09/2021,Com. Var. de Comb. para Veíc. Autom.,1,0,1
09/2021,Com. a Var. de Peças e Acessórios Novos para Veíc. Autom.,1,0,1
09/2021,Com. a Var. de Peças e Acessórios Novos para Veíc. Autom.,0,1,-1
09/2021,Com. por Atacado de Peças e Acessórios Novos para Veíc. Autom.,0,1,-1
09/2021,Com. Var. de Mat. de Const. não Especif. Ant.,0,1,-1
09/2021,Com. a Var. de Peças e Acessórios Novos para Veíc. Autom.,0,1,-1
09/2021,"Lojas de Dep. ou Magazines, Exceto Lojas Francas (Duty Free)",2,3,-1
09/2021,"Lojas de Dep. ou Magazines, Exceto Lojas Francas (Duty Free)",2,3,-1
09/2021,Com. Atac. de Cosméticos e Produtos de Perfumaria,0,1,-1
09/2021,"Com. Atac. de Cerveja, Chope e Refrigerante",2,3,-1
09/2021,Com. Var. de Art. do Vestuário e Acessórios,0,3,-3
09/2021,Com. Atac. de Art. de Escritório e de Papelaria,0,4,-4
09/2021,"Com. Var. de Merc. em Geral, com Pred. de Produtos Alim. - Superm.",6,7,-1
09/2021,"Com. Var. de Produtos Farmac., sem Manip. de Fórmulas",0,2,-2
09/2021,"Com. Var. de Produtos Farmac., sem Manip. de Fórmulas",0,2,-2
09/2021,"Com. Var. de Produtos Farmac., sem Manip. de Fórmulas",1,1,0
09/2021,"Com. Atac. de Instrumentos e Mat. para Uso Médico, Cirúrgico, Hospitalar e de Laboratórios",1,1,0
09/2021,"Com. Atac. de Máquinas, Aparelhos e Equip. para Uso Agropecuário, Partes e Peças",1,0,1
09/2021,"Com. Var. de Produtos Farmac., sem Manip. de Fórmulas",1,0,1
09/2021,"Com. Var. de Produtos Farmac., sem Manip. de Fórmulas",1,1,0
09/2021,"Com. Var. de Produtos Farmac., sem Manip. de Fórmulas",1,1,0
09/2021,"Com. Var. de Produtos Farmac., sem Manip. de Fórmulas",3,1,2
09/2021,"Com. Var. de Produtos Farmac., sem Manip. de Fórmulas",1,0,1
09/2021,"Com. Var. de Produtos Farmac., sem Manip. de Fórmulas",0,1,-1
09/2021,"Com. Var. de Produtos Farmac., sem Manip. de Fórmulas",5,2,3
09/2021,"Com. Var. de Produtos Farmac., sem Manip. de Fórmulas",1,1,0
09/2021,"Com. Var. de Produtos Farmac., sem Manip. de Fórmulas",1,2,-1
09/2021,"Com. Var. de Produtos Farmac., sem Manip. de Fórmulas",1,1,0
09/2021,"Com. Var. de Produtos Farmac., sem Manip. de Fórmulas",0,1,-1
09/2021,"Com. Var. de Produtos Farmac., sem Manip. de Fórmulas",0,3,-3
09/2021,Com. Var. de Móveis,1,0,1
09/2021,Com. Var. de Art. de Viagem,0,1,-1
09/2021,Com. Var. de Outros Art. de Uso Doméstico não Especif. Ant.,0,1,-1
09/2021,"Com. Atac. de Chocolates, Confeitos, Balas, Bombons e Semelhantes",4,4,0
09/2021,"Com. Atac. de Frutas, Verduras, Raízes, Tubérculos, Hortaliças e Legumes Frescos",0,1,-1
09/2021,Com. Var. de Plantas e Flores Naturais,3,5,-2
09/2021,Com. Var. de Mat. de Const. em Geral,2,2,0
09/2021,Com. por Atacado de Peças e Acessórios Novos para Veíc. Autom.,1,0,1
09/2021,Com. Var. de Mat. de Const. não Especif. Ant.,0,1,-1
09/2021,"Com. Var. de Produtos Farmac., sem Manip. de Fórmulas",1,0,1
09/2021,Com. Var. de Comb. para Veíc. Autom.,3,0,3
09/2021,"Com. Var. de Merc. em Geral, com Pred. de Produtos Alim. - Minimercados, Mercearias e Armazéns",0,2,-2
09/2021,Com. Var. de Comb. para Veíc. Autom.,1,0,1
09/2021,Com. Var. de Calçados,2,1,1
09/2021,Com. Var. de Comb. para Veíc. Autom.,0,2,-2
09/2021,Com. a Var. de Pneumáticos e Câmaras-De-Ar,1,0,1
09/2021,Com. Var. de Outros Produtos não Especif. Ant.,1,1,0
09/2021,"Com. Var. de Merc. em Geral, com Pred. de Produtos Alim. - Superm.",23,37,-14
09/2021,Com. Var. de Art. de Joalheria,3,0,3
09/2021,Com. a Var. de Peças e Acessórios Novos para Veíc. Autom.,0,1,-1
09/2021,"Com. Var. de Produtos Farmac., com Manip. de Fórmulas",0,1,-1
09/2021,Com. Var. de Outros Produtos não Especif. Ant.,1,0,1
09/2021,Com. Var. de Comb. para Veíc. Autom.,0,1,-1
09/2021,"Com. Var. de Produtos Farmac., sem Manip. de Fórmulas",0,1,-1
09/2021,Com. Var. de Mat. de Const. não Especif. Ant.,2,3,-1
09/2021,"Com. Var. de Merc. em Geral, com Pred. de Produtos Alim. - Superm.",2,2,0
09/2021,Com. Var. de Carnes - Açougues,1,1,0
09/2021,Com. a Var. de Peças e Acessórios Novos para Veíc. Autom.,0,1,-1
09/2021,Com. Var. de Produtos Alim. em Geral ou Especial. em Produtos Alim. não Especif. Ant.,1,2,-1
09/2021,Serv. de Manutenção e Reparação Mecânica de Veíc. Autom.,3,0,3
09/2021,Com. Var. de Outros Produtos não Especif. Ant.,1,1,0
09/2021,Com. Var. de Mat. de Const. não Especif. Ant.,6,4,2
09/2021,Com. Var. de Mat. de Const. não Especif. Ant.,0,1,-1
09/2021,Com. Atac. de Matérias-Primas Agrícolas não Especificadas Ant.,1,2,-1
09/2021,Padaria e Confeitaria com Pred. de Revenda,0,1,-1
09/2021,"Com. Var. de Merc. em Geral, com Pred. de Produtos Alim. - Minimercados, Mercearias e Armazéns",1,0,1
09/2021,"Com. Var. de Merc. em Geral, com Pred. de Produtos Alim. - Minimercados, Mercearias e Armazéns",0,1,-1
09/2021,"Com. Var. de Produtos Farmac., sem Manip. de Fórmulas",0,3,-3
09/2021,Com. Var. Especial. de Equip. e Suprimentos de Informática,0,1,-1
09/2021,Com. Atac. Especial. em Outros Produtos Alim. não Especif. Ant.,1,1,0
09/2021,"Com. Var. de Merc. em Geral, com Pred. de Produtos Alim. - Minimercados, Mercearias e Armazéns",1,1,0
09/2021,Padaria e Confeitaria com Pred. de Revenda,0,1,-1
09/2021,Padaria e Confeitaria com Pred. de Revenda,0,1,-1
09/2021,Com. Var. Especial. de Eletrod. e Equip. de áudio e Vídeo,0,1,-1
09/2021,"Com. Var. de Produtos Farmac., com Manip. de Fórmulas",4,3,1
09/2021,"Com. Var. de Produtos Farmac., sem Manip. de Fórmulas",1,1,0
09/2021,Com. Var. de Mat. de Const. não Especif. Ant.,0,1,-1
09/2021,Com. Var. de Tintas e Mat. para Pintura,0,1,-1
09/2021,Com. Var. de Tintas e Mat. para Pintura,1,0,1
09/2021,Com. Var. de Tintas e Mat. para Pintura,1,0,1
09/2021,Com. Var. de Mat. de Const. não Especif. Ant.,1,1,0
09/2021,Com. a Var. de Peças e Acessórios Novos para Veíc. Autom.,2,0,2
09/2021,Com. Var. de Ferragens e Ferramentas,1,0,1
09/2021,Com. Var. de Art. do Vestuário e Acessórios,0,1,-1
09/2021,"Com. Var. de Produtos Farmac., com Manip. de Fórmulas",1,1,0
09/2021,Com. Var. de Art. de Papelaria,1,0,1
09/2021,"Com. Atac. de Máquinas e Equip. para Uso Industrial, Partes e Peças",0,1,-1
09/2021,Com. a Var. de Peças e Acessórios Novos para Veíc. Autom.,0,1,-1
09/2021,Com. Var. de Outros Produtos não Especif. Ant.,0,1,-1
09/2021,"Com. Atac. de Merc. em Geral, com Pred. de Insumos Agropecuários",1,2,-1
09/2021,"Serv. de Lavagem, Lubrificação e Polimento de Veíc. Autom.",0,7,-7
09/2021,Com. Var. de Art. do Vestuário e Acessórios,1,1,0
09/2021,Com. Var. de Ferragens e Ferramentas,1,0,1
09/2021,"Com. Atac. de Cerveja, Chope e Refrigerante",1,7,-6
09/2021,Com. Var. de Mat. de Const. em Geral,2,0,2
09/2021,"Com. Var. de Merc. em Geral, com Pred. de Produtos Alim. - Superm.",2,1,1
09/2021,Com. Var. de Produtos Alim. em Geral ou Especial. em Produtos Alim. não Especif. Ant.,0,1,-1
09/2021,Padaria e Confeitaria com Pred. de Revenda,1,0,1
09/2021,"Com. Var. de Merc. em Geral, com Pred. de Produtos Alim. - Hipermercados",11,15,-4
09/2021,Com. Atac. de Ferragens e Ferramentas,4,5,-1
09/2021,"Com. Var. Especial. de Peças e Acessórios para Aparelhos Eletroeletrônicos para Uso Doméstico, Exceto Informática e Comunicação",2,0,2
09/2021,Com. Var. de Art. do Vestuário e Acessórios,1,1,0
09/2021,Com. a Var. de Peças e Acessórios Novos para Veíc. Autom.,6,2,4
09/2021,"Com. Var. de Merc. em Geral, com Pred. de Produtos Alim. - Hipermercados",1,5,-4
09/2021,Com. Atac. de Produtos Alim. em Geral,1,1,0
09/2021,Com. Atac. Especial. de Mat. de Const. não Especif. Ant.,5,5,0
09/2021,Com. por Atacado de Motocicletas e Motonetas,0,1,-1
09/2021,Com. Var. de Art. de Joalheria,1,0,1
09/2021,Com. Var. de Art. do Vestuário e Acessórios,4,6,-2
09/2021,Com. Var. de Art. do Vestuário e Acessórios,0,2,-2
09/2021,"Com. Atac. de Máquinas e Equip. para Uso Industrial, Partes e Peças",0,1,-1
09/2021,"Com. Var. de Produtos Farmac., com Manip. de Fórmulas",0,1,-1
09/2021,Com. Var. Especial. de Equip. de Telefonia e Comunicação,1,1,0
05/2021,Com. Var. Especial. de Equip. e Suprimentos de Informática,1,1,0
05/2021,Com. Var. Especial. de Equip. de Telefonia e Comunicação,0,1,-1
05/2021,"Com. Var. de Cosméticos, Produtos de Perfumaria e de Higiene Pessoal",1,0,1
05/2021,"Com. Var. de Cosméticos, Produtos de Perfumaria e de Higiene Pessoal",1,1,0
05/2021,Com. Atac. de Ferragens e Ferramentas,2,0,2
05/2021,"Com. a Var. de Automóveis, Camionetas e Utilitários Usados",1,0,1
05/2021,Com. Var. de Outros Produtos não Especif. Ant.,0,2,-2
05/2021,Com. Var. Especial. de Eletrod. e Equip. de áudio e Vídeo,13,3,10
05/2021,Com. Atac. de Medicamentos e Drogas de Uso Veterinário,1,0,1
05/2021,"Com. Atac. de Lustres, Luminárias e Abajures",0,4,-4
05/2021,Com. Atac. de Ferragens e Ferramentas,0,1,-1
05/2021,Com. Var. de Equip. para Escritório,0,10,-10
05/2021,Com. a Var. de Peças e Acessórios Novos para Veíc. Autom.,1,0,1
05/2021,"Com. Atac. de Frutas, Verduras, Raízes, Tubérculos, Hortaliças e Legumes Frescos",0,2,-2
05/2021,"Com. a Var. de Automóveis, Camionetas e Utilitários Usados",1,0,1
05/2021,"Com. Var. de Produtos Farmac., com Manip. de Fórmulas",1,0,1
05/2021,Com. a Var. de Pneumáticos e Câmaras-De-Ar,0,1,-1
05/2021,Com. a Var. de Pneumáticos e Câmaras-De-Ar,1,1,0
05/2021,"Representantes Comerciais e Agentes do Com. de Têxteis, Vestuário, Calçados e Art. de Viagem",1,2,-1
05/2021,Com. Var. de Lubrificantes,1,0,1
05/2021,"Com. Var. de Merc. em Geral, com Pred. de Produtos Alim. - Hipermercados",6,5,1
05/2021,"Com. a Var. de Automóveis, Camionetas e Utilitários Novos",0,3,-3
05/2021,Com. Var. de Material Elétrico,4,2,2
05/2021,Com. Atac. de Medicamentos e Drogas de Uso Humano,34,36,-2
05/2021,Com. Var. de Hortifrutigranjeiros,0,1,-1
05/2021,Padaria e Confeitaria com Pred. de Revenda,1,1,0
05/2021,Com. Atac. Especial. em Outros Produtos Intermediários não Especif. Ant.,1,1,0
05/2021,Com. a Var. de Pneumáticos e Câmaras-De-Ar,0,1,-1
05/2021,Com. Var. Especial. de Equip. e Suprimentos de Informática,2,1,1
05/2021,Com. Var. de Ferragens e Ferramentas,2,0,2
05/2021,Com. Atac. de Produtos Alim. em Geral,1,2,-1
05/2021,Com. Var. de Art. do Vestuário e Acessórios,1,0,1
05/2021,Com. Var. de Outros Produtos não Especif. Ant.,0,1,-1
05/2021,Com. a Var. de Peças e Acessórios Novos para Veíc. Autom.,1,1,0
05/2021,Comercio Var. de Art. de Armarinho,0,1,-1
05/2021,"Com. Var. de Merc. em Geral, com Pred. de Produtos Alim. - Minimercados, Mercearias e Armazéns",1,0,1
05/2021,"Com. Var. de Doces, Balas, Bombons e Semelhantes",2,0,2
05/2021,Com. Atac. de Resíduos e Sucatas Metálicos,1,0,1
05/2021,Com. Atac. de Carnes Bovinas e Suínas e Derivados,0,11,-11
05/2021,"Com. Var. de Merc. em Geral, com Pred. de Produtos Alim. - Minimercados, Mercearias e Armazéns",1,0,1
05/2021,Com. por Atacado de Peças e Acessórios Novos para Veíc. Autom.,0,1,-1
05/2021,Com. por Atacado de Peças e Acessórios Novos para Veíc. Autom.,1,0,1
05/2021,Com. por Atacado de Pneumáticos e Câmaras-De-Ar,3,2,1
05/2021,Com. Atac. de Resíduos de Papel e Papelão,2,0,2
05/2021,Com. Var. de Outros Art. de Uso Doméstico não Especif. Ant.,4,1,3
05/2021,Com. Var. Especial. de Equip. e Suprimentos de Informática,2,1,1
05/2021,Com. Var. de Art. Esportivos,2,1,1
05/2021,Com. Var. de Comb. para Veíc. Autom.,0,1,-1
05/2021,Com. Var. de Móveis,1,0,1
05/2021,Com. Var. de Art. do Vestuário e Acessórios,2,0,2
05/2021,"Com. a Var. de Automóveis, Camionetas e Utilitários Novos",0,3,-3
05/2021,Com. Var. de Outros Produtos não Especif. Ant.,1,0,1
05/2021,Com. Var. de Art. Médicos e Ortopédicos,0,2,-2
05/2021,Com. Var. de Comb. para Veíc. Autom.,1,0,1
05/2021,Com. Var. de Brinquedos e Art. Recreativos,1,1,0
05/2021,Com. Var. de Animais Vivos e de Art. e Alimentos para Animais de Estimação,1,0,1
05/2021,"Com. a Var. de Automóveis, Camionetas e Utilitários Novos",0,2,-2
05/2021,"Com. a Var. de Automóveis, Camionetas e Utilitários Novos",2,1,1
05/2021,"Com. a Var. de Automóveis, Camionetas e Utilitários Usados",1,0,1
05/2021,Com. Var. de Carnes - Açougues,1,2,-1
05/2021,Serv. de Manutenção e Reparação Mecânica de Veíc. Autom.,1,0,1
05/2021,"Com. Var. de Cosméticos, Produtos de Perfumaria e de Higiene Pessoal",0,2,-2
05/2021,Com. Var. de Carnes - Açougues,1,0,1
05/2021,"Comercio Var. de Art. de Cama, Mesa e Banho",1,1,0
05/2021,"Com. Var. de Suvenires, Bijuterias e Artesanatos",1,0,1
05/2021,Com. Var. de Outros Produtos não Especif. Ant.,4,0,4
05/2021,"Com. Var. de Produtos Farmac., com Manip. de Fórmulas",3,0,3
05/2021,Com. Var. de Comb. para Veíc. Autom.,1,0,1
05/2021,"Com. Var. de Produtos Farmac., sem Manip. de Fórmulas",1,0,1
05/2021,Com. Var. Especial. de Equip. de Telefonia e Comunicação,1,0,1
05/2021,Com. Var. Especial. de Equip. de Telefonia e Comunicação,4,2,2
05/2021,Com. Atac. de Produtos Alim. em Geral,4,0,4
05/2021,"Com. Atac. de Frutas, Verduras, Raízes, Tubérculos, Hortaliças e Legumes Frescos",0,1,-1
05/2021,Com. Var. de Art. do Vestuário e Acessórios,1,0,1
05/2021,Com. Atac. de Cosméticos e Produtos de Perfumaria,0,1,-1
05/2021,Com. Var. de Outros Art. de Uso Doméstico não Especif. Ant.,0,2,-2
05/2021,Com. Var. de Móveis,0,1,-1
05/2021,Com. Var. de Mat. de Const. em Geral,4,1,3
05/2021,Com. Var. de Art. do Vestuário e Acessórios,1,4,-3
05/2021,"Com. Var. de Merc. em Geral, com Pred. de Produtos Alim. - Superm.",1,0,1
05/2021,"Com. Var. de Merc. em Geral, com Pred. de Produtos Alim. - Superm.",3,2,1
05/2021,"Com. Var. de Merc. em Geral, com Pred. de Produtos Alim. - Minimercados, Mercearias e Armazéns",1,1,0
05/2021,Serv. de Manutenção e Reparação Mecânica de Veíc. Autom.,1,0,1
05/2021,"Serv. de Lavagem, Lubrificação e Polimento de Veíc. Autom.",0,1,-1
05/2021,Com. Var. de Outros Produtos não Especif. Ant.,0,1,-1
05/2021,Com. Var. de Carnes - Açougues,1,0,1
05/2021,"Com. Var. de Art. de Tapeçaria, Cortinas e Persianas",0,1,-1
05/2021,Com. Var. de Hortifrutigranjeiros,2,0,2
05/2021,Com. Var. de Móveis,0,1,-1
05/2021,Com. Var. de Art. do Vestuário e Acessórios,1,0,1
05/2021,Com. Var. de Mat. de Const. não Especif. Ant.,0,5,-5
05/2021,Com. Var. de Outros Produtos não Especif. Ant.,0,1,-1
05/2021,Com. Var. de Mat. de Const. não Especif. Ant.,1,0,1
05/2021,Com. Atac. de Sorvetes,1,1,0
05/2021,Com. Atac. de Cosméticos e Produtos de Perfumaria,0,2,-2
05/2021,Com. Var. de Art. do Vestuário e Acessórios,1,0,1
05/2021,Com. Atac. de Ferragens e Ferramentas,1,6,-5
05/2021,Com. Var. de Outros Produtos não Especif. Ant.,0,1,-1
05/2021,Com. Atac. de Ferragens e Ferramentas,1,0,1
05/2021,Padaria e Confeitaria com Pred. de Revenda,0,1,-1
05/2021,Com. Var. de Art. de Viagem,0,2,-2
05/2021,"Com. a Var. de Automóveis, Camionetas e Utilitários Novos",1,2,-1
05/2021,Com. Atac. de Produtos Alim. em Geral,8,6,2
05/2021,Com. Var. de Produtos Alim. em Geral ou Especial. em Produtos Alim. não Especif. Ant.,1,0,1
05/2021,Com. Var. de Comb. para Veíc. Autom.,0,2,-2
05/2021,Com. Var. de Art. do Vestuário e Acessórios,0,1,-1
05/2021,Com. Var. Especial. de Equip. e Suprimentos de Informática,0,1,-1
05/2021,Com. Var. de Equip. para Escritório,0,23,-23
05/2021,"Com. Var. de Produtos Farmac., com Manip. de Fórmulas",0,1,-1
05/2021,Com. Var. de Outros Produtos não Especif. Ant.,0,1,-1
05/2021,Com. a Var. de Peças e Acessórios Novos para Veíc. Autom.,1,0,1
05/2021,Com. a Var. de Peças e Acessórios Novos para Veíc. Autom.,1,0,1
05/2021,Com. Var. de Outros Art. de Uso Doméstico não Especif. Ant.,1,0,1
05/2021,Serv. de Manutenção e Reparação Mecânica de Veíc. Autom.,2,0,2
05/2021,Com. Var. de Equip. para Escritório,11,1,10
05/2021,Com. Var. Especial. de Eletrod. e Equip. de áudio e Vídeo,1,1,0
05/2021,Com. Var. de Outros Produtos não Especif. Ant.,1,0,1
05/2021,"Com. Var. de Produtos Farmac., sem Manip. de Fórmulas",0,1,-1
05/2021,Com. Var. de Hortifrutigranjeiros,0,4,-4
05/2021,Com. Var. de Calçados,4,0,4
05/2021,"Com. a Var. de Automóveis, Camionetas e Utilitários Novos",1,1,0
05/2021,Com. Atac. de Ferragens e Ferramentas,0,2,-2
05/2021,Serv. de Lanternagem ou Funilaria e Pintura de Veíc. Autom.,2,0,2
05/2021,Com. Var. de Mat. de Const. não Especif. Ant.,1,0,1
05/2021,Com. Var. de Brinquedos e Art. Recreativos,1,2,-1
05/2021,Com. Var. de Madeira e Artefatos,0,2,-2
05/2021,Com. a Var. de Peças e Acessórios Novos para Veíc. Autom.,3,4,-1
05/2021,Com. Var. de Comb. para Veíc. Autom.,1,2,-1
05/2021,Com. Var. de Calçados,3,1,2
05/2021,"Com. a Var. de Automóveis, Camionetas e Utilitários Novos",3,5,-2
05/2021,"Com. Var. de Suvenires, Bijuterias e Artesanatos",0,1,-1
05/2021,Com. Atac. de Resíduos e Sucatas Metálicos,0,1,-1
05/2021,Com. Var. de Carnes - Açougues,0,1,-1
05/2021,Com. Var. de Art. do Vestuário e Acessórios,1,0,1
05/2021,Comercio Var. de Art. de Armarinho,3,0,3
05/2021,Com. Var. de Art. do Vestuário e Acessórios,1,0,1
05/2021,"Com. Var. de Cosméticos, Produtos de Perfumaria e de Higiene Pessoal",0,1,-1
05/2021,Com. a Var. de Motocicletas e Motonetas Novas,1,0,1
05/2021,Com. Atac. de Produtos Alim. em Geral,1,1,0
05/2021,Padaria e Confeitaria com Pred. de Revenda,1,0,1
05/2021,Com. Var. de Comb. para Veíc. Autom.,0,1,-1
05/2021,Com. Var. de Art. de óptica,1,0,1
05/2021,Com. a Var. de Peças e Acessórios Novos para Veíc. Autom.,1,0,1
05/2021,"Com. Atac. de Resíduos e Sucatas Não-Metálicos, Exceto de Papel e Papelão",2,0,2
05/2021,"Com. Atac. de Merc. em Geral, sem Pred. de Alimentos ou de Insumos Agropecuários",1,1,0
05/2021,"Com. Var. de Merc. em Geral, com Pred. de Produtos Alim. - Superm.",5,5,0
05/2021,Com. Var. de Art. de óptica,1,1,0
05/2021,Com. Var. Especial. de Eletrod. e Equip. de áudio e Vídeo,1,0,1
05/2021,"Com. Var. de Produtos Farmac., sem Manip. de Fórmulas",1,1,0
05/2021,Com. Var. de Mat. de Const. em Geral,1,0,1
05/2021,Com. Atac. de Alimentos para Animais,9,0,9
05/2021,Com. Var. de Tintas e Mat. para Pintura,0,1,-1
05/2021,Com. Atac. de Produtos Alim. em Geral,1,0,1
05/2021,Com. a Var. de Peças e Acessórios Novos para Veíc. Autom.,0,1,-1
05/2021,Com. Var. de Outros Art. de Uso Doméstico não Especif. Ant.,0,1,-1
05/2021,Com. Atac. de Outros Equip. e Art. de Uso Pessoal e Doméstico não Especif. Ant.,5,0,5
05/2021,Com. Var. de Mat. de Const. em Geral,0,1,-1
05/2021,Serv. de Manutenção e Reparação Mecânica de Veíc. Autom.,1,1,0
05/2021,"Com. Var. de Merc. em Geral, com Pred. de Produtos Alim. - Minimercados, Mercearias e Armazéns",4,4,0
05/2021,"Com. Atac. de Instrumentos e Mat. para Uso Médico, Cirúrgico, Hospitalar e de Laboratórios",2,0,2
05/2021,"Com. Var. de Merc. em Geral, com Pred. de Produtos Alim. - Superm.",1,4,-3
05/2021,"Com. Var. de Merc. em Geral, com Pred. de Produtos Alim. - Hipermercados",12,11,1
05/2021,"Com. Var. de Merc. em Geral, com Pred. de Produtos Alim. - Superm.",0,3,-3
05/2021,Com. Var. de Livros,0,2,-2
05/2021,Com. Var. de Art. do Vestuário e Acessórios,1,0,1
05/2021,Com. a Var. de Peças e Acessórios Novos para Veíc. Autom.,1,3,-2
05/2021,"Com. Var. de Merc. em Geral, com Pred. de Produtos Alim. - Minimercados, Mercearias e Armazéns",7,1,6
05/2021,Com. a Var. de Peças e Acessórios Novos para Veíc. Autom.,1,0,1
05/2021,Com. Var. Especial. de Equip. de Telefonia e Comunicação,1,0,1
05/2021,Com. Var. de Art. Esportivos,5,0,5
05/2021,Com. Var. de Brinquedos e Art. Recreativos,3,1,2
05/2021,"Com. Atac. de Resíduos e Sucatas Não-Metálicos, Exceto de Papel e Papelão",1,1,0
05/2021,"Com. Atac. de Frutas, Verduras, Raízes, Tubérculos, Hortaliças e Legumes Frescos",1,0,1
05/2021,"Com. Var. de Merc. em Geral, com Pred. de Produtos Alim. - Superm.",8,10,-2
05/2021,"Lojas de Variedades, Exceto Lojas de Dep. ou Magazines",2,1,1
05/2021,Com. Var. de Comb. para Veíc. Autom.,2,3,-1
05/2021,Com. Var. de Art. de Colchoaria,1,0,1
05/2021,"Com. Var. de Produtos Farmac., sem Manip. de Fórmulas",2,1,1
05/2021,Com. a Var. de Peças e Acessórios Novos para Veíc. Autom.,0,1,-1
05/2021,Com. Var. de Art. do Vestuário e Acessórios,0,3,-3
05/2021,Com. a Var. de Peças e Acessórios Novos para Veíc. Autom.,0,2,-2
05/2021,"Com. Atac. de Frutas, Verduras, Raízes, Tubérculos, Hortaliças e Legumes Frescos",0,3,-3
05/2021,Com. Var. de Mat. de Const. em Geral,1,0,1
05/2021,Com. Var. Especial. de Equip. e Suprimentos de Informática,1,1,0
05/2021,"Com. Atac. de Produtos Siderúrgicos e Metalúrgicos, Exceto para Const.",1,1,0
05/2021,Com. Var. de Comb. para Veíc. Autom.,1,1,0
05/2021,Com. Var. de Livros,1,0,1
05/2021,"Com. Var. de Produtos Farmac., sem Manip. de Fórmulas",0,1,-1
05/2021,"Com. Var. de Produtos Farmac., sem Manip. de Fórmulas",1,0,1
05/2021,Com. Var. de Outros Produtos não Especif. Ant.,0,1,-1
05/2021,Com. Var. de Art. do Vestuário e Acessórios,1,2,-1
05/2021,Com. Var. de Tintas e Mat. para Pintura,1,1,0
05/2021,Com. Var. de Tintas e Mat. para Pintura,1,0,1
05/2021,Com. Var. de Tintas e Mat. para Pintura,2,0,2
05/2021,Com. Var. de Comb. para Veíc. Autom.,2,0,2
05/2021,"Com. Atac. de Cerveja, Chope e Refrigerante",3,1,2
05/2021,Serv. de Manutenção e Reparação Mecânica de Veíc. Autom.,0,1,-1
05/2021,"Representantes Comerciais e Agentes do Com. de Produtos Alim., Bebidas e Fumo",1,0,1
05/2021,Padaria e Confeitaria com Pred. de Revenda,1,0,1
05/2021,Com. Var. de Carnes - Açougues,0,1,-1
05/2021,Com. Var. de Art. de Papelaria,1,1,0
05/2021,Com. Var. Especial. de Equip. de Telefonia e Comunicação,1,0,1
05/2021,Com. Var. de Mat. de Const. não Especif. Ant.,1,0,1
05/2021,"Com. Var. de Merc. em Geral, com Pred. de Produtos Alim. - Minimercados, Mercearias e Armazéns",0,2,-2
05/2021,Com. Var. de Art. do Vestuário e Acessórios,1,0,1
05/2021,"Com. a Var. de Automóveis, Camionetas e Utilitários Novos",0,1,-1
05/2021,Com. Var. de Calçados,1,1,0
05/2021,Com. Var. Especial. de Eletrod. e Equip. de áudio e Vídeo,3,5,-2
05/2021,Com. Var. Especial. de Eletrod. e Equip. de áudio e Vídeo,0,2,-2
05/2021,Com. Var. de Outros Produtos não Especif. Ant.,1,1,0
05/2021,Com. Var. de Plantas e Flores Naturais,2,0,2
05/2021,Com. Atac. de Produtos Alim. em Geral,1,0,1
05/2021,Com. Var. de Ferragens e Ferramentas,1,0,1
05/2021,Com. a Var. de Peças e Acessórios Novos para Veíc. Autom.,1,1,0
05/2021,Com. Var. de Comb. para Veíc. Autom.,0,1,-1
05/2021,Com. Atac. de Embalagens,1,1,0
05/2021,Com. Var. de Livros,0,1,-1
05/2021,Com. Var. de Produtos Alim. em Geral ou Especial. em Produtos Alim. não Especif. Ant.,1,0,1
05/2021,Com. Var. de Mat. de Const. em Geral,0,1,-1
05/2021,Com. Var. de Animais Vivos e de Art. e Alimentos para Animais de Estimação,0,1,-1
05/2021,"Lojas de Variedades, Exceto Lojas de Dep. ou Magazines",0,1,-1
05/2021,Com. Var. de Comb. para Veíc. Autom.,1,0,1
05/2021,Com. a Var. de Peças e Acessórios Novos para Veíc. Autom.,1,3,-2
05/2021,Com. Var. de Ferragens e Ferramentas,2,0,2
05/2021,Com. Var. de Animais Vivos e de Art. e Alimentos para Animais de Estimação,0,1,-1
05/2021,Com. Var. de Art. do Vestuário e Acessórios,0,1,-1
05/2021,Com. Var. de Produtos Alim. em Geral ou Especial. em Produtos Alim. não Especif. Ant.,3,1,2
05/2021,"Com. Atac. de Máquinas e Equip. para Uso Industrial, Partes e Peças",1,1,0
05/2021,"Com. a Var. de Automóveis, Camionetas e Utilitários Novos",2,3,-1
05/2021,Com. a Var. de Peças e Acessórios Novos para Veíc. Autom.,1,0,1
05/2021,Com. Var. de Produtos Alim. em Geral ou Especial. em Produtos Alim. não Especif. Ant.,1,9,-8
05/2021,Com. Var. de Plantas e Flores Naturais,3,0,3
05/2021,Com. Var. de Art. de Iluminação,1,0,1
05/2021,Com. Var. de Outros Produtos não Especif. Ant.,2,1,1
05/2021,Com. Atac. de Embalagens,7,5,2
05/2021,Com. Var. de Outros Art. de Uso Doméstico não Especif. Ant.,0,1,-1
05/2021,"Com. a Var. de Automóveis, Camionetas e Utilitários Novos",2,2,0
05/2021,Com. Var. de Produtos Alim. em Geral ou Especial. em Produtos Alim. não Especif. Ant.,0,1,-1
05/2021,Com. Var. de Art. do Vestuário e Acessórios,0,1,-1
05/2021,Com. Var. de Móveis,5,9,-4
05/2021,Com. Var. de Móveis,0,3,-3
05/2021,Com. Var. de Móveis,1,5,-4
05/2021,Com. Atac. de Resíduos e Sucatas Metálicos,0,1,-1
05/2021,Com. Var. de Comb. para Veíc. Autom.,4,3,1
05/2021,Com. Var. de Produtos Saneantes Domissanitários,0,1,-1
05/2021,"Com. Var. de Merc. em Geral, com Pred. de Produtos Alim. - Minimercados, Mercearias e Armazéns",0,1,-1
05/2021,Com. Var. de Móveis,1,1,0
05/2021,Com. Var. de Art. do Vestuário e Acessórios,0,1,-1
05/2021,"Com. Var. Especial. de Peças e Acessórios para Aparelhos Eletroeletrônicos para Uso Doméstico, Exceto Informática e Comunicação",2,1,1
05/2021,"Com. Var. de Produtos Farmac., sem Manip. de Fórmulas",0,1,-1
05/2021,"Com. Var. de Cosméticos, Produtos de Perfumaria e de Higiene Pessoal",6,4,2
05/2021,Com. Var. de Carnes - Açougues,1,0,1
05/2021,Com. Atac. de Embalagens,3,1,2
05/2021,Com. Var. de Hortifrutigranjeiros,5,11,-6
05/2021,"Com. Atac. de Frutas, Verduras, Raízes, Tubérculos, Hortaliças e Legumes Frescos",1,0,1
05/2021,Com. Var. de Hortifrutigranjeiros,4,10,-6
05/2021,"Com. Var. de Cosméticos, Produtos de Perfumaria e de Higiene Pessoal",0,1,-1
05/2021,"Com. Atac. de Merc. em Geral, com Pred. de Produtos Alim.",1,6,-5
05/2021,Serv. de Borracharia para Veíc. Autom.,0,1,-1
05/2021,Com. Var. de Comb. para Veíc. Autom.,1,3,-2
05/2021,"Com. a Var. de Automóveis, Camionetas e Utilitários Novos",0,1,-1
05/2021,"Com. a Var. de Automóveis, Camionetas e Utilitários Novos",3,5,-2
05/2021,Com. Var. de Comb. para Veíc. Autom.,0,1,-1
05/2021,Serv. de Alinhamento e Balanceamento de Veíc. Autom.,1,2,-1
05/2021,Com. Var. de Móveis,53,2,51
05/2021,Com. Var. de Móveis,1,0,1
05/2021,"Lojas de Variedades, Exceto Lojas de Dep. ou Magazines",1,0,1
05/2021,Com. a Var. de Peças e Acessórios Novos para Veíc. Autom.,1,0,1
05/2021,Com. Var. de Material Elétrico,1,0,1
05/2021,Com. Var. de Mat. Hidráulicos,1,2,-1
05/2021,Com. Var. de Outros Produtos não Especif. Ant.,2,2,0
05/2021,"Com. Var. de Produtos Farmac., sem Manip. de Fórmulas",1,0,1
05/2021,Padaria e Confeitaria com Pred. de Revenda,1,0,1
05/2021,Com. Var. de Animais Vivos e de Art. e Alimentos para Animais de Estimação,0,1,-1
05/2021,Com. Var. de Lubrificantes,0,1,-1
05/2021,Com. Atac. de Bebidas não Especificadas Ant.,0,1,-1
05/2021,Com. Var. de Comb. para Veíc. Autom.,2,0,2
05/2021,"Com. Var. de Merc. em Geral, com Pred. de Produtos Alim. - Minimercados, Mercearias e Armazéns",2,2,0
05/2021,Com. Atac. de Resíduos e Sucatas Metálicos,0,1,-1
05/2021,Com. Atac. de Equip. de Informática,1,0,1
05/2021,Com. Atac. de Cosméticos e Produtos de Perfumaria,1,1,0
05/2021,"Com. Var. de Merc. em Geral, com Pred. de Produtos Alim. - Minimercados, Mercearias e Armazéns",3,1,2
05/2021,"Com. Atac. de Outras Máquinas e Equip. não Especif. Ant., Partes e Peças",1,0,1
05/2021,Com. Atac. de Alimentos para Animais,3,1,2
05/2021,Com. Var. de Art. do Vestuário e Acessórios,5,5,0
05/2021,Com. por Atacado de Caminhões Novos e Usados,0,1,-1
05/2021,Com. Var. de Outros Produtos não Especif. Ant.,1,2,-1
05/2021,Com. Var. de Art. de Papelaria,0,1,-1
05/2021,Com. Var. de Animais Vivos e de Art. e Alimentos para Animais de Estimação,1,0,1
05/2021,Com. Var. de Art. do Vestuário e Acessórios,2,1,1
05/2021,Com. Var. de Art. do Vestuário e Acessórios,2,0,2
05/2021,"Com. Var. de Produtos Farmac., sem Manip. de Fórmulas",0,1,-1
05/2021,Com. Var. de Madeira e Artefatos,1,1,0
05/2021,Com. Var. Especial. de Equip. e Suprimentos de Informática,1,0,1
05/2021,Com. Var. de Art. Médicos e Ortopédicos,0,1,-1
05/2021,"Com. Var. de Produtos Farmac., sem Manip. de Fórmulas",1,0,1
05/2021,"Com. Atac. de Frutas, Verduras, Raízes, Tubérculos, Hortaliças e Legumes Frescos",0,1,-1
05/2021,Com. Atac. de Outros Equip. e Art. de Uso Pessoal e Doméstico não Especif. Ant.,1,1,0
05/2021,"Serv. de Instalação, Manutenção e Reparação de Acessórios para Veíc. Autom.",2,1,1
05/2021,Com. Var. de Calçados,0,4,-4
05/2021,"Com. Atac. de Frutas, Verduras, Raízes, Tubérculos, Hortaliças e Legumes Frescos",0,1,-1
05/2021,"Lojas de Variedades, Exceto Lojas de Dep. ou Magazines",1,2,-1
05/2021,Com. Var. de Ferragens e Ferramentas,1,0,1
05/2021,Padaria e Confeitaria com Pred. de Revenda,2,1,1
05/2021,Com. Var. de Art. do Vestuário e Acessórios,4,1,3
05/2021,Com. Var. Especial. de Equip. e Suprimentos de Informática,1,0,1
05/2021,Com. Var. de Carnes - Açougues,0,1,-1
05/2021,"Com. Atac. de Máquinas e Equip. para Uso Industrial, Partes e Peças",1,0,1
05/2021,Com. Var. de Animais Vivos e de Art. e Alimentos para Animais de Estimação,1,0,1
05/2021,Com. Var. de Comb. para Veíc. Autom.,0,3,-3
05/2021,Com. Var. de Livros,0,1,-1
05/2021,Com. Var. de Calçados,2,1,1
05/2021,Com. Var. de Art. do Vestuário e Acessórios,4,9,-5
05/2021,Com. Var. de Art. do Vestuário e Acessórios,1,3,-2
05/2021,"Com. Var. de Merc. em Geral, com Pred. de Produtos Alim. - Minimercados, Mercearias e Armazéns",0,2,-2
05/2021,Com. Var. de Merc. em Lojas de Conveniência,0,1,-1
05/2021,Com. Var. de Mat. de Const. não Especif. Ant.,1,0,1
05/2021,Com. Var. de Ferragens e Ferramentas,0,1,-1
05/2021,Com. Var. de Art. de Joalheria,1,0,1
05/2021,"Com. Var. de Merc. em Geral, com Pred. de Produtos Alim. - Superm.",1,0,1
05/2021,"Comercio Var. de Art. de Cama, Mesa e Banho",0,1,-1
05/2021,"Com. Var. de Merc. em Geral, com Pred. de Produtos Alim. - Minimercados, Mercearias e Armazéns",2,0,2
05/2021,Com. Var. de Art. do Vestuário e Acessórios,1,0,1
05/2021,Com. Var. de Mat. de Const. em Geral,1,0,1
05/2021,Com. Var. de Outros Art. de Uso Doméstico não Especif. Ant.,0,1,-1
05/2021,"Com. Var. de Merc. em Geral, com Pred. de Produtos Alim. - Minimercados, Mercearias e Armazéns",0,1,-1
05/2021,Com. Var. de Móveis,1,1,0
05/2021,Com. Var. de Jornais e Revistas,0,2,-2
05/2021,Com. por Atacado de Peças e Acessórios Novos para Veíc. Autom.,1,0,1
05/2021,Com. a Var. de Peças e Acessórios Novos para Veíc. Autom.,1,0,1
05/2021,"Com. Var. Especial. de Peças e Acessórios para Aparelhos Eletroeletrônicos para Uso Doméstico, Exceto Informática e Comunicação",0,1,-1
05/2021,"Com. Atac. de Merc. em Geral, com Pred. de Produtos Alim.",4,6,-2
05/2021,Com. Var. de Vidros,1,0,1
05/2021,Com. Atac. Especial. em Outros Produtos Alim. não Especif. Ant.,0,1,-1
05/2021,"Com. Atac. de Resíduos e Sucatas Não-Metálicos, Exceto de Papel e Papelão",1,1,0
05/2021,"Com. Atac. de Máquinas e Equip. para Uso Industrial, Partes e Peças",1,0,1
05/2021,Com. Var. de Produtos Alim. em Geral ou Especial. em Produtos Alim. não Especif. Ant.,1,1,0
05/2021,Com. Atac. Especial. em Outros Produtos Alim. não Especif. Ant.,2,1,1
05/2021,Com. Atac. Especial. em Outros Produtos Intermediários não Especif. Ant.,0,2,-2
05/2021,"Com. Atac. de Outras Máquinas e Equip. não Especif. Ant., Partes e Peças",5,1,4
05/2021,Com. a Var. de Peças e Acessórios Novos para Veíc. Autom.,1,0,1
05/2021,Com. Var. de Art. de Joalheria,1,0,1
05/2021,Com. Var. Especial. de Instrumentos Musicais e Acessórios,0,1,-1
05/2021,Com. Var. de Carnes - Açougues,1,0,1
05/2021,Com. Var. de Art. do Vestuário e Acessórios,1,0,1
05/2021,Com. Var. de Art. do Vestuário e Acessórios,2,0,2
05/2021,Com. Atac. de Embalagens,4,0,4
05/2021,Com. Var. de Mat. de Const. não Especif. Ant.,1,0,1
05/2021,Com. Var. de Comb. para Veíc. Autom.,1,0,1
05/2021,"Com. Var. de Bicicletas e Triciclos, Peças e Acessórios",0,1,-1
05/2021,"Com. Var. de Bicicletas e Triciclos, Peças e Acessórios",0,2,-2
05/2021,Com. Atac. de Cosméticos e Produtos de Perfumaria,3,1,2
05/2021,Com. Var. de Outros Produtos não Especif. Ant.,3,2,1
05/2021,Com. a Var. de Peças e Acessórios Usados para Veíc. Autom.,2,3,-1
05/2021,Com. Var. de Outros Produtos não Especif. Ant.,1,1,0
05/2021,Com. a Var. de Pneumáticos e Câmaras-De-Ar,0,1,-1
05/2021,Com. Var. de Art. do Vestuário e Acessórios,1,0,1
05/2021,Com. Var. de Móveis,25,3,22
05/2021,"Com. Var. de Produtos Farmac., com Manip. de Fórmulas",1,0,1
05/2021,"Com. Var. de Cosméticos, Produtos de Perfumaria e de Higiene Pessoal",0,1,-1
05/2021,"Com. Var. de Produtos Farmac., sem Manip. de Fórmulas",0,1,-1
05/2021,Com. a Var. de Peças e Acessórios Novos para Veíc. Autom.,1,0,1
05/2021,Com. Var. de Livros,2,2,0
05/2021,Com. Var. de Animais Vivos e de Art. e Alimentos para Animais de Estimação,1,0,1
05/2021,Com. Var. de Art. do Vestuário e Acessórios,1,0,1
05/2021,Com. Var. de Hortifrutigranjeiros,1,1,0
05/2021,Com. Atac. de Alimentos para Animais,1,0,1
05/2021,Com. Atac. de Alimentos para Animais,0,1,-1
05/2021,Com. Var. de Brinquedos e Art. Recreativos,0,1,-1
05/2021,Com. Var. de Art. do Vestuário e Acessórios,3,2,1
05/2021,"Com. Var. de Cosméticos, Produtos de Perfumaria e de Higiene Pessoal",0,1,-1
05/2021,Com. Var. de Tintas e Mat. para Pintura,1,1,0
05/2021,"Com. Var. de Doces, Balas, Bombons e Semelhantes",4,4,0
05/2021,"Com. Atac. de Chocolates, Confeitos, Balas, Bombons e Semelhantes",2,0,2
05/2021,Com. Var. de Móveis,0,1,-1
05/2021,Com. Var. de Madeira e Artefatos,0,1,-1
05/2021,Com. Var. de Mat. de Const. não Especif. Ant.,0,4,-4
05/2021,"Com. Var. de Doces, Balas, Bombons e Semelhantes",1,1,0
05/2021,Com. Var. de Art. do Vestuário e Acessórios,1,0,1
05/2021,Com. Var. de Calçados,0,3,-3
05/2021,"Com. Var. de Produtos Farmac., sem Manip. de Fórmulas",1,1,0
05/2021,Com. Var. de Art. do Vestuário e Acessórios,0,1,-1
05/2021,"Com. Var. de Merc. em Geral, com Pred. de Produtos Alim. - Minimercados, Mercearias e Armazéns",0,1,-1
05/2021,Com. Var. de Calçados,3,0,3
05/2021,Com. Var. de Art. do Vestuário e Acessórios,0,1,-1
05/2021,Com. Var. de Calçados,1,0,1
05/2021,Com. Var. de Outros Art. de Uso Doméstico não Especif. Ant.,0,1,-1
05/2021,Com. Var. de Móveis,1,0,1
05/2021,Com. Var. Especial. de Equip. de Telefonia e Comunicação,2,2,0
05/2021,Com. Atac. de Animais Vivos,1,0,1
05/2021,"Com. Var. de Doces, Balas, Bombons e Semelhantes",1,1,0
05/2021,Com. Var. de Outros Produtos não Especif. Ant.,1,0,1
05/2021,Com. Var. de Móveis,2,1,1
05/2021,Com. Var. de Art. do Vestuário e Acessórios,1,0,1
05/2021,Com. Var. de Material Elétrico,1,0,1
05/2021,Com. Var. de Art. de óptica,1,1,0
05/2021,Com. Var. Especial. de Equip. e Suprimentos de Informática,1,1,0
05/2021,Com. Var. de Produtos Alim. em Geral ou Especial. em Produtos Alim. não Especif. Ant.,0,1,-1
05/2021,"Serv. de Lavagem, Lubrificação e Polimento de Veíc. Autom.",15,2,13
05/2021,"Com. Var. de Doces, Balas, Bombons e Semelhantes",1,0,1
05/2021,"Com. Var. de Doces, Balas, Bombons e Semelhantes",3,3,0
05/2021,Com. Var. de Mat. de Const. não Especif. Ant.,0,1,-1
05/2021,"Com. Var. de Cosméticos, Produtos de Perfumaria e de Higiene Pessoal",0,2,-2
05/2021,"Com. Atac. de Máquinas e Equip. para Uso Industrial, Partes e Peças",2,3,-1
05/2021,Com. por Atacado de Motocicletas e Motonetas,0,1,-1
05/2021,Com. Var. Especial. de Equip. de Telefonia e Comunicação,1,0,1
05/2021,"Representantes Comerciais e Agentes do Com. de Máquinas, Equip., Embarcações e Aeronaves",2,0,2
05/2021,"Com. Var. de Produtos Farmac., com Manip. de Fórmulas",5,3,2
05/2021,Com. Var. de Outros Produtos não Especif. Ant.,2,0,2
05/2021,Com. Var. de Calçados,0,1,-1
05/2021,Outros Representantes Comerciais e Agentes do Com. Especial. em Produtos não Especif. Ant.,2,0,2
05/2021,Com. Var. Especial. de Equip. de Telefonia e Comunicação,3,0,3
05/2021,Com. Var. de Plantas e Flores Naturais,0,1,-1
05/2021,Com. Atac. de Carnes Bovinas e Suínas e Derivados,1,2,-1
05/2021,Com. Var. de Art. de Relojoaria,1,1,0
05/2021,Com. Var. de Animais Vivos e de Art. e Alimentos para Animais de Estimação,6,3,3
05/2021,Com. Atac. de Produtos Alim. em Geral,0,1,-1
05/2021,"Lojas de Variedades, Exceto Lojas de Dep. ou Magazines",1,0,1
05/2021,"Serv. de Lavagem, Lubrificação e Polimento de Veíc. Autom.",0,1,-1
05/2021,Com. Var. de Ferragens e Ferramentas,1,0,1
05/2021,Com. Var. de Lubrificantes,2,1,1
05/2021,Com. Var. de Animais Vivos e de Art. e Alimentos para Animais de Estimação,2,0,2
05/2021,Com. Var. de Art. do Vestuário e Acessórios,1,0,1
05/2021,"Com. Var. Especial. de Peças e Acessórios para Aparelhos Eletroeletrônicos para Uso Doméstico, Exceto Informática e Comunicação",0,1,-1
05/2021,Com. Var. de Hortifrutigranjeiros,1,0,1
05/2021,"Com. Var. de Cosméticos, Produtos de Perfumaria e de Higiene Pessoal",1,0,1
05/2021,Com. Var. de Calçados,0,1,-1
05/2021,Com. Var. de Art. do Vestuário e Acessórios,1,0,1
05/2021,"Com. Var. de Cosméticos, Produtos de Perfumaria e de Higiene Pessoal",1,0,1
05/2021,Com. a Var. de Peças e Acessórios Novos para Veíc. Autom.,1,1,0
05/2021,Com. a Var. de Peças e Acessórios Novos para Veíc. Autom.,1,0,1
05/2021,Serv. de Manutenção e Reparação Mecânica de Veíc. Autom.,2,0,2
05/2021,Com. Var. de Art. de Viagem,1,0,1
05/2021,Serv. de Lanternagem ou Funilaria e Pintura de Veíc. Autom.,0,3,-3
05/2021,"Com. Var. de Suvenires, Bijuterias e Artesanatos",0,1,-1
05/2021,Padaria e Confeitaria com Pred. de Revenda,1,0,1
05/2021,Com. Atac. Especial. em Outros Produtos Alim. não Especif. Ant.,0,2,-2
05/2021,Com. Var. de Livros,0,1,-1
05/2021,Com. Atac. de Componentes Eletrônicos e Equip. de Telefonia e Comunicação,4,0,4
05/2021,Com. Var. de Madeira e Artefatos,1,1,0
05/2021,Com. a Var. de Peças e Acessórios Novos para Veíc. Autom.,1,0,1
05/2021,Com. a Var. de Pneumáticos e Câmaras-De-Ar,1,0,1
05/2021,Padaria e Confeitaria com Pred. de Revenda,8,3,5
05/2021,Padaria e Confeitaria com Pred. de Revenda,0,1,-1
05/2021,Com. Var. de Art. do Vestuário e Acessórios,1,0,1
05/2021,Com. Var. de Plantas e Flores Naturais,1,0,1
05/2021,Com. Var. de Móveis,1,0,1
05/2021,"Com. Atac. de Art. do Vestuário e Acessórios, Exceto Profissionais e de Segurança",0,1,-1
05/2021,Padaria e Confeitaria com Pred. de Revenda,3,0,3
05/2021,Com. Var. de Art. do Vestuário e Acessórios,0,4,-4
05/2021,Com. Var. Especial. de Equip. de Telefonia e Comunicação,1,0,1
05/2021,"Com. Atac. de Máquinas e Equip. para Uso Industrial, Partes e Peças",1,0,1
05/2021,Com. Var. de Art. do Vestuário e Acessórios,0,1,-1
05/2021,"Com. Var. de Merc. em Geral, com Pred. de Produtos Alim. - Minimercados, Mercearias e Armazéns",1,1,0
05/2021,Com. Var. de Art. do Vestuário e Acessórios,1,2,-1
05/2021,Com. Var. de Art. de Viagem,0,1,-1
05/2021,Com. Var. de Bebidas,0,1,-1
05/2021,"Com. Var. de Cosméticos, Produtos de Perfumaria e de Higiene Pessoal",0,6,-6
05/2021,"Com. Atac. de Outras Máquinas e Equip. não Especif. Ant., Partes e Peças",17,8,9
05/2021,"Com. Var. de Merc. em Geral, com Pred. de Produtos Alim. - Minimercados, Mercearias e Armazéns",1,1,0
05/2021,Com. Atac. de Ferragens e Ferramentas,1,0,1
05/2021,"Com. Var. de Merc. em Geral, com Pred. de Produtos Alim. - Minimercados, Mercearias e Armazéns",1,0,1
05/2021,Padaria e Confeitaria com Pred. de Revenda,1,0,1
05/2021,Com. Var. de Hortifrutigranjeiros,0,1,-1
05/2021,Com. Var. de Brinquedos e Art. Recreativos,2,0,2
05/2021,Com. Var. de Ferragens e Ferramentas,0,1,-1
05/2021,"Com. Atac. de Instrumentos e Mat. para Uso Médico, Cirúrgico, Hospitalar e de Laboratórios",3,3,0
05/2021,Com. Var. de Tintas e Mat. para Pintura,1,0,1
05/2021,Com. Var. de Carnes - Açougues,1,0,1
05/2021,Padaria e Confeitaria com Pred. de Revenda,0,1,-1
05/2021,Com. Var. de Outros Produtos não Especif. Ant.,0,1,-1
05/2021,Com. Var. de Produtos Alim. em Geral ou Especial. em Produtos Alim. não Especif. Ant.,1,0,1
05/2021,"Lojas de Dep. ou Magazines, Exceto Lojas Francas (Duty Free)",5,2,3
05/2021,Com. Var. de Art. de óptica,0,1,-1
05/2021,Com. Var. Especial. de Equip. de Telefonia e Comunicação,1,0,1
05/2021,Com. Var. de Móveis,1,0,1
05/2021,Com. Var. de Comb. para Veíc. Autom.,0,2,-2
05/2021,Com. Var. de Produtos Alim. em Geral ou Especial. em Produtos Alim. não Especif. Ant.,0,1,-1
05/2021,Com. Var. de Art. do Vestuário e Acessórios,1,0,1
05/2021,Serv. de Lanternagem ou Funilaria e Pintura de Veíc. Autom.,1,0,1
05/2021,"Com. Var. de Merc. em Geral, com Pred. de Produtos Alim. - Minimercados, Mercearias e Armazéns",0,1,-1
05/2021,Com. Var. de Art. do Vestuário e Acessórios,1,0,1
05/2021,"Com. Var. de Cosméticos, Produtos de Perfumaria e de Higiene Pessoal",0,1,-1
05/2021,"Com. Var. de Produtos Farmac., sem Manip. de Fórmulas",1,0,1
05/2021,Com. Var. de Merc. em Lojas de Conveniência,1,0,1
05/2021,Com. a Var. de Peças e Acessórios Novos para Veíc. Autom.,1,0,1
05/2021,"Com. Atac. de Vidros, Espelhos e Vitrais",1,2,-1
05/2021,"Com. Atac. de Frutas, Verduras, Raízes, Tubérculos, Hortaliças e Legumes Frescos",0,1,-1
05/2021,Com. a Var. de Peças e Acessórios Novos para Veíc. Autom.,2,0,2
05/2021,"Com. Var. de Merc. em Geral, com Pred. de Produtos Alim. - Superm.",2,2,0
05/2021,Com. Var. Especial. de Equip. e Suprimentos de Informática,0,1,-1
05/2021,Com. Atac. de Produtos Alim. em Geral,3,3,0
05/2021,Com. a Var. de Peças e Acessórios Novos para Veíc. Autom.,1,0,1
05/2021,"Com. Var. de Merc. em Geral, com Pred. de Produtos Alim. - Minimercados, Mercearias e Armazéns",2,1,1
05/2021,Com. Var. Especial. de Eletrod. e Equip. de áudio e Vídeo,2,5,-3
05/2021,Com. a Var. de Peças e Acessórios Usados para Veíc. Autom.,2,0,2
05/2021,Com. Var. de Art. do Vestuário e Acessórios,1,0,1
05/2021,Com. Var. Especial. de Eletrod. e Equip. de áudio e Vídeo,0,1,-1
05/2021,"Com. Var. de Suvenires, Bijuterias e Artesanatos",0,1,-1
05/2021,Com. a Var. de Peças e Acessórios Novos para Veíc. Autom.,0,1,-1
05/2021,Com. Var. de Bebidas,1,0,1
05/2021,"Com. Var. Especial. de Peças e Acessórios para Aparelhos Eletroeletrônicos para Uso Doméstico, Exceto Informática e Comunicação",1,0,1
05/2021,Com. Var. de Art. do Vestuário e Acessórios,1,0,1
05/2021,Com. Var. de Produtos Alim. em Geral ou Especial. em Produtos Alim. não Especif. Ant.,0,1,-1
05/2021,Com. Atac. Especial. em Outros Produtos Alim. não Especif. Ant.,2,3,-1
05/2021,Com. Var. de Art. de Papelaria,0,1,-1
05/2021,Com. Var. de Art. de Colchoaria,1,0,1
05/2021,"Com. Atac. de Frutas, Verduras, Raízes, Tubérculos, Hortaliças e Legumes Frescos",0,1,-1
05/2021,Com. Var. de Art. do Vestuário e Acessórios,1,0,1
05/2021,"Com. a Var. de Automóveis, Camionetas e Utilitários Usados",1,0,1
05/2021,"Serv. de Instalação, Manutenção e Reparação de Acessórios para Veíc. Autom.",0,1,-1
05/2021,"Com. Var. de Produtos Farmac., sem Manip. de Fórmulas",1,0,1
05/2021,Com. Var. de Outros Produtos não Especif. Ant.,1,1,0
05/2021,Com. Var. de Produtos Alim. em Geral ou Especial. em Produtos Alim. não Especif. Ant.,0,2,-2
05/2021,Com. Var. de Outros Produtos não Especif. Ant.,1,0,1
05/2021,Com. Var. de Produtos Alim. em Geral ou Especial. em Produtos Alim. não Especif. Ant.,1,0,1
05/2021,Com. Var. de Art. de óptica,1,0,1
05/2021,Padaria e Confeitaria com Pred. de Revenda,2,0,2
05/2021,Com. Var. de Outros Art. de Uso Doméstico não Especif. Ant.,0,2,-2
05/2021,Com. Var. de Hortifrutigranjeiros,0,1,-1
05/2021,Com. Var. de Merc. em Lojas de Conveniência,3,1,2
05/2021,"Com. Var. de Merc. em Geral, com Pred. de Produtos Alim. - Minimercados, Mercearias e Armazéns",1,1,0
05/2021,Com. Var. de Hortifrutigranjeiros,0,2,-2
05/2021,Com. Var. de Laticínios e Frios,1,0,1
05/2021,Com. Var. de Art. do Vestuário e Acessórios,2,1,1
05/2021,Serv. de Borracharia para Veíc. Autom.,1,0,1
05/2021,Padaria e Confeitaria com Pred. de Revenda,1,0,1
05/2021,Com. Var. de Produtos Alim. em Geral ou Especial. em Produtos Alim. não Especif. Ant.,2,0,2
05/2021,"Com. Var. de Suvenires, Bijuterias e Artesanatos",0,1,-1
05/2021,Com. Atac. de Embalagens,1,0,1
05/2021,"Com. Var. de Produtos Farmac., sem Manip. de Fórmulas",1,0,1
05/2021,"Com. Var. de Produtos Farmac., sem Manip. de Fórmulas",1,1,0
05/2021,Com. Var. de Art. do Vestuário e Acessórios,1,0,1
05/2021,Com. Var. de Art. do Vestuário e Acessórios,1,0,1
05/2021,Com. Var. de Animais Vivos e de Art. e Alimentos para Animais de Estimação,0,2,-2
05/2021,Com. Var. de Animais Vivos e de Art. e Alimentos para Animais de Estimação,0,2,-2
05/2021,Com. Var. de Móveis,2,0,2
05/2021,Com. Var. de Art. de Joalheria,0,1,-1
05/2021,Com. Var. de Carnes - Açougues,1,0,1
05/2021,Com. Var. de Carnes - Açougues,2,0,2
05/2021,"Com. Atac. de Resíduos e Sucatas Não-Metálicos, Exceto de Papel e Papelão",0,1,-1
05/2021,"Com. Var. de Cosméticos, Produtos de Perfumaria e de Higiene Pessoal",1,0,1
05/2021,Serv. de Manutenção e Reparação Elétrica de Veíc. Autom.,1,0,1
05/2021,"Com. Var. de Produtos Farmac., sem Manip. de Fórmulas",1,0,1
05/2021,"Com. Var. de Merc. em Geral, com Pred. de Produtos Alim. - Superm.",1,0,1
05/2021,"Com. Atac. de Máquinas, Aparelhos e Equip. para Uso Odonto-Médico-Hospitalar, Partes e Peças",0,1,-1
05/2021,Padaria e Confeitaria com Pred. de Revenda,1,0,1
05/2021,Com. Var. de Medicamentos Veterinários,1,0,1
05/2021,"Com. Atac. de Frutas, Verduras, Raízes, Tubérculos, Hortaliças e Legumes Frescos",0,1,-1
05/2021,"Com. Atac. de Jóias, Relógios e Bijuterias, Inclusive Pedras Preciosas e Semipreciosas Lapidadas",0,1,-1
05/2021,Serv. de Lanternagem ou Funilaria e Pintura de Veíc. Autom.,2,1,1
05/2021,Com. Var. de Produtos Alim. em Geral ou Especial. em Produtos Alim. não Especif. Ant.,1,1,0
05/2021,Com. Var. de Outros Produtos não Especif. Ant.,1,1,0
05/2021,Com. Var. de Produtos Alim. em Geral ou Especial. em Produtos Alim. não Especif. Ant.,0,1,-1
05/2021,Com. Var. de Produtos Alim. em Geral ou Especial. em Produtos Alim. não Especif. Ant.,4,0,4
05/2021,"Com. Var. de Cosméticos, Produtos de Perfumaria e de Higiene Pessoal",1,0,1
05/2021,Com. Var. de Brinquedos e Art. Recreativos,0,1,-1
05/2021,Com. Var. de Outros Produtos não Especif. Ant.,0,1,-1
05/2021,Com. Var. Especial. de Equip. de Telefonia e Comunicação,1,0,1
05/2021,Com. Var. de Produtos Alim. em Geral ou Especial. em Produtos Alim. não Especif. Ant.,0,1,-1
05/2021,Com. Var. Especial. de Eletrod. e Equip. de áudio e Vídeo,1,0,1
05/2021,Com. Var. de Outros Produtos não Especif. Ant.,1,0,1
05/2021,Com. Var. de Calçados,1,1,0
05/2021,Com. Var. de Art. do Vestuário e Acessórios,1,0,1
05/2021,"Com. Var. de Cosméticos, Produtos de Perfumaria e de Higiene Pessoal",5,2,3
05/2021,Com. Atac. de Sorvetes,1,0,1
05/2021,"Com. Var. de Doces, Balas, Bombons e Semelhantes",1,1,0
05/2021,Com. Var. de Outros Produtos não Especif. Ant.,0,1,-1
05/2021,Com. Var. de Art. do Vestuário e Acessórios,1,1,0
05/2021,Com. Var. de Art. do Vestuário e Acessórios,1,0,1
05/2021,Com. Var. de Art. do Vestuário e Acessórios,0,1,-1
05/2021,Com. Var. de Ferragens e Ferramentas,1,0,1
05/2021,"Comercio Var. de Art. de Cama, Mesa e Banho",0,1,-1
05/2021,Com. Var. de Art. de óptica,0,1,-1
05/2021,Com. Var. de Mat. de Const. em Geral,0,2,-2
05/2021,"Com. a Var. de Automóveis, Camionetas e Utilitários Novos",1,0,1
05/2021,Com. Var. de Mat. Hidráulicos,1,1,0
05/2021,Com. Var. de Gás LiqüEfeito de Petróleo (Glp),1,0,1
05/2021,Com. Var. de Art. do Vestuário e Acessórios,0,1,-1
05/2021,"Com. Var. de Merc. em Geral, com Pred. de Produtos Alim. - Hipermercados",7,4,3
05/2021,"Com. a Var. de Automóveis, Camionetas e Utilitários Usados",2,0,2
05/2021,Com. Var. de Art. de óptica,0,1,-1
05/2021,Com. Var. de Art. de Joalheria,4,1,3
05/2021,Com. Var. de Animais Vivos e de Art. e Alimentos para Animais de Estimação,0,1,-1
05/2021,"Com. Var. de Merc. em Geral, com Pred. de Produtos Alim. - Superm.",0,2,-2
05/2021,Com. Var. de Art. de Relojoaria,0,2,-2
05/2021,Com. Var. de Móveis,0,1,-1
05/2021,"Lojas de Variedades, Exceto Lojas de Dep. ou Magazines",0,1,-1
05/2021,Com. Var. de Outros Produtos não Especif. Ant.,0,1,-1
05/2021,"Serv. de Lavagem, Lubrificação e Polimento de Veíc. Autom.",0,1,-1
05/2021,Com. Var. de Art. do Vestuário e Acessórios,5,0,5
05/2021,Com. Var. de Hortifrutigranjeiros,1,1,0
05/2021,Com. Var. de Calçados,2,1,1
05/2021,Com. Var. de Produtos Alim. em Geral ou Especial. em Produtos Alim. não Especif. Ant.,1,0,1
05/2021,"Com. Var. de Suvenires, Bijuterias e Artesanatos",0,1,-1
05/2021,Com. Atac. de Produtos Alim. em Geral,2,4,-2
05/2021,Com. Atac. Especial. em Outros Produtos Alim. não Especif. Ant.,11,2,9
05/2021,Com. Var. de Mat. de Const. não Especif. Ant.,0,1,-1
05/2021,Com. Var. de Outros Produtos não Especif. Ant.,1,0,1
05/2021,"Com. Var. de Doces, Balas, Bombons e Semelhantes",3,1,2
05/2021,Com. Var. de Hortifrutigranjeiros,0,1,-1
05/2021,"Lojas de Variedades, Exceto Lojas de Dep. ou Magazines",2,0,2
05/2021,Com. Var. de Plantas e Flores Naturais,1,3,-2
05/2021,Com. Var. de Art. do Vestuário e Acessórios,0,1,-1
05/2021,Com. Var. de Art. do Vestuário e Acessórios,0,1,-1
05/2021,Com. Var. de Art. do Vestuário e Acessórios,0,1,-1
05/2021,"Com. Var. de Merc. em Geral, com Pred. de Produtos Alim. - Minimercados, Mercearias e Armazéns",3,0,3
05/2021,Com. Var. de Art. do Vestuário e Acessórios,1,0,1
05/2021,Com. Var. de Art. de Papelaria,0,1,-1
05/2021,Com. Var. de Calçados,1,0,1
05/2021,"Com. Var. de Merc. em Geral, com Pred. de Produtos Alim. - Superm.",0,3,-3
05/2021,"Serv. de Lavagem, Lubrificação e Polimento de Veíc. Autom.",1,0,1
05/2021,Com. Var. de Art. Médicos e Ortopédicos,4,1,3
05/2021,Com. a Var. de Peças e Acessórios Novos para Veíc. Autom.,1,0,1
05/2021,Com. Var. Especial. de Equip. de Telefonia e Comunicação,1,1,0
05/2021,"Com. Var. de Merc. em Geral, com Pred. de Produtos Alim. - Superm.",4,3,1
05/2021,Com. Var. Especial. de Eletrod. e Equip. de áudio e Vídeo,37,13,24
05/2021,Com. Var. Especial. de Eletrod. e Equip. de áudio e Vídeo,0,1,-1
05/2021,Com. Var. Especial. de Eletrod. e Equip. de áudio e Vídeo,1,4,-3
05/2021,Com. Var. Especial. de Eletrod. e Equip. de áudio e Vídeo,9,13,-4
05/2021,Com. Var. Especial. de Eletrod. e Equip. de áudio e Vídeo,0,1,-1
05/2021,Com. Var. Especial. de Eletrod. e Equip. de áudio e Vídeo,0,1,-1
05/2021,"Com. Var. de Merc. em Geral, com Pred. de Produtos Alim. - Minimercados, Mercearias e Armazéns",3,1,2
05/2021,"Com. Var. de Merc. em Geral, com Pred. de Produtos Alim. - Minimercados, Mercearias e Armazéns",1,0,1
05/2021,Com. Var. de Art. do Vestuário e Acessórios,2,4,-2
05/2021,Com. Var. de Art. do Vestuário e Acessórios,14,3,11
05/2021,Com. Var. Especial. de Equip. de Telefonia e Comunicação,1,2,-1
05/2021,"Serv. de Lavagem, Lubrificação e Polimento de Veíc. Autom.",0,1,-1
05/2021,Com. Var. de Art. do Vestuário e Acessórios,0,1,-1
05/2021,Com. Var. de Material Elétrico,0,1,-1
05/2021,Com. Var. Especial. de Equip. de Telefonia e Comunicação,1,0,1
05/2021,Com. Var. Especial. de Equip. de Telefonia e Comunicação,1,0,1
05/2021,Com. Atac. Especial. em Outros Produtos Alim. não Especif. Ant.,0,1,-1
05/2021,Com. Var. de Hortifrutigranjeiros,2,1,1
05/2021,Com. Var. de Produtos Saneantes Domissanitários,1,1,0
05/2021,Com. Var. Especial. de Equip. de Telefonia e Comunicação,1,0,1
05/2021,Com. Var. de Calçados,0,1,-1
05/2021,Com. Var. de Art. de Joalheria,1,0,1
05/2021,Serv. de Lanternagem ou Funilaria e Pintura de Veíc. Autom.,1,0,1
05/2021,Com. Var. de Art. Esportivos,5,0,5
05/2021,Com. Var. de Outros Art. Usados,4,0,4
05/2021,"Com. Var. de Produtos Farmac., sem Manip. de Fórmulas",0,1,-1
05/2021,Com. Var. de Animais Vivos e de Art. e Alimentos para Animais de Estimação,0,2,-2
05/2021,"Com. Atac. de Outras Máquinas e Equip. não Especif. Ant., Partes e Peças",4,6,-2
05/2021,"Com. Atac. de Outras Máquinas e Equip. não Especif. Ant., Partes e Peças",3,2,1
05/2021,Com. Var. de Merc. em Lojas de Conveniência,2,1,1
05/2021,Com. Var. de Art. de Colchoaria,0,1,-1
05/2021,Representantes Comerciais e Agentes do Com. de Merc. em Geral não Especial.,0,1,-1
05/2021,Com. Var. de Calçados,1,1,0
05/2021,Com. Var. de Carnes - Açougues,0,1,-1
05/2021,"Com. a Var. de Automóveis, Camionetas e Utilitários Novos",0,1,-1
05/2021,Com. Var. de Art. Esportivos,1,0,1
05/2021,Serv. de Manutenção e Reparação Elétrica de Veíc. Autom.,1,0,1
05/2021,Com. Var. de Art. de óptica,0,1,-1
05/2021,Com. Var. de Art. de óptica,1,0,1
05/2021,Com. Var. de Art. do Vestuário e Acessórios,3,1,2
05/2021,Padaria e Confeitaria com Pred. de Revenda,0,1,-1
05/2021,Com. Var. de Art. do Vestuário e Acessórios,1,0,1
05/2021,Com. Var. de Comb. para Veíc. Autom.,3,1,2
05/2021,Com. Var. de Art. do Vestuário e Acessórios,1,0,1
05/2021,Com. Var. de Art. do Vestuário e Acessórios,2,1,1
05/2021,Com. Var. de Art. do Vestuário e Acessórios,1,0,1
05/2021,"Serv. de Lavagem, Lubrificação e Polimento de Veíc. Autom.",1,0,1
05/2021,Com. Var. de Art. de óptica,3,1,2
05/2021,Com. Var. de Bebidas,1,0,1
05/2021,Com. Var. de Outros Produtos não Especif. Ant.,2,0,2
05/2021,Com. Var. de Art. do Vestuário e Acessórios,0,4,-4
05/2021,Serv. de Manutenção e Reparação Mecânica de Veíc. Autom.,0,1,-1
05/2021,"Com. Var. de Produtos Farmac., sem Manip. de Fórmulas",1,0,1
05/2021,Com. Var. de Calçados,1,0,1
05/2021,Com. a Var. de Peças e Acessórios Novos para Veíc. Autom.,0,2,-2
05/2021,Com. Var. de Bebidas,0,1,-1
05/2021,Com. Var. de Art. do Vestuário e Acessórios,1,0,1
05/2021,Com. Var. de Outros Produtos não Especif. Ant.,2,0,2
05/2021,Com. Var. de Art. do Vestuário e Acessórios,3,0,3
05/2021,Com. Var. de Art. do Vestuário e Acessórios,1,0,1
05/2021,Com. Var. de Outros Art. de Uso Doméstico não Especif. Ant.,1,2,-1
05/2021,Com. Var. de Mat. de Const. não Especif. Ant.,0,3,-3
05/2021,Com. Var. de Calçados,1,1,0
05/2021,Com. Var. de Art. de Joalheria,0,1,-1
05/2021,"Com. Var. de Cosméticos, Produtos de Perfumaria e de Higiene Pessoal",0,1,-1
05/2021,Com. Atac. de Embalagens,15,1,14
05/2021,Com. a Var. de Motocicletas e Motonetas Novas,0,1,-1
05/2021,Com. Var. de Bebidas,1,0,1
05/2021,Com. Atac. de Sorvetes,0,1,-1
05/2021,Lojas de Dep. ou Magazines (Desativado),2,1,1
05/2021,Com. Var. de Mat. de Const. não Especif. Ant.,1,1,0
05/2021,Com. Var. de Ferragens e Ferramentas,1,0,1
05/2021,"Com. Var. de Cosméticos, Produtos de Perfumaria e de Higiene Pessoal",1,1,0
05/2021,Com. Atac. de Bebidas não Especificadas Ant.,6,2,4
05/2021,"Com. Atac. de Frutas, Verduras, Raízes, Tubérculos, Hortaliças e Legumes Frescos",1,2,-1
05/2021,"Com. Atac. de Chocolates, Confeitos, Balas, Bombons e Semelhantes",0,1,-1
05/2021,"Com. Atac. de Outras Máquinas e Equip. não Especif. Ant., Partes e Peças",3,0,3
05/2021,"Com. Atac. de Outras Máquinas e Equip. não Especif. Ant., Partes e Peças",0,1,-1
05/2021,"Com. Var. de Cosméticos, Produtos de Perfumaria e de Higiene Pessoal",2,0,2
05/2021,"Serv. de Lavagem, Lubrificação e Polimento de Veíc. Autom.",1,0,1
05/2021,Com. Var. de Art. Esportivos,5,0,5
05/2021,Padaria e Confeitaria com Pred. de Revenda,0,1,-1
05/2021,"Com. Var. de Doces, Balas, Bombons e Semelhantes",3,0,3
05/2021,"Com. Var. de Suvenires, Bijuterias e Artesanatos",1,0,1
05/2021,Com. Var. Especial. de Equip. de Telefonia e Comunicação,4,0,4
05/2021,Com. Var. de Art. de óptica,1,2,-1
05/2021,Com. Var. Especial. de Eletrod. e Equip. de áudio e Vídeo,0,1,-1
05/2021,"Com. Var. de Cosméticos, Produtos de Perfumaria e de Higiene Pessoal",1,2,-1
05/2021,Com. Var. de Mat. de Const. não Especif. Ant.,0,1,-1
05/2021,Com. a Var. de Peças e Acessórios Novos para Veíc. Autom.,0,1,-1
05/2021,Com. a Var. de Peças e Acessórios Novos para Veíc. Autom.,0,1,-1
05/2021,Com. Var. de Art. do Vestuário e Acessórios,0,3,-3
05/2021,Com. Var. de Art. do Vestuário e Acessórios,4,0,4
05/2021,Com. Var. de Art. do Vestuário e Acessórios,2,1,1
05/2021,Com. a Var. de Peças e Acessórios Novos para Veíc. Autom.,1,0,1
05/2021,Com. Var. de Calçados,0,1,-1
05/2021,Com. Var. de Calçados,2,1,1
05/2021,"Com. Var. de Merc. em Geral, com Pred. de Produtos Alim. - Hipermercados",12,6,6
05/2021,Com. Var. de Comb. para Veíc. Autom.,5,4,1
05/2021,"Com. Var. de Produtos Farmac., sem Manip. de Fórmulas",0,1,-1
05/2021,Com. Var. de Mat. de Const. não Especif. Ant.,0,1,-1
05/2021,Com. Var. de Art. do Vestuário e Acessórios,2,1,1
05/2021,Com. Var. de Madeira e Artefatos,1,0,1
05/2021,Com. Atac. de Produtos Alim. em Geral,2,2,0
05/2021,Com. Var. de Comb. para Veíc. Autom.,0,1,-1
05/2021,Com. Var. de Art. do Vestuário e Acessórios,0,1,-1
05/2021,Com. Var. de Art. do Vestuário e Acessórios,1,0,1
05/2021,"Com. Var. de Merc. em Geral, com Pred. de Produtos Alim. - Superm.",1,0,1
05/2021,"Com. Var. de Merc. em Geral, com Pred. de Produtos Alim. - Superm.",5,4,1
05/2021,Com. Var. de Plantas e Flores Naturais,1,0,1
05/2021,"Lojas de Dep. ou Magazines, Exceto Lojas Francas (Duty Free)",1,2,-1
05/2021,"Lojas de Dep. ou Magazines, Exceto Lojas Francas (Duty Free)",1,0,1
05/2021,Com. Var. de Comb. para Veíc. Autom.,0,1,-1
05/2021,Com. Var. de Comb. para Veíc. Autom.,0,1,-1
05/2021,"Com. Var. de Merc. em Geral, com Pred. de Produtos Alim. - Superm.",1,0,1
05/2021,Com. a Var. de Peças e Acessórios Novos para Veíc. Autom.,0,1,-1
05/2021,"Com. Var. de Merc. em Geral, com Pred. de Produtos Alim. - Minimercados, Mercearias e Armazéns",1,0,1
05/2021,Com. Var. de Comb. para Veíc. Autom.,1,0,1
05/2021,Com. Var. de Art. do Vestuário e Acessórios,1,0,1
05/2021,"Com. Var. de Cosméticos, Produtos de Perfumaria e de Higiene Pessoal",0,1,-1
05/2021,Com. a Var. de Peças e Acessórios Novos para Veíc. Autom.,0,1,-1
05/2021,"Comercio Var. de Art. de Cama, Mesa e Banho",1,0,1
05/2021,Com. Var. de Comb. para Veíc. Autom.,2,2,0
05/2021,"Representantes Comerciais e Agentes do Com. de Têxteis, Vestuário, Calçados e Art. de Viagem",0,3,-3
05/2021,"Com. Var. de Merc. em Geral, com Pred. de Produtos Alim. - Superm.",2,1,1
05/2021,Com. Var. de Comb. para Veíc. Autom.,2,0,2
05/2021,Com. a Var. de Peças e Acessórios Novos para Veíc. Autom.,1,0,1
05/2021,Com. Var. de Comb. para Veíc. Autom.,0,1,-1
05/2021,"Com. a Var. de Automóveis, Camionetas e Utilitários Novos",0,1,-1
05/2021,Com. Atac. Especial. em Outros Produtos Intermediários não Especif. Ant.,0,1,-1
05/2021,Com. Var. de Produtos Alim. em Geral ou Especial. em Produtos Alim. não Especif. Ant.,1,1,0
05/2021,Com. Atac. de Ferragens e Ferramentas,0,2,-2
05/2021,Com. Var. de Mat. de Const. não Especif. Ant.,1,0,1
05/2021,Padaria e Confeitaria com Pred. de Revenda,1,0,1
05/2021,Com. Var. de Comb. para Veíc. Autom.,2,1,1
05/2021,"Com. Var. de Merc. em Geral, com Pred. de Produtos Alim. - Superm.",1,0,1
05/2021,"Com. Var. de Merc. em Geral, com Pred. de Produtos Alim. - Superm.",6,4,2
05/2021,"Com. Var. de Merc. em Geral, com Pred. de Produtos Alim. - Superm.",2,4,-2
05/2021,"Com. Var. de Merc. em Geral, com Pred. de Produtos Alim. - Superm.",10,5,5
05/2021,Com. Var. de Comb. para Veíc. Autom.,5,0,5
05/2021,"Com. Var. de Merc. em Geral, com Pred. de Produtos Alim. - Superm.",9,5,4
05/2021,"Com. Var. de Merc. em Geral, com Pred. de Produtos Alim. - Superm.",1,2,-1
05/2021,"Com. Var. de Merc. em Geral, com Pred. de Produtos Alim. - Superm.",16,7,9
05/2021,"Com. Var. de Merc. em Geral, com Pred. de Produtos Alim. - Superm.",8,2,6
05/2021,"Com. Var. de Merc. em Geral, com Pred. de Produtos Alim. - Superm.",7,7,0
05/2021,Com. Atac. de Produtos Alim. em Geral,3,1,2
05/2021,"Com. Var. de Merc. em Geral, com Pred. de Produtos Alim. - Superm.",7,8,-1
05/2021,"Com. Var. de Merc. em Geral, com Pred. de Produtos Alim. - Superm.",2,1,1
05/2021,"Com. Var. de Merc. em Geral, com Pred. de Produtos Alim. - Superm.",5,9,-4
05/2021,"Com. Var. de Merc. em Geral, com Pred. de Produtos Alim. - Superm.",2,6,-4
05/2021,"Com. Var. de Merc. em Geral, com Pred. de Produtos Alim. - Superm.",3,7,-4
05/2021,"Com. a Var. de Automóveis, Camionetas e Utilitários Novos",2,2,0
05/2021,"Com. Var. de Produtos Farmac., sem Manip. de Fórmulas",1,1,0
05/2021,"Com. Var. de Merc. em Geral, com Pred. de Produtos Alim. - Superm.",5,4,1
05/2021,"Com. Var. de Merc. em Geral, com Pred. de Produtos Alim. - Superm.",8,3,5
05/2021,"Com. Var. de Merc. em Geral, com Pred. de Produtos Alim. - Superm.",0,3,-3
05/2021,"Com. Var. de Merc. em Geral, com Pred. de Produtos Alim. - Superm.",2,1,1
05/2021,"Com. Var. de Merc. em Geral, com Pred. de Produtos Alim. - Superm.",6,5,1
05/2021,"Com. Atac. de Frutas, Verduras, Raízes, Tubérculos, Hortaliças e Legumes Frescos",6,3,3
05/2021,Com. Var. de Outros Art. de Uso Doméstico não Especif. Ant.,0,1,-1
05/2021,Com. a Var. de Motocicletas e Motonetas Novas,1,0,1
05/2021,Com. Atac. de Art. de Escritório e de Papelaria,3,2,1
05/2021,"Com. Atac. de Máquinas, Aparelhos e Equip. para Uso Agropecuário, Partes e Peças",5,7,-2
05/2021,"Com. Var. de Produtos Farmac., com Manip. de Fórmulas",0,1,-1
05/2021,Com. Var. de Mat. de Const. em Geral,1,0,1
05/2021,Com. Var. de Calçados,1,0,1
05/2021,"Com. Var. de Produtos Farmac., com Manip. de Fórmulas",5,3,2
05/2021,Comercio Var. de Art. de Armarinho,0,1,-1
05/2021,Com. Var. de Ferragens e Ferramentas,0,1,-1
05/2021,Padaria e Confeitaria com Pred. de Revenda,4,3,1
05/2021,Com. Var. de Animais Vivos e de Art. e Alimentos para Animais de Estimação,6,2,4
05/2021,"Com. Atac. de Outras Máquinas e Equip. não Especif. Ant., Partes e Peças",1,2,-1
05/2021,Com. Var. de Art. de Papelaria,0,1,-1
05/2021,Serv. de Borracharia para Veíc. Autom.,2,1,1
05/2021,Com. Var. de Art. do Vestuário e Acessórios,1,0,1
05/2021,Com. a Var. de Pneumáticos e Câmaras-De-Ar,0,1,-1
05/2021,Serv. de Manutenção e Reparação Mecânica de Veíc. Autom.,2,1,1
05/2021,"Com. Var. de Merc. em Geral, com Pred. de Produtos Alim. - Minimercados, Mercearias e Armazéns",2,0,2
05/2021,Serv. de Manutenção e Reparação Mecânica de Veíc. Autom.,0,1,-1
05/2021,Com. Var. de Madeira e Artefatos,0,2,-2
05/2021,Com. Var. de Produtos Alim. em Geral ou Especial. em Produtos Alim. não Especif. Ant.,1,1,0
05/2021,"Com. Var. de Merc. em Geral, com Pred. de Produtos Alim. - Minimercados, Mercearias e Armazéns",0,2,-2
05/2021,"Com. Var. de Merc. em Geral, com Pred. de Produtos Alim. - Minimercados, Mercearias e Armazéns",1,5,-4
05/2021,Com. a Var. de Peças e Acessórios Novos para Veíc. Autom.,1,1,0
05/2021,"Com. a Var. de Automóveis, Camionetas e Utilitários Novos",14,10,4
05/2021,"Com. Atac. de Resíduos e Sucatas Não-Metálicos, Exceto de Papel e Papelão",0,1,-1
05/2021,Com. Var. de Equip. para Escritório,2,0,2
05/2021,Serv. de Manutenção e Reparação Mecânica de Veíc. Autom.,1,0,1
05/2021,Com. Var. de Mat. de Const. não Especif. Ant.,1,0,1
05/2021,Com. Var. de Outros Produtos não Especif. Ant.,1,0,1
05/2021,Padaria e Confeitaria com Pred. de Revenda,0,1,-1
05/2021,Com. Var. de Art. do Vestuário e Acessórios,0,1,-1
05/2021,Com. Var. Especial. de Eletrod. e Equip. de áudio e Vídeo,2,2,0
05/2021,Com. Var. de Mat. de Const. não Especif. Ant.,1,0,1
05/2021,Com. a Var. de Peças e Acessórios Novos para Veíc. Autom.,0,1,-1
05/2021,Com. a Var. de Peças e Acessórios para Motocicletas e Motonetas (Desativado),1,1,0
05/2021,Com. Var. de Art. de óptica,1,0,1
05/2021,"Com. Var. de Produtos Farmac., sem Manip. de Fórmulas",1,1,0
05/2021,"Com. Var. de Merc. em Geral, com Pred. de Produtos Alim. - Minimercados, Mercearias e Armazéns",0,1,-1
05/2021,Com. a Var. de Peças e Acessórios Novos para Veíc. Autom.,0,2,-2
05/2021,Com. Var. de Art. de Papelaria,2,1,1
05/2021,Com. Var. de Outros Produtos não Especif. Ant.,0,2,-2
05/2021,Com. Var. de Brinquedos e Art. Recreativos,0,2,-2
05/2021,"Com. Var. de Produtos Farmac., com Manip. de Fórmulas",1,0,1
05/2021,Com. Var. de Brinquedos e Art. Recreativos,1,1,0
05/2021,"Com. Atac. de Cerveja, Chope e Refrigerante",8,7,1
05/2021,Serv. de Manutenção e Reparação Mecânica de Veíc. Autom.,0,1,-1
05/2021,Com. Atac. Especial. em Outros Produtos Intermediários não Especif. Ant.,1,1,0
05/2021,Padaria e Confeitaria com Pred. de Revenda,2,1,1
05/2021,Com. Var. Especial. de Equip. e Suprimentos de Informática,0,1,-1
05/2021,Com. Var. de Comb. para Veíc. Autom.,0,2,-2
05/2021,Com. a Var. de Peças e Acessórios Novos para Veíc. Autom.,1,0,1
05/2021,Com. Var. de Vidros,0,1,-1
05/2021,Com. Var. de Produtos Alim. em Geral ou Especial. em Produtos Alim. não Especif. Ant.,1,0,1
05/2021,Com. por Atacado de Peças e Acessórios Novos para Veíc. Autom.,1,0,1
05/2021,"Com. Var. de Produtos Farmac., sem Manip. de Fórmulas",1,0,1
05/2021,Com. Var. de Mat. de Const. não Especif. Ant.,0,1,-1
05/2021,Com. Atac. de Aves Vivas e Ovos,2,1,1
05/2021,"Lojas de Dep. ou Magazines, Exceto Lojas Francas (Duty Free)",4,5,-1
05/2021,"Com. Atac. de Cerveja, Chope e Refrigerante",0,1,-1
05/2021,Com. Atac. de Art. de Escritório e de Papelaria,5,0,5
05/2021,"Com. Var. de Merc. em Geral, com Pred. de Produtos Alim. - Superm.",6,4,2
05/2021,"Com. Var. de Produtos Farmac., sem Manip. de Fórmulas",1,1,0
05/2021,"Com. Var. de Produtos Farmac., sem Manip. de Fórmulas",3,3,0
05/2021,"Com. Var. de Produtos Farmac., sem Manip. de Fórmulas",1,1,0
05/2021,"Com. Var. de Produtos Farmac., sem Manip. de Fórmulas",0,1,-1
05/2021,"Com. Var. de Produtos Farmac., sem Manip. de Fórmulas",1,1,0
05/2021,"Com. Var. de Produtos Farmac., sem Manip. de Fórmulas",2,0,2
05/2021,"Com. Var. de Produtos Farmac., sem Manip. de Fórmulas",1,0,1
05/2021,"Com. Var. de Produtos Farmac., sem Manip. de Fórmulas",1,1,0
05/2021,"Com. Var. de Produtos Farmac., sem Manip. de Fórmulas",2,0,2
05/2021,"Com. Var. de Produtos Farmac., sem Manip. de Fórmulas",1,0,1
05/2021,"Com. Var. de Produtos Farmac., sem Manip. de Fórmulas",1,0,1
05/2021,"Com. Var. de Produtos Farmac., sem Manip. de Fórmulas",0,1,-1
05/2021,"Com. Var. de Produtos Farmac., sem Manip. de Fórmulas",1,2,-1
05/2021,"Com. Var. de Produtos Farmac., sem Manip. de Fórmulas",2,1,1
05/2021,"Com. Var. de Produtos Farmac., sem Manip. de Fórmulas",0,1,-1
05/2021,"Com. Var. de Produtos Farmac., sem Manip. de Fórmulas",1,0,1
05/2021,"Com. Var. de Produtos Farmac., sem Manip. de Fórmulas",1,0,1
05/2021,"Com. Var. de Produtos Farmac., sem Manip. de Fórmulas",1,1,0
05/2021,"Com. Var. de Produtos Farmac., sem Manip. de Fórmulas",1,0,1
05/2021,Com. Var. de Vidros,1,0,1
05/2021,Com. Var. de Art. de Viagem,3,5,-2
05/2021,Com. Var. de Outros Art. de Uso Doméstico não Especif. Ant.,2,1,1
05/2021,"Com. Atac. de Chocolates, Confeitos, Balas, Bombons e Semelhantes",1,1,0
05/2021,Com. Var. de Plantas e Flores Naturais,15,4,11
05/2021,Com. Var. de Mat. de Const. em Geral,1,0,1
05/2021,Com. por Atacado de Peças e Acessórios Novos para Veíc. Autom.,1,2,-1
05/2021,"Comercio Var. de Art. de Cama, Mesa e Banho",1,0,1
05/2021,Com. a Var. de Peças e Acessórios Novos para Veíc. Autom.,0,1,-1
05/2021,"Com. Var. de Produtos Farmac., sem Manip. de Fórmulas",0,1,-1
05/2021,Com. Var. de Outros Art. de Uso Doméstico não Especif. Ant.,2,0,2
05/2021,Com. Var. de Outros Produtos não Especif. Ant.,0,1,-1
05/2021,Com. Var. de Comb. para Veíc. Autom.,1,0,1
05/2021,Com. Var. de Calçados,0,1,-1
05/2021,Com. por Atacado de Peças e Acessórios Novos para Veíc. Autom.,1,0,1
05/2021,"Com. Var. de Merc. em Geral, com Pred. de Produtos Alim. - Superm.",25,33,-8
05/2021,Com. Var. de Art. de Joalheria,0,1,-1
05/2021,"Com. Var. de Produtos Farmac., com Manip. de Fórmulas",3,0,3
05/2021,Com. Atac. de Resinas e Elastômeros,0,1,-1
05/2021,"Com. Var. de Produtos Farmac., sem Manip. de Fórmulas",1,1,0
05/2021,"Com. Var. de Produtos Farmac., sem Manip. de Fórmulas",0,1,-1
05/2021,"Com. Var. de Produtos Farmac., sem Manip. de Fórmulas",2,1,1
05/2021,Com. Var. de Móveis,1,0,1
05/2021,Com. Var. de Mat. de Const. não Especif. Ant.,1,0,1
05/2021,Com. a Var. de Peças e Acessórios Novos para Veíc. Autom.,0,1,-1
05/2021,"Com. Var. de Merc. em Geral, com Pred. de Produtos Alim. - Superm.",2,1,1
05/2021,Com. Var. de Produtos Alim. em Geral ou Especial. em Produtos Alim. não Especif. Ant.,5,1,4
05/2021,Padaria e Confeitaria com Pred. de Revenda,0,2,-2
05/2021,Com. Var. de Art. do Vestuário e Acessórios,1,0,1
05/2021,Com. Atac. de Matérias-Primas Agrícolas não Especificadas Ant.,0,2,-2
05/2021,Com. a Var. de Peças e Acessórios Novos para Veíc. Autom.,0,1,-1
05/2021,Com. Var. de Brinquedos e Art. Recreativos,2,1,1
05/2021,"Serv. de Instalação, Manutenção e Reparação de Acessórios para Veíc. Autom.",1,0,1
05/2021,"Com. Var. de Merc. em Geral, com Pred. de Produtos Alim. - Minimercados, Mercearias e Armazéns",1,0,1
05/2021,Com. Var. de Carnes - Açougues,1,0,1
05/2021,"Com. Var. de Produtos Farmac., com Manip. de Fórmulas",3,2,1
05/2021,"Com. Var. de Produtos Farmac., sem Manip. de Fórmulas",0,1,-1
05/2021,Com. Var. de Mat. de Const. não Especif. Ant.,1,0,1
05/2021,Com. Var. de Tintas e Mat. para Pintura,2,1,1
05/2021,Com. Var. de Tintas e Mat. para Pintura,3,1,2
05/2021,Com. Var. de Tintas e Mat. para Pintura,0,1,-1
05/2021,Com. Var. de Tintas e Mat. para Pintura,4,1,3
05/2021,Com. Var. de Mat. de Const. não Especif. Ant.,1,0,1
05/2021,"Com. Atac. de Máquinas e Equip. para Uso Industrial, Partes e Peças",1,0,1
05/2021,Com. Var. de Livros,1,0,1
05/2021,Com. Var. de Outros Produtos não Especif. Ant.,0,1,-1
05/2021,Com. Var. de Comb. para Veíc. Autom.,0,1,-1
05/2021,"Com. Atac. de Merc. em Geral, com Pred. de Insumos Agropecuários",6,7,-1
05/2021,Com. Var. de Jornais e Revistas,2,0,2
05/2021,"Com. Atac. de Cerveja, Chope e Refrigerante",0,1,-1
05/2021,"Com. Var. de Merc. em Geral, com Pred. de Produtos Alim. - Superm.",2,1,1
05/2021,Com. Var. de Produtos Alim. em Geral ou Especial. em Produtos Alim. não Especif. Ant.,1,0,1
05/2021,"Com. Var. de Merc. em Geral, com Pred. de Produtos Alim. - Hipermercados",7,4,3
05/2021,Com. Atac. de Ferragens e Ferramentas,5,4,1
05/2021,"Com. Var. Especial. de Peças e Acessórios para Aparelhos Eletroeletrônicos para Uso Doméstico, Exceto Informática e Comunicação",1,0,1
05/2021,Com. Var. de Art. do Vestuário e Acessórios,1,1,0
05/2021,Com. a Var. de Peças e Acessórios Novos para Veíc. Autom.,2,2,0
05/2021,"Com. Var. de Merc. em Geral, com Pred. de Produtos Alim. - Hipermercados",13,8,5
05/2021,Com. Atac. de Produtos Alim. em Geral,9,1,8
05/2021,Com. Atac. Especial. de Mat. de Const. não Especif. Ant.,9,5,4
05/2021,Com. por Atacado de Motocicletas e Motonetas,3,1,2
05/2021,Com. Var. de Art. de Joalheria,0,1,-1
05/2021,Com. Var. de Art. do Vestuário e Acessórios,1,1,0
05/2021,Com. Var. Especial. de Equip. de Telefonia e Comunicação,1,1,0
08/2021,Com. Var. Especial. de Equip. e Suprimentos de Informática,2,2,0
08/2021,"Com. Atac. de Frutas, Verduras, Raízes, Tubérculos, Hortaliças e Legumes Frescos",0,1,-1
08/2021,Com. a Var. de Peças e Acessórios Novos para Veíc. Autom.,1,1,0
08/2021,Com. Var. de Art. de Iluminação,1,0,1
08/2021,"Com. Var. de Cosméticos, Produtos de Perfumaria e de Higiene Pessoal",1,0,1
08/2021,Com. Var. de Ferragens e Ferramentas,1,0,1
08/2021,Com. Var. Especial. de Eletrod. e Equip. de áudio e Vídeo,3,6,-3
08/2021,Com. Var. Especial. de Eletrod. e Equip. de áudio e Vídeo,1,0,1
08/2021,Padaria e Confeitaria com Pred. de Revenda,1,1,0
08/2021,Com. Var. de Madeira e Artefatos,0,1,-1
08/2021,Com. Var. de Outros Produtos não Especif. Ant.,1,1,0
08/2021,Com. Var. de Móveis,1,3,-2
08/2021,"Com. Var. de Cosméticos, Produtos de Perfumaria e de Higiene Pessoal",1,1,0
08/2021,Com. a Var. de Peças e Acessórios Novos para Veíc. Autom.,2,0,2
08/2021,"Com. Atac. de Frutas, Verduras, Raízes, Tubérculos, Hortaliças e Legumes Frescos",1,0,1
08/2021,"Com. a Var. de Automóveis, Camionetas e Utilitários Usados",0,1,-1
08/2021,"Com. Var. de Produtos Farmac., com Manip. de Fórmulas",1,1,0
08/2021,Com. Var. de Outros Produtos não Especif. Ant.,0,1,-1
08/2021,Com. Var. de Material Elétrico,1,0,1
08/2021,Com. Var. de Outros Produtos não Especif. Ant.,1,0,1
08/2021,Padaria e Confeitaria com Pred. de Revenda,1,0,1
08/2021,"Com. Var. de Merc. em Geral, com Pred. de Produtos Alim. - Hipermercados",5,16,-11
08/2021,"Com. a Var. de Automóveis, Camionetas e Utilitários Novos",2,1,1
08/2021,Com. Var. de Material Elétrico,0,1,-1
08/2021,Com. Atac. de Medicamentos e Drogas de Uso Humano,58,26,32
08/2021,"Com. Var. de Produtos Farmac., sem Manip. de Fórmulas",2,1,1
08/2021,Padaria e Confeitaria com Pred. de Revenda,0,2,-2
08/2021,"Com. Var. de Merc. em Geral, com Pred. de Produtos Alim. - Minimercados, Mercearias e Armazéns",1,0,1
08/2021,Com. Atac. Especial. em Outros Produtos Intermediários não Especif. Ant.,3,1,2
08/2021,Com. Atac. de Componentes Eletrônicos e Equip. de Telefonia e Comunicação,3,0,3
08/2021,"Com. Var. de Cosméticos, Produtos de Perfumaria e de Higiene Pessoal",0,1,-1
08/2021,"Com. Atac. de Produtos da Extração Mineral, Exceto Comb.",0,1,-1
08/2021,Com. Atac. de Produtos Alim. em Geral,1,1,0
08/2021,Comercio Var. de Art. de Armarinho,1,0,1
08/2021,"Com. Var. de Doces, Balas, Bombons e Semelhantes",0,1,-1
08/2021,Com. Atac. de Resíduos e Sucatas Metálicos,0,1,-1
08/2021,Com. Atac. de Carnes Bovinas e Suínas e Derivados,35,3,32
08/2021,"Com. Var. de Merc. em Geral, com Pred. de Produtos Alim. - Minimercados, Mercearias e Armazéns",2,1,1
08/2021,"Com. Var. de Merc. em Geral, com Pred. de Produtos Alim. - Minimercados, Mercearias e Armazéns",0,1,-1
08/2021,"Com. Var. de Merc. em Geral, com Pred. de Produtos Alim. - Minimercados, Mercearias e Armazéns",1,1,0
08/2021,Com. por Atacado de Pneumáticos e Câmaras-De-Ar,3,1,2
08/2021,Com. Atac. de Resíduos de Papel e Papelão,0,1,-1
08/2021,Com. Var. de Outros Art. de Uso Doméstico não Especif. Ant.,0,1,-1
08/2021,Com. Var. de Mat. de Const. não Especif. Ant.,0,1,-1
08/2021,Com. Var. de Brinquedos e Art. Recreativos,1,1,0
08/2021,Com. Var. de Art. do Vestuário e Acessórios,1,0,1
08/2021,Com. Var. Especial. de Equip. e Suprimentos de Informática,1,0,1
08/2021,Com. Var. de Produtos Alim. em Geral ou Especial. em Produtos Alim. não Especif. Ant.,1,0,1
08/2021,Com. Var. de Art. Esportivos,0,1,-1
08/2021,Com. Var. de Comb. para Veíc. Autom.,1,0,1
08/2021,Com. Var. de Art. do Vestuário e Acessórios,0,2,-2
08/2021,"Com. a Var. de Automóveis, Camionetas e Utilitários Novos",2,0,2
08/2021,Com. Var. de Comb. para Veíc. Autom.,1,1,0
08/2021,Com. Var. de Móveis,1,0,1
08/2021,Com. Var. de Comb. para Veíc. Autom.,1,1,0
08/2021,"Com. a Var. de Automóveis, Camionetas e Utilitários Novos",2,0,2
08/2021,"Com. a Var. de Automóveis, Camionetas e Utilitários Usados",3,1,2
08/2021,Com. Var. de Outros Produtos não Especif. Ant.,1,0,1
08/2021,Com. Var. de Produtos Alim. em Geral ou Especial. em Produtos Alim. não Especif. Ant.,1,0,1
08/2021,Serv. de Manutenção e Reparação Mecânica de Veíc. Autom.,0,1,-1
08/2021,Com. a Var. de Pneumáticos e Câmaras-De-Ar,1,0,1
08/2021,Padaria e Confeitaria com Pred. de Revenda,0,1,-1
08/2021,Com. Var. de Gás LiqüEfeito de Petróleo (Glp),0,1,-1
08/2021,Com. Var. de Móveis,0,1,-1
08/2021,Com. Var. de Art. do Vestuário e Acessórios,1,2,-1
08/2021,Com. Var. de Outros Produtos não Especif. Ant.,2,2,0
08/2021,Com. Var. de Art. de Colchoaria,0,1,-1
08/2021,"Comercio Var. de Art. de Cama, Mesa e Banho",0,1,-1
08/2021,"Com. Atac. de Tintas, Vernizes e Similares",1,0,1
08/2021,Com. Var. de Tintas e Mat. para Pintura,0,1,-1
08/2021,"Com. Var. de Suvenires, Bijuterias e Artesanatos",1,0,1
08/2021,Com. Var. de Outros Produtos não Especif. Ant.,1,3,-2
08/2021,Com. Var. de Animais Vivos e de Art. e Alimentos para Animais de Estimação,1,0,1
08/2021,"Com. Var. de Produtos Farmac., com Manip. de Fórmulas",1,1,0
08/2021,Com. Var. de Comb. para Veíc. Autom.,0,1,-1
08/2021,Com. Var. de Comb. para Veíc. Autom.,5,0,5
08/2021,"Com. Var. de Produtos Farmac., sem Manip. de Fórmulas",3,0,3
08/2021,Com. Var. Especial. de Equip. de Telefonia e Comunicação,2,2,0
08/2021,Com. Var. Especial. de Equip. de Telefonia e Comunicação,1,1,0
08/2021,Com. Var. Especial. de Equip. de Telefonia e Comunicação,0,2,-2
08/2021,Com. Var. Especial. de Equip. e Suprimentos de Informática,0,1,-1
08/2021,Com. Var. de Outros Produtos não Especif. Ant.,0,1,-1
08/2021,Com. Atac. de Produtos Alim. em Geral,3,3,0
08/2021,Com. varejista especializado de equipamentos e suprimentos de informática,0,1,-1
08/2021,Com. Var. de Outros Produtos não Especif. Ant.,1,2,-1
08/2021,Com. Var. Especial. de Instrumentos Musicais e Acessórios,0,1,-1
08/2021,Com. Atac. de Cosméticos e Produtos de Perfumaria,1,2,-1
08/2021,Com. Var. de Animais Vivos e de Art. e Alimentos para Animais de Estimação,0,1,-1
08/2021,Com. Var. de Outros Art. de Uso Doméstico não Especif. Ant.,1,1,0
08/2021,Com. Var. de Mat. de Const. em Geral,1,1,0
08/2021,"Com. Var. de Produtos Farmac., com Manip. de Fórmulas",0,2,-2
08/2021,Com. Var. de Art. do Vestuário e Acessórios,3,2,1
08/2021,"Com. Var. de Merc. em Geral, com Pred. de Produtos Alim. - Superm.",2,0,2
08/2021,"Com. Var. de Merc. em Geral, com Pred. de Produtos Alim. - Superm.",1,1,0
08/2021,"Com. Var. de Merc. em Geral, com Pred. de Produtos Alim. - Superm.",8,0,8
08/2021,"Serv. de Lavagem, Lubrificação e Polimento de Veíc. Autom.",3,0,3
08/2021,Serv. de Manutenção e Reparação Mecânica de Veíc. Autom.,1,0,1
08/2021,Com. Var. de Carnes - Açougues,0,1,-1
08/2021,Com. Var. de Móveis,0,1,-1
08/2021,Com. Var. de Art. de óptica,0,2,-2
08/2021,Com. Var. de Mat. de Const. não Especif. Ant.,0,1,-1
08/2021,Com. Var. de Mat. de Const. não Especif. Ant.,2,3,-1
08/2021,Com. Var. de Comb. para Veíc. Autom.,1,1,0
08/2021,Com. Var. de Produtos Saneantes Domissanitários,0,1,-1
08/2021,Com. Var. de Mat. de Const. não Especif. Ant.,5,0,5
08/2021,Com. Atac. de Sorvetes,2,3,-1
08/2021,Com. Var. de Art. de óptica,0,1,-1
08/2021,Com. Atac. de Cosméticos e Produtos de Perfumaria,0,1,-1
08/2021,Com. Var. Especial. de Instrumentos Musicais e Acessórios,0,1,-1
08/2021,Com. Var. de Art. do Vestuário e Acessórios,2,1,1
08/2021,Com. a Var. de Peças e Acessórios Novos para Veíc. Autom.,2,2,0
08/2021,Com. Var. de Art. de óptica,1,0,1
08/2021,Com. Atac. de Ferragens e Ferramentas,0,1,-1
08/2021,Com. Atac. de Ferragens e Ferramentas,0,1,-1
08/2021,Serv. de Manutenção e Reparação Mecânica de Veíc. Autom.,2,0,2
08/2021,"Com. Var. de Produtos Farmac., sem Manip. de Fórmulas",1,0,1
08/2021,Com. Var. de Bebidas,0,1,-1
08/2021,Com. por Atacado de Peças e Acessórios para Motocicletas e Motonetas,0,2,-2
08/2021,Com. Var. de Art. de Viagem,1,0,1
08/2021,Com. Var. de Art. de Viagem,1,0,1
08/2021,"Com. a Var. de Automóveis, Camionetas e Utilitários Novos",0,1,-1
08/2021,Com. Var. de Outros Produtos não Especif. Ant.,1,0,1
08/2021,Com. Var. Especial. de Eletrod. e Equip. de áudio e Vídeo,0,1,-1
08/2021,Com. Var. de Comb. para Veíc. Autom.,2,0,2
08/2021,Com. Atac. de Produtos Alim. em Geral,16,17,-1
08/2021,Com. Var. de Produtos Alim. em Geral ou Especial. em Produtos Alim. não Especif. Ant.,0,1,-1
08/2021,Com. Var. de Calçados,0,1,-1
08/2021,Com. Var. de Equip. para Escritório,0,2,-2
08/2021,"Com. Var. de Produtos Farmac., com Manip. de Fórmulas",0,1,-1
08/2021,Com. Var. de Plantas e Flores Naturais,0,2,-2
08/2021,Com. Var. de Outros Produtos não Especif. Ant.,7,3,4
08/2021,Com. Var. de Outros Art. de Uso Doméstico não Especif. Ant.,2,1,1
08/2021,Serv. de Manutenção e Reparação Mecânica de Veíc. Autom.,1,1,0
08/2021,Com. Var. de Equip. para Escritório,3,1,2
08/2021,Com. Var. de Art. do Vestuário e Acessórios,1,0,1
08/2021,Com. Var. Especial. de Eletrod. e Equip. de áudio e Vídeo,0,2,-2
08/2021,Com. Var. de Art. do Vestuário e Acessórios,1,1,0
08/2021,Com. Var. de Hortifrutigranjeiros,6,4,2
08/2021,Com. Var. de Hortifrutigranjeiros,1,2,-1
08/2021,"Com. Var. de Merc. em Geral, com Pred. de Produtos Alim. - Minimercados, Mercearias e Armazéns",1,0,1
08/2021,"Com. a Var. de Automóveis, Camionetas e Utilitários Novos",6,0,6
08/2021,Com. Var. de Plantas e Flores Naturais,6,0,6
08/2021,Serv. de Manutenção e Reparação Mecânica de Veíc. Autom.,0,1,-1
08/2021,Com. Atac. de Ferragens e Ferramentas,0,1,-1
08/2021,"Com. Var. de Merc. em Geral, com Pred. de Produtos Alim. - Minimercados, Mercearias e Armazéns",1,0,1
08/2021,Com. Var. de Comb. para Veíc. Autom.,0,1,-1
08/2021,Com. Var. de Bebidas,2,0,2
08/2021,Serv. de Lanternagem ou Funilaria e Pintura de Veíc. Autom.,1,3,-2
08/2021,Com. Var. de Produtos Alim. em Geral ou Especial. em Produtos Alim. não Especif. Ant.,2,5,-3
08/2021,Com. Var. de Produtos Alim. em Geral ou Especial. em Produtos Alim. não Especif. Ant.,2,0,2
08/2021,Com. Var. de Brinquedos e Art. Recreativos,1,0,1
08/2021,Com. a Var. de Peças e Acessórios Novos para Veíc. Autom.,0,5,-5
08/2021,Com. Atac. de Resíduos de Papel e Papelão,1,0,1
08/2021,Com. Var. de Comb. para Veíc. Autom.,1,0,1
08/2021,Com. Var. de Calçados,1,4,-3
08/2021,Com. Var. de Bebidas,3,0,3
08/2021,"Com. a Var. de Automóveis, Camionetas e Utilitários Novos",1,1,0
08/2021,Com. Var. de Mat. de Const. em Geral,1,0,1
08/2021,Com. Var. Especial. de Equip. e Suprimentos de Informática,1,0,1
08/2021,Com. Atac. de Resíduos e Sucatas Metálicos,1,0,1
08/2021,"Com. Var. de Merc. em Geral, com Pred. de Produtos Alim. - Minimercados, Mercearias e Armazéns",1,0,1
08/2021,Com. Var. de Art. do Vestuário e Acessórios,1,1,0
08/2021,Comercio Var. de Art. de Armarinho,1,1,0
08/2021,Com. Var. de Art. de Joalheria,1,0,1
08/2021,Com. Var. de Madeira e Artefatos,1,0,1
08/2021,"Com. Var. de Cosméticos, Produtos de Perfumaria e de Higiene Pessoal",0,1,-1
08/2021,Com. Var. de Livros,0,1,-1
08/2021,Padaria e Confeitaria com Pred. de Revenda,1,2,-1
08/2021,Padaria e Confeitaria com Pred. de Revenda,0,1,-1
08/2021,"Com. Atac. de Resíduos e Sucatas Não-Metálicos, Exceto de Papel e Papelão",0,1,-1
08/2021,"Com. Var. de Merc. em Geral, com Pred. de Produtos Alim. - Superm.",5,4,1
08/2021,"Com. Var. de Merc. em Geral, com Pred. de Produtos Alim. - Superm.",127,13,114
08/2021,Com. Var. de Art. de óptica,5,1,4
08/2021,Com. Atac. de Outros Equip. e Art. de Uso Pessoal e Doméstico não Especif. Ant.,1,2,-1
08/2021,Com. Var. Especial. de Equip. e Suprimentos de Informática,1,0,1
08/2021,Com. Var. de Mat. de Const. em Geral,1,0,1
08/2021,"Com. Var. de Cosméticos, Produtos de Perfumaria e de Higiene Pessoal",2,1,1
08/2021,"Com. Var. de Cosméticos, Produtos de Perfumaria e de Higiene Pessoal",0,2,-2
08/2021,Com. Atac. de Mat. de Const. em Geral,10,6,4
08/2021,Com. Atac. de Alimentos para Animais,1,2,-1
08/2021,Com. Var. de Art. do Vestuário e Acessórios,1,0,1
08/2021,Com. Atac. de Produtos Alim. em Geral,0,1,-1
08/2021,Com. Var. de Outros Art. de Uso Doméstico não Especif. Ant.,4,3,1
08/2021,Com. Var. de Outros Art. de Uso Doméstico não Especif. Ant.,1,0,1
08/2021,Com. Var. de Outros Art. de Uso Doméstico não Especif. Ant.,4,1,3
08/2021,Com. Atac. de Outros Equip. e Art. de Uso Pessoal e Doméstico não Especif. Ant.,2,4,-2
08/2021,Com. Var. Especial. de Eletrod. e Equip. de áudio e Vídeo,1,0,1
08/2021,Com. Var. de Madeira e Artefatos,1,0,1
08/2021,Com. Atac. Especial. em Outros Produtos Intermediários não Especif. Ant.,0,1,-1
08/2021,"Com. Var. de Merc. em Geral, com Pred. de Produtos Alim. - Minimercados, Mercearias e Armazéns",0,1,-1
08/2021,"Com. Atac. de Instrumentos e Mat. para Uso Médico, Cirúrgico, Hospitalar e de Laboratórios",1,0,1
08/2021,"Com. Var. de Merc. em Geral, com Pred. de Produtos Alim. - Superm.",21,10,11
08/2021,"Com. Var. de Merc. em Geral, com Pred. de Produtos Alim. - Hipermercados",14,14,0
08/2021,"Com. Var. de Merc. em Geral, com Pred. de Produtos Alim. - Superm.",0,1,-1
08/2021,Com. Var. de Art. de Colchoaria,0,1,-1
08/2021,Com. Var. de Móveis,1,0,1
08/2021,Com. Var. de Art. do Vestuário e Acessórios,1,0,1
08/2021,Com. Var. de Outros Art. de Uso Doméstico não Especif. Ant.,1,0,1
08/2021,"Com. Var. de Suvenires, Bijuterias e Artesanatos",1,1,0
08/2021,Com. Var. de Outros Produtos não Especif. Ant.,2,0,2
08/2021,"Com. Var. de Merc. em Geral, com Pred. de Produtos Alim. - Minimercados, Mercearias e Armazéns",10,5,5
08/2021,Com. Var. de Plantas e Flores Naturais,1,5,-4
08/2021,Com. a Var. de Peças e Acessórios Novos para Veíc. Autom.,1,0,1
08/2021,Com. Var. de Art. Esportivos,2,2,0
08/2021,Padaria e Confeitaria com Pred. de Revenda,2,1,1
08/2021,Com. Var. de Brinquedos e Art. Recreativos,1,1,0
08/2021,"Com. Var. de Merc. em Geral, com Pred. de Produtos Alim. - Superm.",2,9,-7
08/2021,"Lojas de Variedades, Exceto Lojas de Dep. ou Magazines",1,2,-1
08/2021,Com. Var. de Comb. para Veíc. Autom.,1,4,-3
08/2021,"Com. Atac. de Máquinas e Equip. para Uso Industrial, Partes e Peças",0,1,-1
08/2021,Com. a Var. de Peças e Acessórios Novos para Veíc. Autom.,1,0,1
08/2021,Com. Var. de Art. de Colchoaria,1,0,1
08/2021,"Com. Atac. de Frutas, Verduras, Raízes, Tubérculos, Hortaliças e Legumes Frescos",9,4,5
08/2021,"Lojas de Variedades, Exceto Lojas de Dep. ou Magazines",1,1,0
08/2021,Com. Var. de Livros,2,0,2
08/2021,"Com. Var. de Produtos Farmac., sem Manip. de Fórmulas",0,4,-4
08/2021,Com. Atac. de Componentes Eletrônicos e Equip. de Telefonia e Comunicação,0,1,-1
08/2021,Com. Var. de Carnes - Açougues,1,0,1
08/2021,Com. Var. de Art. do Vestuário e Acessórios,0,1,-1
08/2021,Com. Var. de Tintas e Mat. para Pintura,0,2,-2
08/2021,Com. Var. de Tintas e Mat. para Pintura,1,0,1
08/2021,Com. Var. de Comb. para Veíc. Autom.,0,1,-1
08/2021,"Com. Atac. de Cerveja, Chope e Refrigerante",2,1,1
08/2021,Serv. de Alinhamento e Balanceamento de Veíc. Autom.,1,0,1
08/2021,Com. a Var. de Peças e Acessórios Novos para Veíc. Autom.,1,1,0
08/2021,Com. Var. de Produtos Saneantes Domissanitários,2,0,2
08/2021,Com. Var. de Art. de Iluminação,0,1,-1
08/2021,"Representantes Comerciais e Agentes do Com. de Produtos Alim., Bebidas e Fumo",0,2,-2
08/2021,Padaria e Confeitaria com Pred. de Revenda,1,1,0
08/2021,Com. Var. de Comb. para Veíc. Autom.,1,1,0
08/2021,Com. Var. de Carnes - Açougues,1,2,-1
08/2021,Com. Var. de Art. de óptica,0,1,-1
08/2021,"Com. Var. de Produtos Farmac., com Manip. de Fórmulas",1,0,1
08/2021,Com. Var. de Art. de Papelaria,2,1,1
08/2021,"Com. Var. de Cosméticos, Produtos de Perfumaria e de Higiene Pessoal",4,0,4
08/2021,Com. Var. de Comb. para Veíc. Autom.,2,0,2
08/2021,Com. Var. de Art. de Colchoaria,0,2,-2
08/2021,"Com. Var. de Merc. em Geral, com Pred. de Produtos Alim. - Minimercados, Mercearias e Armazéns",0,1,-1
08/2021,Serv. de Manutenção e Reparação Mecânica de Veíc. Autom.,0,1,-1
08/2021,Com. Var. de Art. do Vestuário e Acessórios,1,0,1
08/2021,"Com. a Var. de Automóveis, Camionetas e Utilitários Novos",2,1,1
08/2021,Com. Var. de Calçados,4,3,1
08/2021,Com. a Var. de Pneumáticos e Câmaras-De-Ar,1,0,1
08/2021,Com. Var. de Art. de óptica,1,1,0
08/2021,Com. Var. Especial. de Eletrod. e Equip. de áudio e Vídeo,5,4,1
08/2021,Com. Var. Especial. de Eletrod. e Equip. de áudio e Vídeo,0,1,-1
08/2021,Com. Var. de Outros Produtos não Especif. Ant.,1,0,1
08/2021,Com. Var. de Plantas e Flores Naturais,1,0,1
08/2021,Com. Var. Especial. de Equip. e Suprimentos de Informática,0,1,-1
08/2021,"Com. Var. de Doces, Balas, Bombons e Semelhantes",2,0,2
08/2021,Com. a Var. de Peças e Acessórios Novos para Veíc. Autom.,0,1,-1
08/2021,Com. Var. de Art. do Vestuário e Acessórios,1,1,0
08/2021,Com. Var. de Comb. para Veíc. Autom.,1,0,1
08/2021,Com. Var. de Ferragens e Ferramentas,0,2,-2
08/2021,Com. Atac. de Embalagens,1,0,1
08/2021,"Com. a Var. de Automóveis, Camionetas e Utilitários Usados",2,0,2
08/2021,Com. Var. de Outros Art. de Uso Doméstico não Especif. Ant.,0,1,-1
08/2021,Com. Var. de Livros,1,1,0
08/2021,Com. Var. de Comb. para Veíc. Autom.,0,1,-1
08/2021,Com. Var. de Comb. para Veíc. Autom.,1,2,-1
08/2021,Com. Var. de Animais Vivos e de Art. e Alimentos para Animais de Estimação,0,1,-1
08/2021,Com. Atac. de Resíduos e Sucatas Metálicos,1,0,1
08/2021,Com. Var. de Comb. para Veíc. Autom.,0,1,-1
08/2021,Com. Atac. de Outros Produtos Químicos e Petroquímicos não Especif. Ant.,0,1,-1
08/2021,Com. Var. de Ferragens e Ferramentas,1,0,1
08/2021,Com. Var. de Mat. de Const. em Geral,1,0,1
08/2021,"Com. Var. de Bicicletas e Triciclos, Peças e Acessórios",0,1,-1
08/2021,Com. Var. de Produtos Alim. em Geral ou Especial. em Produtos Alim. não Especif. Ant.,2,0,2
08/2021,"Com. Atac. de Máquinas e Equip. para Uso Industrial, Partes e Peças",0,1,-1
08/2021,"Com. Var. de Doces, Balas, Bombons e Semelhantes",1,0,1
08/2021,Com. Atac. de Ferragens e Ferramentas,0,1,-1
08/2021,Com. Var. de Art. de óptica,1,0,1
08/2021,Com. Var. de Art. Médicos e Ortopédicos,0,1,-1
08/2021,"Com. a Var. de Automóveis, Camionetas e Utilitários Novos",4,3,1
08/2021,Com. Var. de Móveis,0,1,-1
08/2021,Com. Var. de Produtos Alim. em Geral ou Especial. em Produtos Alim. não Especif. Ant.,3,3,0
08/2021,Com. Var. de Mat. Hidráulicos,0,1,-1
08/2021,Com. Var. de Ferragens e Ferramentas,0,1,-1
08/2021,Com. Var. de Outros Produtos não Especif. Ant.,1,2,-1
08/2021,Com. Atac. de Embalagens,12,9,3
08/2021,Com. a Var. de Peças e Acessórios Novos para Veíc. Autom.,1,0,1
08/2021,"Com. a Var. de Automóveis, Camionetas e Utilitários Novos",1,1,0
08/2021,"Com. Atac. de Bombas e Compressores, Partes e Peças",0,1,-1
08/2021,Com. Var. de Outros Produtos não Especif. Ant.,4,4,0
08/2021,Com. Var. de Art. de óptica,1,1,0
08/2021,Com. Var. de Art. de óptica,1,0,1
08/2021,Com. Var. de Ferragens e Ferramentas,1,0,1
08/2021,Com. Var. de Móveis,13,7,6
08/2021,Com. Var. de Móveis,2,0,2
08/2021,Com. Var. Especial. de Equip. de Telefonia e Comunicação,4,0,4
08/2021,Com. Var. de Outros Art. de Uso Doméstico não Especif. Ant.,1,2,-1
08/2021,Com. Var. de Móveis,2,0,2
08/2021,Com. Var. de Calçados,1,0,1
08/2021,Com. a Var. de Peças e Acessórios Novos para Veíc. Autom.,0,1,-1
08/2021,"Com. Var. de Produtos Farmac., sem Manip. de Fórmulas",0,1,-1
08/2021,"Com. Var. de Cosméticos, Produtos de Perfumaria e de Higiene Pessoal",5,5,0
08/2021,"Com. Var. de Merc. em Geral, com Pred. de Produtos Alim. - Superm.",2,0,2
08/2021,Com. Var. de Outros Produtos não Especif. Ant.,0,1,-1
08/2021,"Lojas de Variedades, Exceto Lojas de Dep. ou Magazines",1,0,1
08/2021,"Com. a Var. de Automóveis, Camionetas e Utilitários Novos",1,1,0
08/2021,Com. Atac. de Embalagens,0,3,-3
08/2021,Com. Var. de Hortifrutigranjeiros,7,10,-3
08/2021,"Com. Atac. de Frutas, Verduras, Raízes, Tubérculos, Hortaliças e Legumes Frescos",0,3,-3
08/2021,Com. Var. de Hortifrutigranjeiros,6,4,2
08/2021,Com. Var. de Animais Vivos e de Art. e Alimentos para Animais de Estimação,0,1,-1
08/2021,Padaria e Confeitaria com Pred. de Revenda,0,1,-1
08/2021,"Com. Atac. de Merc. em Geral, com Pred. de Produtos Alim.",6,4,2
08/2021,"Com. Var. de Merc. em Geral, com Pred. de Produtos Alim. - Minimercados, Mercearias e Armazéns",2,0,2
08/2021,Com. Var. Especial. de Equip. e Suprimentos de Informática,1,0,1
08/2021,Com. Var. de Comb. para Veíc. Autom.,1,0,1
08/2021,Com. Var. de Carnes - Açougues,1,0,1
08/2021,Com. Atac. Especial. em Outros Produtos Intermediários não Especif. Ant.,0,1,-1
08/2021,Com. Var. de Comb. para Veíc. Autom.,2,0,2
08/2021,"Com. Var. Especial. de Peças e Acessórios para Aparelhos Eletroeletrônicos para Uso Doméstico, Exceto Informática e Comunicação",0,1,-1
08/2021,"Com. Var. de Merc. em Geral, com Pred. de Produtos Alim. - Minimercados, Mercearias e Armazéns",1,1,0
08/2021,"Com. a Var. de Automóveis, Camionetas e Utilitários Novos",1,1,0
08/2021,Com. Var. de Comb. para Veíc. Autom.,1,1,0
08/2021,Serv. de Alinhamento e Balanceamento de Veíc. Autom.,1,0,1
08/2021,Com. Var. de Móveis,21,11,10
08/2021,"Lojas de Variedades, Exceto Lojas de Dep. ou Magazines",1,0,1
08/2021,Com. a Var. de Peças e Acessórios Novos para Veíc. Autom.,0,2,-2
08/2021,Com. Var. de Mat. Hidráulicos,0,1,-1
08/2021,Com. Var. de Outros Produtos não Especif. Ant.,1,1,0
08/2021,Com. Var. de Material Elétrico,1,0,1
08/2021,Com. a Var. de Peças e Acessórios Novos para Veíc. Autom.,1,0,1
08/2021,Com. Var. de Animais Vivos e de Art. e Alimentos para Animais de Estimação,2,0,2
08/2021,Com. Atac. de Bebidas não Especificadas Ant.,0,1,-1
08/2021,Com. Var. de Comb. para Veíc. Autom.,4,3,1
08/2021,"Com. a Var. de Automóveis, Camionetas e Utilitários Novos",1,1,0
08/2021,Com. Atac. de Produtos Odontológicos,0,1,-1
08/2021,Com. Atac. de Resíduos e Sucatas Metálicos,0,1,-1
08/2021,Com. Var. de Produtos Saneantes Domissanitários,1,0,1
08/2021,"Com. Var. de Merc. em Geral, com Pred. de Produtos Alim. - Minimercados, Mercearias e Armazéns",0,2,-2
08/2021,Com. Atac. de Alimentos para Animais,0,1,-1
08/2021,Com. Var. de Art. do Vestuário e Acessórios,0,9,-9
08/2021,Com. por Atacado de Caminhões Novos e Usados,2,3,-1
08/2021,Com. Var. de Outros Produtos não Especif. Ant.,5,2,3
08/2021,Com. Var. de Art. de Papelaria,2,0,2
08/2021,Com. Var. de Mat. Hidráulicos,2,0,2
08/2021,Com. Var. de Calçados,1,1,0
08/2021,Com. Var. de Art. do Vestuário e Acessórios,2,3,-1
08/2021,Com. Var. de Art. do Vestuário e Acessórios,3,1,2
08/2021,Com. Var. de Madeira e Artefatos,1,0,1
08/2021,Com. Var. Especial. de Equip. e Suprimentos de Informática,4,0,4
08/2021,Com. por Atacado de Peças e Acessórios Novos para Veíc. Autom.,0,1,-1
08/2021,"Serv. de Lavagem, Lubrificação e Polimento de Veíc. Autom.",0,1,-1
08/2021,Com. Var. de Produtos Saneantes Domissanitários,1,0,1
08/2021,Com. Var. de Outros Produtos não Especif. Ant.,2,1,1
08/2021,Com. Var. de Art. Médicos e Ortopédicos,0,1,-1
08/2021,Com. Var. de Art. do Vestuário e Acessórios,0,2,-2
08/2021,Com. Var. de Plantas e Flores Naturais,1,0,1
08/2021,Com. Var. de Comb. para Veíc. Autom.,2,2,0
08/2021,Com. Atac. de Outros Equip. e Art. de Uso Pessoal e Doméstico não Especif. Ant.,3,0,3
08/2021,"Serv. de Instalação, Manutenção e Reparação de Acessórios para Veíc. Autom.",2,2,0
08/2021,Com. Atac. de Equip. Elétricos de Uso Pessoal e Doméstico,1,0,1
08/2021,Com. Var. de Calçados,0,1,-1
08/2021,Com. Var. de Calçados,5,4,1
08/2021,"Lojas de Variedades, Exceto Lojas de Dep. ou Magazines",1,0,1
08/2021,Padaria e Confeitaria com Pred. de Revenda,3,0,3
08/2021,Com. Var. de Art. do Vestuário e Acessórios,0,1,-1
08/2021,Com. Var. de Carnes - Açougues,0,1,-1
08/2021,"Com. a Var. de Automóveis, Camionetas e Utilitários Usados",1,0,1
08/2021,"Lojas de Variedades, Exceto Lojas de Dep. ou Magazines",2,0,2
08/2021,Com. Var. de Livros,1,0,1
08/2021,Com. Var. de Calçados,1,0,1
08/2021,Com. Var. de Art. do Vestuário e Acessórios,3,1,2
08/2021,Com. Var. de Art. do Vestuário e Acessórios,3,6,-3
08/2021,Com. Var. de Art. do Vestuário e Acessórios,2,0,2
08/2021,"Com. Var. de Merc. em Geral, com Pred. de Produtos Alim. - Minimercados, Mercearias e Armazéns",0,1,-1
08/2021,Com. a Var. de Motocicletas e Motonetas Usadas,1,0,1
08/2021,Com. Var. de Mat. de Const. não Especif. Ant.,0,1,-1
08/2021,Com. Var. de Outros Produtos não Especif. Ant.,1,0,1
08/2021,Com. Var. de Art. de Joalheria,2,0,2
08/2021,"Comercio Var. de Art. de Cama, Mesa e Banho",1,0,1
08/2021,Com. Var. de Mat. de Const. em Geral,3,0,3
08/2021,"Lojas de Variedades, Exceto Lojas de Dep. ou Magazines",0,1,-1
08/2021,Com. Var. de Ferragens e Ferramentas,0,1,-1
08/2021,Com. Var. de Calçados,2,0,2
08/2021,Com. Var. de Móveis,1,0,1
08/2021,Com. Var. de Vidros,1,1,0
08/2021,"Com. Var. de Cosméticos, Produtos de Perfumaria e de Higiene Pessoal",2,1,1
08/2021,"Com. Var. de Cosméticos, Produtos de Perfumaria e de Higiene Pessoal",1,0,1
08/2021,Com. por Atacado de Peças e Acessórios Novos para Veíc. Autom.,1,1,0
08/2021,Com. a Var. de Peças e Acessórios Novos para Veíc. Autom.,0,1,-1
08/2021,"Com. Atac. de Merc. em Geral, com Pred. de Produtos Alim.",17,19,-2
08/2021,Com. Atac. Especial. em Outros Produtos Alim. não Especif. Ant.,0,1,-1
08/2021,"Serv. de Lavagem, Lubrificação e Polimento de Veíc. Autom.",1,0,1
08/2021,Com. Var. de Art. do Vestuário e Acessórios,0,1,-1
08/2021,Com. a Var. de Peças e Acessórios Novos para Veíc. Autom.,0,1,-1
08/2021,Com. Var. de Mat. de Const. em Geral,0,1,-1
08/2021,Com. Var. de Art. de óptica,2,0,2
08/2021,"Com. Var. de Merc. em Geral, com Pred. de Produtos Alim. - Minimercados, Mercearias e Armazéns",1,1,0
08/2021,Com. Var. de Art. de Papelaria,4,3,1
08/2021,Com. Atac. Especial. em Outros Produtos Intermediários não Especif. Ant.,0,2,-2
08/2021,"Com. Atac. de Outras Máquinas e Equip. não Especif. Ant., Partes e Peças",6,5,1
08/2021,Com. Var. de Art. do Vestuário e Acessórios,1,0,1
08/2021,Com. Var. de Móveis,1,4,-3
08/2021,Com. Var. Especial. de Instrumentos Musicais e Acessórios,1,0,1
08/2021,Com. Var. de Art. do Vestuário e Acessórios,2,1,1
08/2021,Com. Atac. de Embalagens,0,2,-2
08/2021,Com. a Var. de Peças e Acessórios Novos para Veíc. Autom.,0,2,-2
08/2021,Com. Var. de Comb. para Veíc. Autom.,1,0,1
08/2021,Com. Atac. de Cosméticos e Produtos de Perfumaria,1,0,1
08/2021,Com. Var. de Outros Produtos não Especif. Ant.,1,1,0
08/2021,Com. a Var. de Peças e Acessórios Usados para Veíc. Autom.,1,0,1
08/2021,"Com. Var. de Produtos Farmac., sem Manip. de Fórmulas",2,0,2
08/2021,Com. Var. de Ferragens e Ferramentas,0,1,-1
08/2021,Com. Var. de Móveis,42,19,23
08/2021,"Com. Atac. de Frutas, Verduras, Raízes, Tubérculos, Hortaliças e Legumes Frescos",1,0,1
08/2021,Com. Var. de Art. do Vestuário e Acessórios,3,2,1
08/2021,"Com. Var. de Produtos Farmac., com Manip. de Fórmulas",1,2,-1
08/2021,Com. Var. de Outros Art. de Uso Doméstico não Especif. Ant.,0,1,-1
08/2021,Serv. de Lanternagem ou Funilaria e Pintura de Veíc. Autom.,1,0,1
08/2021,"Com. Var. de Cosméticos, Produtos de Perfumaria e de Higiene Pessoal",2,0,2
08/2021,Padaria e Confeitaria com Pred. de Revenda,0,1,-1
08/2021,"Com. Var. de Produtos Farmac., sem Manip. de Fórmulas",3,0,3
08/2021,Com. a Var. de Peças e Acessórios Novos para Veíc. Autom.,3,4,-1
08/2021,Com. Var. de Livros,4,4,0
08/2021,"Lojas de Variedades, Exceto Lojas de Dep. ou Magazines",1,0,1
08/2021,Com. Atac. de Alimentos para Animais,3,1,2
08/2021,Com. Var. de Brinquedos e Art. Recreativos,1,1,0
08/2021,Com. Var. de Art. do Vestuário e Acessórios,2,3,-1
08/2021,"Com. Var. de Cosméticos, Produtos de Perfumaria e de Higiene Pessoal",0,2,-2
08/2021,Com. Var. de Tintas e Mat. para Pintura,0,1,-1
08/2021,"Com. Var. de Doces, Balas, Bombons e Semelhantes",6,10,-4
08/2021,"Com. Atac. de Chocolates, Confeitos, Balas, Bombons e Semelhantes",0,7,-7
08/2021,Com. Var. de Móveis,1,0,1
08/2021,Com. Var. de Móveis,2,1,1
08/2021,"Com. Var. de Cosméticos, Produtos de Perfumaria e de Higiene Pessoal",1,0,1
08/2021,"Com. Var. de Doces, Balas, Bombons e Semelhantes",1,0,1
08/2021,"Com. Var. de Doces, Balas, Bombons e Semelhantes",1,0,1
08/2021,"Com. Var. de Doces, Balas, Bombons e Semelhantes",1,0,1
08/2021,Com. Var. de Calçados,1,1,0
08/2021,"Com. Var. de Produtos Farmac., sem Manip. de Fórmulas",1,0,1
08/2021,Com. Var. de Art. de Joalheria,1,1,0
08/2021,Com. Var. de Art. do Vestuário e Acessórios,2,0,2
08/2021,Com. Var. Especial. de Equip. de Telefonia e Comunicação,1,4,-3
08/2021,Com. Var. de Produtos Alim. em Geral ou Especial. em Produtos Alim. não Especif. Ant.,2,0,2
08/2021,Com. Var. de Art. do Vestuário e Acessórios,2,0,2
08/2021,Com. Var. de Outros Produtos não Especif. Ant.,1,0,1
08/2021,"Com. Var. de Merc. em Geral, com Pred. de Produtos Alim. - Minimercados, Mercearias e Armazéns",2,0,2
08/2021,Com. Var. de Calçados,2,1,1
08/2021,Com. Var. de Art. do Vestuário e Acessórios,1,0,1
08/2021,Com. Var. de Calçados,0,1,-1
08/2021,Com. Var. de Outros Art. de Uso Doméstico não Especif. Ant.,1,1,0
08/2021,Comercio Var. de Art. de Armarinho,0,1,-1
08/2021,Com. Var. de Móveis,2,0,2
08/2021,"Com. Var. de Cal, Areia, Pedra Britada, Tijolos e Telhas",1,0,1
08/2021,"Com. Var. de Merc. em Geral, com Pred. de Produtos Alim. - Minimercados, Mercearias e Armazéns",0,1,-1
08/2021,Com. a Var. de Peças e Acessórios Novos para Veíc. Autom.,1,0,1
08/2021,Com. Var. de Art. do Vestuário e Acessórios,0,1,-1
08/2021,"Com. Var. de Suvenires, Bijuterias e Artesanatos",0,1,-1
08/2021,"Com. Var. de Doces, Balas, Bombons e Semelhantes",1,0,1
08/2021,Com. Var. de Móveis,1,0,1
08/2021,Com. Var. de Art. do Vestuário e Acessórios,2,1,1
08/2021,Com. Var. de Art. de óptica,3,2,1
08/2021,Com. Var. Especial. de Equip. e Suprimentos de Informática,2,0,2
08/2021,"Serv. de Lavagem, Lubrificação e Polimento de Veíc. Autom.",0,11,-11
08/2021,Com. Var. de Art. do Vestuário e Acessórios,2,0,2
08/2021,"Com. Var. de Doces, Balas, Bombons e Semelhantes",2,1,1
08/2021,"Com. Atac. de Máquinas e Equip. para Uso Industrial, Partes e Peças",3,4,-1
08/2021,Com. a Var. de Peças e Acessórios Novos para Veíc. Autom.,1,0,1
08/2021,Com. por Atacado de Motocicletas e Motonetas,3,0,3
08/2021,Com. Var. Especial. de Equip. de Telefonia e Comunicação,0,1,-1
08/2021,Com. Var. de Tintas e Mat. para Pintura,2,0,2
08/2021,"Representantes Comerciais e Agentes do Com. de Máquinas, Equip., Embarcações e Aeronaves",1,0,1
08/2021,"Com. Var. de Produtos Farmac., com Manip. de Fórmulas",3,5,-2
08/2021,Com. Var. de Outros Produtos não Especif. Ant.,3,0,3
08/2021,Com. Var. de Mat. de Const. não Especif. Ant.,0,1,-1
08/2021,Com. Var. Especial. de Equip. de Telefonia e Comunicação,0,1,-1
08/2021,Com. Atac. de Componentes Eletrônicos e Equip. de Telefonia e Comunicação,1,1,0
08/2021,Com. Var. de Art. Esportivos,1,1,0
08/2021,Com. Atac. de Carnes Bovinas e Suínas e Derivados,4,3,1
08/2021,Com. Var. de Animais Vivos e de Art. e Alimentos para Animais de Estimação,6,3,3
08/2021,Com. Var. de Mat. de Const. não Especif. Ant.,2,0,2
08/2021,"Com. Atac. de Resíduos e Sucatas Não-Metálicos, Exceto de Papel e Papelão",1,1,0
08/2021,Com. a Var. de Peças e Acessórios Usados para Veíc. Autom.,1,0,1
08/2021,"Lojas de Variedades, Exceto Lojas de Dep. ou Magazines",1,2,-1
08/2021,Com. Var. de Lubrificantes,2,2,0
08/2021,Com. Var. Especial. de Equip. e Suprimentos de Informática,2,1,1
08/2021,Com. Var. de Art. de óptica,1,2,-1
08/2021,Com. Var. de Art. do Vestuário e Acessórios,0,2,-2
08/2021,Com. Var. de Art. de Papelaria,1,1,0
08/2021,"Com. Var. Especial. de Peças e Acessórios para Aparelhos Eletroeletrônicos para Uso Doméstico, Exceto Informática e Comunicação",1,0,1
08/2021,Com. Var. de Art. do Vestuário e Acessórios,0,1,-1
08/2021,Com. Var. de Hortifrutigranjeiros,0,1,-1
08/2021,"Com. Var. de Cosméticos, Produtos de Perfumaria e de Higiene Pessoal",0,1,-1
08/2021,"Serv. de Instalação, Manutenção e Reparação de Acessórios para Veíc. Autom.",1,0,1
08/2021,Com. Var. de Art. do Vestuário e Acessórios,0,1,-1
08/2021,Com. a Var. de Peças e Acessórios Novos para Veíc. Autom.,0,1,-1
08/2021,Com. a Var. de Peças e Acessórios Novos para Veíc. Autom.,0,1,-1
08/2021,Serv. de Manutenção e Reparação Mecânica de Veíc. Autom.,1,0,1
08/2021,Com. Var. de Art. de Viagem,0,1,-1
08/2021,Com. Var. de Produtos Alim. em Geral ou Especial. em Produtos Alim. não Especif. Ant.,1,0,1
08/2021,Com. Var. de Art. de óptica,1,1,0
08/2021,Com. Var. de Livros,3,0,3
08/2021,Com. Var. de Art. de óptica,1,1,0
08/2021,Serv. de Lanternagem ou Funilaria e Pintura de Veíc. Autom.,1,1,0
08/2021,Com. Atac. de Componentes Eletrônicos e Equip. de Telefonia e Comunicação,1,6,-5
08/2021,Com. Var. Especial. de Equip. de Telefonia e Comunicação,1,0,1
08/2021,Com. Var. de Madeira e Artefatos,0,2,-2
08/2021,Com. a Var. de Peças e Acessórios Novos para Veíc. Autom.,1,2,-1
08/2021,Padaria e Confeitaria com Pred. de Revenda,1,3,-2
08/2021,Com. Var. de Art. de Joalheria,0,1,-1
08/2021,Com. Var. de Art. Esportivos,2,0,2
08/2021,Com. Var. de Móveis,3,4,-1
08/2021,Com. Var. de Art. do Vestuário e Acessórios,1,0,1
08/2021,Padaria e Confeitaria com Pred. de Revenda,0,1,-1
08/2021,Serv. de Manutenção e Reparação Mecânica de Veíc. Autom.,0,1,-1
08/2021,Com. Var. Especial. de Equip. de Telefonia e Comunicação,0,1,-1
08/2021,Com. Var. de Art. do Vestuário e Acessórios,2,0,2
08/2021,Com. Var. de Art. do Vestuário e Acessórios,5,2,3
08/2021,"Com. Var. de Merc. em Geral, com Pred. de Produtos Alim. - Minimercados, Mercearias e Armazéns",2,0,2
08/2021,Com. Var. de Art. do Vestuário e Acessórios,1,1,0
08/2021,Com. a Var. de Peças e Acessórios Novos para Veíc. Autom.,1,0,1
08/2021,Com. Var. de Comb. para Veíc. Autom.,1,1,0
08/2021,"Com. Var. de Cosméticos, Produtos de Perfumaria e de Higiene Pessoal",0,1,-1
08/2021,"Com. Atac. de Outras Máquinas e Equip. não Especif. Ant., Partes e Peças",10,4,6
08/2021,"Com. Var. de Merc. em Geral, com Pred. de Produtos Alim. - Minimercados, Mercearias e Armazéns",4,3,1
08/2021,Com. Var. de Móveis,0,1,-1
08/2021,Com. Var. de Móveis,1,0,1
08/2021,"Com. Var. de Merc. em Geral, com Pred. de Produtos Alim. - Minimercados, Mercearias e Armazéns",1,0,1
08/2021,"Com. Var. de Produtos Farmac., sem Manip. de Fórmulas",0,1,-1
08/2021,Com. Var. de Outros Produtos não Especif. Ant.,0,1,-1
08/2021,Com. Atac. de Ferragens e Ferramentas,2,0,2
08/2021,"Com. Var. de Suvenires, Bijuterias e Artesanatos",0,1,-1
08/2021,Com. Var. de Brinquedos e Art. Recreativos,1,0,1
08/2021,Com. Var. de Art. do Vestuário e Acessórios,1,1,0
08/2021,Com. a Var. de Peças e Acessórios Novos para Veíc. Autom.,1,1,0
08/2021,"Com. Atac. de Instrumentos e Mat. para Uso Médico, Cirúrgico, Hospitalar e de Laboratórios",0,6,-6
08/2021,Com. Var. de Carnes - Açougues,0,1,-1
08/2021,Padaria e Confeitaria com Pred. de Revenda,2,0,2
08/2021,Com. a Var. de Peças e Acessórios Novos para Veíc. Autom.,0,1,-1
08/2021,Com. Atac. de Leite e Laticínios,1,0,1
08/2021,Com. Var. de Comb. para Veíc. Autom.,3,4,-1
08/2021,"Lojas de Dep. ou Magazines, Exceto Lojas Francas (Duty Free)",4,6,-2
08/2021,Com. Var. de Art. de óptica,0,2,-2
08/2021,Com. Var. de Móveis,2,0,2
08/2021,"Com. Var. de Produtos Farmac., sem Manip. de Fórmulas",0,1,-1
08/2021,Com. Var. de Comb. para Veíc. Autom.,2,1,1
08/2021,Com. Atac. de Outros Equip. e Art. de Uso Pessoal e Doméstico não Especif. Ant.,0,1,-1
08/2021,Com. Var. de Produtos Alim. em Geral ou Especial. em Produtos Alim. não Especif. Ant.,0,74,-74
08/2021,Serv. de Manutenção e Reparação Mecânica de Veíc. Autom.,0,2,-2
08/2021,Com. Var. de Móveis,1,0,1
08/2021,Com. Var. de Outros Produtos não Especif. Ant.,1,0,1
08/2021,Com. Var. Especial. de Eletrod. e Equip. de áudio e Vídeo,1,0,1
08/2021,Com. Atac. de Cosméticos e Produtos de Perfumaria,0,4,-4
08/2021,Com. Var. de Móveis,0,1,-1
08/2021,Com. Var. de Calçados,2,3,-1
08/2021,Com. Var. de Art. do Vestuário e Acessórios,2,1,1
08/2021,Com. Var. de Móveis,4,1,3
08/2021,Com. Var. de Art. do Vestuário e Acessórios,1,1,0
08/2021,Com. Var. de Merc. em Lojas de Conveniência,0,1,-1
08/2021,Com. Var. de Ferragens e Ferramentas,0,1,-1
08/2021,Com. a Var. de Peças e Acessórios Novos para Veíc. Autom.,1,0,1
08/2021,Com. Var. de Art. do Vestuário e Acessórios,1,2,-1
08/2021,"Com. Atac. de Vidros, Espelhos e Vitrais",0,1,-1
08/2021,Com. Var. de Art. do Vestuário e Acessórios,0,1,-1
08/2021,Com. a Var. de Peças e Acessórios Novos para Veíc. Autom.,1,0,1
08/2021,Com. Var. de Hortifrutigranjeiros,1,0,1
08/2021,Com. Var. de Outros Produtos não Especif. Ant.,1,2,-1
08/2021,Com. Atac. de Produtos Alim. em Geral,7,3,4
08/2021,Com. a Var. de Peças e Acessórios Novos para Veíc. Autom.,1,0,1
08/2021,"Com. Var. de Merc. em Geral, com Pred. de Produtos Alim. - Minimercados, Mercearias e Armazéns",2,3,-1
08/2021,Com. Var. Especial. de Eletrod. e Equip. de áudio e Vídeo,2,10,-8
08/2021,Com. Var. de Art. de óptica,1,0,1
08/2021,Com. Var. de Móveis,1,0,1
08/2021,Com. Var. de Comb. para Veíc. Autom.,1,0,1
08/2021,"Com. Var. de Suvenires, Bijuterias e Artesanatos",0,1,-1
08/2021,Com. Var. de Art. do Vestuário e Acessórios,1,0,1
08/2021,"Com. Var. Especial. de Peças e Acessórios para Aparelhos Eletroeletrônicos para Uso Doméstico, Exceto Informática e Comunicação",0,1,-1
08/2021,Com. Atac. de Cosméticos e Produtos de Perfumaria,1,1,0
08/2021,Com. Var. de Art. do Vestuário e Acessórios,3,2,1
08/2021,"Com. Var. de Merc. em Geral, com Pred. de Produtos Alim. - Minimercados, Mercearias e Armazéns",1,1,0
08/2021,Com. Var. de Outros Produtos não Especif. Ant.,1,0,1
08/2021,Com. Atac. Especial. em Outros Produtos Alim. não Especif. Ant.,1,1,0
08/2021,Com. a Var. de Peças e Acessórios Novos para Veíc. Autom.,1,0,1
08/2021,Com. Var. de Outros Produtos não Especif. Ant.,1,0,1
08/2021,Com. a Var. de Pneumáticos e Câmaras-De-Ar,0,1,-1
08/2021,Com. Var. de Carnes - Açougues,2,0,2
08/2021,Com. Var. de Outros Art. de Uso Doméstico não Especif. Ant.,2,1,1
08/2021,Com. Var. de Art. do Vestuário e Acessórios,2,0,2
08/2021,Com. Var. de Ferragens e Ferramentas,2,0,2
08/2021,Com. Var. de Art. do Vestuário e Acessórios,2,1,1
08/2021,Com. Atac. de Cosméticos e Produtos de Perfumaria,2,1,1
08/2021,Com. a Var. de Peças e Acessórios para Motocicletas e Motonetas (Desativado),0,4,-4
08/2021,Comercio Var. de Art. de Armarinho,2,1,1
08/2021,Com. Var. de Livros,4,0,4
08/2021,Com. Var. de Produtos Alim. em Geral ou Especial. em Produtos Alim. não Especif. Ant.,0,1,-1
08/2021,Com. Var. de Art. de óptica,1,0,1
08/2021,Com. Var. de Merc. em Lojas de Conveniência,0,1,-1
08/2021,Padaria e Confeitaria com Pred. de Revenda,1,0,1
08/2021,Com. Var. de Merc. em Lojas de Conveniência,1,1,0
08/2021,"Com. Var. de Merc. em Geral, com Pred. de Produtos Alim. - Minimercados, Mercearias e Armazéns",1,0,1
08/2021,Com. Var. de Laticínios e Frios,1,0,1
08/2021,Com. Var. de Art. do Vestuário e Acessórios,0,1,-1
08/2021,Com. Var. de Calçados,1,0,1
08/2021,Serv. de Borracharia para Veíc. Autom.,1,0,1
08/2021,Padaria e Confeitaria com Pred. de Revenda,2,1,1
08/2021,Com. Var. Especial. de Equip. de Telefonia e Comunicação,3,0,3
08/2021,Com. Atac. de Embalagens,1,3,-2
08/2021,"Com. Var. de Produtos Farmac., sem Manip. de Fórmulas",0,1,-1
08/2021,Com. Var. de Art. do Vestuário e Acessórios,1,0,1
08/2021,Com. Var. de Art. do Vestuário e Acessórios,1,0,1
08/2021,Com. Var. de Animais Vivos e de Art. e Alimentos para Animais de Estimação,1,1,0
08/2021,Com. Var. de Animais Vivos e de Art. e Alimentos para Animais de Estimação,0,1,-1
08/2021,Com. Var. de Móveis,0,1,-1
08/2021,Com. Var. de Tecidos,0,1,-1
08/2021,Com. Var. de Carnes - Açougues,1,0,1
08/2021,"Com. Var. de Cosméticos, Produtos de Perfumaria e de Higiene Pessoal",2,0,2
08/2021,"Com. Atac. de Merc. em Geral, sem Pred. de Alimentos ou de Insumos Agropecuários",0,8,-8
08/2021,"Com. Var. de Merc. em Geral, com Pred. de Produtos Alim. - Superm.",3,2,1
08/2021,Com. Var. Especial. de Equip. de Telefonia e Comunicação,0,2,-2
08/2021,Padaria e Confeitaria com Pred. de Revenda,1,0,1
08/2021,"Com. Var. de Produtos Farmac., sem Manip. de Fórmulas",2,0,2
08/2021,Com. Atac. de Produtos Alim. em Geral,1,0,1
08/2021,"Com. a Var. de Automóveis, Camionetas e Utilitários Usados",1,0,1
08/2021,Serv. de Lanternagem ou Funilaria e Pintura de Veíc. Autom.,1,0,1
08/2021,Com. Var. de Produtos Alim. em Geral ou Especial. em Produtos Alim. não Especif. Ant.,1,0,1
08/2021,"Lojas de Dep. ou Magazines, Exceto Lojas Francas (Duty Free)",1,0,1
08/2021,Com. Var. de Outros Produtos não Especif. Ant.,1,0,1
08/2021,Com. Var. de Produtos Alim. em Geral ou Especial. em Produtos Alim. não Especif. Ant.,2,2,0
08/2021,Com. Var. de Outros Produtos não Especif. Ant.,0,1,-1
08/2021,Com. Var. de Merc. em Lojas de Conveniência,1,0,1
08/2021,Com. Var. de Art. do Vestuário e Acessórios,1,0,1
08/2021,Com. Var. Especial. de Eletrod. e Equip. de áudio e Vídeo,1,0,1
08/2021,Com. Var. de Outros Produtos não Especif. Ant.,0,1,-1
08/2021,Com. Var. de Mat. de Const. não Especif. Ant.,2,0,2
08/2021,"Com. Var. de Cosméticos, Produtos de Perfumaria e de Higiene Pessoal",3,1,2
08/2021,Com. Var. de Art. do Vestuário e Acessórios,2,0,2
08/2021,Com. Var. de Outros Produtos não Especif. Ant.,1,1,0
08/2021,Com. Var. de Art. do Vestuário e Acessórios,1,1,0
08/2021,"Com. Var. de Produtos Farmac., sem Manip. de Fórmulas",1,0,1
08/2021,Padaria e Confeitaria com Pred. de Revenda,0,1,-1
08/2021,Com. Var. de Art. Médicos e Ortopédicos,1,0,1
08/2021,Com. Var. de Art. de óptica,1,0,1
08/2021,Com. Var. de Mat. de Const. em Geral,1,1,0
08/2021,"Com. a Var. de Automóveis, Camionetas e Utilitários Novos",0,1,-1
08/2021,Com. Var. de Gás LiqüEfeito de Petróleo (Glp),2,0,2
08/2021,Peixaria,1,0,1
08/2021,Com. Var. de Art. do Vestuário e Acessórios,4,1,3
08/2021,Com. Var. de Art. do Vestuário e Acessórios,1,0,1
08/2021,Serv. de Manutenção e Reparação Mecânica de Veíc. Autom.,1,0,1
08/2021,Com. Var. de Art. de óptica,1,0,1
08/2021,"Com. Var. de Produtos Farmac., sem Manip. de Fórmulas",0,1,-1
08/2021,"Com. Var. de Merc. em Geral, com Pred. de Produtos Alim. - Hipermercados",5,8,-3
08/2021,Com. Var. de Art. do Vestuário e Acessórios,1,0,1
08/2021,Com. Var. de Art. de Joalheria,1,2,-1
08/2021,"Com. Var. de Merc. em Geral, com Pred. de Produtos Alim. - Superm.",1,2,-1
08/2021,Com. Var. de Móveis,1,1,0
08/2021,Com. Var. de Tintas e Mat. para Pintura,0,1,-1
08/2021,Com. Var. de Outros Produtos não Especif. Ant.,1,1,0
08/2021,"Serv. de Lavagem, Lubrificação e Polimento de Veíc. Autom.",4,1,3
08/2021,Com. Var. de Art. do Vestuário e Acessórios,0,1,-1
08/2021,Com. Var. de Art. do Vestuário e Acessórios,1,0,1
08/2021,Com. a Var. de Peças e Acessórios Novos para Veíc. Autom.,0,1,-1
08/2021,Com. Var. de Hortifrutigranjeiros,0,2,-2
08/2021,Com. Var. de Art. do Vestuário e Acessórios,1,0,1
08/2021,"Com. Var. de Suvenires, Bijuterias e Artesanatos",0,1,-1
08/2021,Com. Atac. de Produtos Alim. em Geral,2,9,-7
08/2021,Com. Var. Especial. de Equip. de Telefonia e Comunicação,0,1,-1
08/2021,Com. Atac. Especial. em Outros Produtos Alim. não Especif. Ant.,6,6,0
08/2021,Com. Var. de Art. de Papelaria,1,0,1
08/2021,Com. Var. de Mat. de Const. não Especif. Ant.,4,0,4
08/2021,Com. Var. de Outros Produtos não Especif. Ant.,1,0,1
08/2021,"Com. Var. de Doces, Balas, Bombons e Semelhantes",10,2,8
08/2021,Com. Var. de Hortifrutigranjeiros,1,1,0
08/2021,"Lojas de Variedades, Exceto Lojas de Dep. ou Magazines",0,1,-1
08/2021,Com. Var. de Gás LiqüEfeito de Petróleo (Glp),1,0,1
08/2021,Com. Var. de Plantas e Flores Naturais,3,1,2
08/2021,Com. Var. de Art. do Vestuário e Acessórios,0,2,-2
08/2021,"Com. Var. de Merc. em Geral, com Pred. de Produtos Alim. - Minimercados, Mercearias e Armazéns",1,1,0
08/2021,Com. Var. de Material Elétrico,0,1,-1
08/2021,Com. Var. de Calçados,1,0,1
08/2021,"Com. Var. Especial. de Peças e Acessórios para Aparelhos Eletroeletrônicos para Uso Doméstico, Exceto Informática e Comunicação",1,1,0
08/2021,Com. a Var. de Peças e Acessórios Novos para Veíc. Autom.,0,1,-1
08/2021,Com. Var. Especial. de Equip. de Telefonia e Comunicação,1,0,1
08/2021,"Com. Var. de Suvenires, Bijuterias e Artesanatos",1,0,1
08/2021,Com. Var. Especial. de Equip. de Telefonia e Comunicação,1,0,1
08/2021,Serv. de Borracharia para Veíc. Autom.,1,1,0
08/2021,"Com. Var. de Merc. em Geral, com Pred. de Produtos Alim. - Superm.",2,3,-1
08/2021,"Com. Var. de Merc. em Geral, com Pred. de Produtos Alim. - Superm.",0,1,-1
08/2021,Com. Var. Especial. de Eletrod. e Equip. de áudio e Vídeo,1,2,-1
08/2021,Com. Var. Especial. de Eletrod. e Equip. de áudio e Vídeo,7,28,-21
08/2021,Com. Var. Especial. de Eletrod. e Equip. de áudio e Vídeo,0,3,-3
08/2021,Com. Var. Especial. de Eletrod. e Equip. de áudio e Vídeo,3,5,-2
08/2021,Com. Var. Especial. de Eletrod. e Equip. de áudio e Vídeo,2,1,1
08/2021,Com. Var. Especial. de Eletrod. e Equip. de áudio e Vídeo,3,1,2
08/2021,"Com. Var. de Merc. em Geral, com Pred. de Produtos Alim. - Minimercados, Mercearias e Armazéns",4,2,2
08/2021,"Com. Var. de Merc. em Geral, com Pred. de Produtos Alim. - Minimercados, Mercearias e Armazéns",5,3,2
08/2021,Com. Var. de Art. do Vestuário e Acessórios,1,0,1
08/2021,Com. Var. de Art. do Vestuário e Acessórios,13,7,6
08/2021,Com. Var. de Art. do Vestuário e Acessórios,5,7,-2
08/2021,Com. Var. de Móveis,1,0,1
08/2021,Com. Var. de Art. do Vestuário e Acessórios,2,2,0
08/2021,Com. Atac. de Outros Produtos Químicos e Petroquímicos não Especif. Ant.,1,2,-1
08/2021,Com. a Var. de Motocicletas e Motonetas Usadas,2,0,2
08/2021,Com. Var. Especial. de Equip. de Telefonia e Comunicação,2,1,1
08/2021,Com. Var. de Produtos Alim. em Geral ou Especial. em Produtos Alim. não Especif. Ant.,1,0,1
08/2021,"Com. Var. de Art. de Tapeçaria, Cortinas e Persianas",2,0,2
08/2021,Com. Atac. Especial. em Outros Produtos Alim. não Especif. Ant.,1,0,1
08/2021,Com. Var. de Art. do Vestuário e Acessórios,2,0,2
08/2021,Com. Var. de Art. de óptica,0,1,-1
08/2021,Com. Var. de Hortifrutigranjeiros,1,2,-1
08/2021,Com. Var. de Produtos Alim. em Geral ou Especial. em Produtos Alim. não Especif. Ant.,2,0,2
08/2021,Com. Var. de Produtos Saneantes Domissanitários,2,2,0
08/2021,Com. Var. Especial. de Equip. de Telefonia e Comunicação,1,0,1
08/2021,"Com. Var. de Merc. em Geral, com Pred. de Produtos Alim. - Minimercados, Mercearias e Armazéns",1,0,1
08/2021,Com. Var. de Comb. para Veíc. Autom.,1,1,0
08/2021,Com. Var. de Art. Esportivos,0,1,-1
08/2021,Com. Var. de Art. de Colchoaria,0,1,-1
08/2021,Com. Var. de Outros Art. Usados,3,1,2
08/2021,Com. Var. de Produtos Alim. em Geral ou Especial. em Produtos Alim. não Especif. Ant.,0,3,-3
08/2021,Com. Var. de Animais Vivos e de Art. e Alimentos para Animais de Estimação,1,1,0
08/2021,"Com. Atac. de Outras Máquinas e Equip. não Especif. Ant., Partes e Peças",7,10,-3
08/2021,"Com. Atac. de Outras Máquinas e Equip. não Especif. Ant., Partes e Peças",1,2,-1
08/2021,"Com. Var. Especial. de Peças e Acessórios para Aparelhos Eletroeletrônicos para Uso Doméstico, Exceto Informática e Comunicação",1,0,1
08/2021,Com. Var. de Calçados,1,1,0
08/2021,"Com. Var. de Produtos Farmac., sem Manip. de Fórmulas",0,1,-1
08/2021,Serv. de Manutenção e Reparação Elétrica de Veíc. Autom.,1,0,1
08/2021,"Com. Var. de Produtos Farmac., sem Manip. de Fórmulas",0,1,-1
08/2021,Com. Var. de Outros Art. de Uso Doméstico não Especif. Ant.,0,1,-1
08/2021,Com. Var. de Art. de óptica,0,1,-1
08/2021,Com. Var. de Art. de óptica,1,0,1
08/2021,Com. Var. de Art. do Vestuário e Acessórios,1,1,0
08/2021,Com. Var. de Art. do Vestuário e Acessórios,1,0,1
08/2021,Com. Var. de Art. do Vestuário e Acessórios,0,1,-1
08/2021,Com. Var. de Comb. para Veíc. Autom.,0,1,-1
08/2021,Com. Var. de Art. Médicos e Ortopédicos,1,0,1
08/2021,Com. Var. de Art. do Vestuário e Acessórios,0,3,-3
08/2021,Com. Var. de Mat. de Const. em Geral,1,0,1
08/2021,Com. Var. de Art. do Vestuário e Acessórios,0,1,-1
08/2021,"Com. Atac. de Frutas, Verduras, Raízes, Tubérculos, Hortaliças e Legumes Frescos",1,0,1
08/2021,"Com. Var. de Merc. em Geral, com Pred. de Produtos Alim. - Minimercados, Mercearias e Armazéns",2,0,2
08/2021,Com. Var. de Art. do Vestuário e Acessórios,1,0,1
08/2021,"Lojas de Variedades, Exceto Lojas de Dep. ou Magazines",1,1,0
08/2021,Com. Var. de Art. de óptica,0,4,-4
08/2021,Com. Var. de Bebidas,2,1,1
08/2021,Com. Var. de Art. do Vestuário e Acessórios,2,0,2
08/2021,Serv. de Manutenção e Reparação Mecânica de Veíc. Autom.,1,1,0
08/2021,Com. Var. de Ferragens e Ferramentas,1,0,1
08/2021,Com. a Var. de Peças e Acessórios Novos para Veíc. Autom.,3,0,3
08/2021,"Com. Var. de Produtos Farmac., sem Manip. de Fórmulas",0,1,-1
08/2021,Com. Var. de Plantas e Flores Naturais,1,0,1
08/2021,"Com. Var. de Doces, Balas, Bombons e Semelhantes",1,0,1
08/2021,Com. Var. de Móveis,0,1,-1
08/2021,Com. a Var. de Peças e Acessórios Novos para Veíc. Autom.,2,0,2
08/2021,Com. Var. de Outros Produtos não Especif. Ant.,1,0,1
08/2021,Com. Var. de Art. do Vestuário e Acessórios,1,1,0
08/2021,Com. Var. de Material Elétrico,2,0,2
08/2021,Com. Var. de Ferragens e Ferramentas,3,0,3
08/2021,Com. Var. de Art. do Vestuário e Acessórios,2,0,2
08/2021,"Com. Var. de Doces, Balas, Bombons e Semelhantes",0,1,-1
08/2021,Com. Var. de Outros Produtos não Especif. Ant.,0,1,-1
08/2021,"Lojas de Variedades, Exceto Lojas de Dep. ou Magazines",2,0,2
08/2021,Com. Var. de Art. do Vestuário e Acessórios,0,1,-1
08/2021,Com. Var. de Produtos Alim. em Geral ou Especial. em Produtos Alim. não Especif. Ant.,1,0,1
08/2021,Com. Var. de Art. do Vestuário e Acessórios,1,0,1
08/2021,Com. Var. de Art. Médicos e Ortopédicos,1,0,1
08/2021,Com. Var. de Outros Art. de Uso Doméstico não Especif. Ant.,1,0,1
08/2021,Com. Var. de Art. do Vestuário e Acessórios,1,0,1
08/2021,Com. Var. de Art. do Vestuário e Acessórios,2,2,0
08/2021,Com. Var. de Art. de Joalheria,2,0,2
08/2021,Com. Var. de Ferragens e Ferramentas,0,1,-1
08/2021,Com. Atac. de Embalagens,2,4,-2
08/2021,Com. Var. de Produtos Alim. em Geral ou Especial. em Produtos Alim. não Especif. Ant.,2,1,1
08/2021,"Com. Var. de Cosméticos, Produtos de Perfumaria e de Higiene Pessoal",4,0,4
08/2021,Com. a Var. de Peças e Acessórios Novos para Veíc. Autom.,1,1,0
08/2021,Com. Var. de Bebidas,0,1,-1
08/2021,Com. Var. de Calçados,1,1,0
08/2021,Com. Var. de Livros,1,1,0
08/2021,Com. Var. de Outros Produtos não Especif. Ant.,0,1,-1
08/2021,"Com. Var. de Merc. em Geral, com Pred. de Produtos Alim. - Superm.",7,9,-2
08/2021,Com. Var. de Produtos Alim. em Geral ou Especial. em Produtos Alim. não Especif. Ant.,0,1,-1
08/2021,Com. Var. de Ferragens e Ferramentas,0,1,-1
08/2021,Com. Var. Especial. de Eletrod. e Equip. de áudio e Vídeo,1,0,1
08/2021,"Com. Var. de Cosméticos, Produtos de Perfumaria e de Higiene Pessoal",1,1,0
08/2021,Com. Atac. de Bebidas não Especificadas Ant.,11,3,8
08/2021,Com. Var. de Produtos Alim. em Geral ou Especial. em Produtos Alim. não Especif. Ant.,0,1,-1
08/2021,Com. Var. de Móveis,0,1,-1
08/2021,"Com. Atac. de Frutas, Verduras, Raízes, Tubérculos, Hortaliças e Legumes Frescos",0,5,-5
08/2021,"Com. Var. de Suvenires, Bijuterias e Artesanatos",1,0,1
08/2021,"Com. Atac. de Outras Máquinas e Equip. não Especif. Ant., Partes e Peças",1,4,-3
08/2021,Com. Var. de Produtos Alim. em Geral ou Especial. em Produtos Alim. não Especif. Ant.,2,1,1
08/2021,Com. Var. Especial. de Equip. de Telefonia e Comunicação,0,1,-1
08/2021,"Serv. de Lavagem, Lubrificação e Polimento de Veíc. Autom.",1,0,1
08/2021,Com. Var. de Art. de óptica,2,1,1
08/2021,Padaria e Confeitaria com Pred. de Revenda,3,0,3
08/2021,Padaria e Confeitaria com Pred. de Revenda,0,1,-1
08/2021,Com. Var. de Art. do Vestuário e Acessórios,1,0,1
08/2021,Com. Var. de Art. do Vestuário e Acessórios,1,1,0
08/2021,"Com. Var. de Produtos Farmac., sem Manip. de Fórmulas",10,0,10
08/2021,"Com. Var. de Doces, Balas, Bombons e Semelhantes",1,0,1
08/2021,"Com. Var. de Doces, Balas, Bombons e Semelhantes",1,1,0
08/2021,Com. Atac. Especial. de Mat. de Const. não Especif. Ant.,1,0,1
08/2021,Com. Var. de Carnes - Açougues,8,2,6
08/2021,Com. Var. de Produtos Alim. em Geral ou Especial. em Produtos Alim. não Especif. Ant.,1,1,0
08/2021,Padaria e Confeitaria com Pred. de Revenda,2,0,2
08/2021,Com. Var. de Art. de Joalheria,2,2,0
08/2021,Com. Var. de Art. de óptica,1,0,1
08/2021,Com. Var. de Art. do Vestuário e Acessórios,5,0,5
08/2021,Com. Var. de Art. de óptica,1,0,1
08/2021,"Com. a Var. de Automóveis, Camionetas e Utilitários Novos",1,1,0
08/2021,Com. Var. de Calçados,1,0,1
08/2021,Com. Var. de Carnes - Açougues,1,0,1
08/2021,Com. Var. de Art. de óptica,0,2,-2
08/2021,Com. Var. Especial. de Eletrod. e Equip. de áudio e Vídeo,0,1,-1
08/2021,Com. Var. Especial. de Eletrod. e Equip. de áudio e Vídeo,0,4,-4
08/2021,Com. Atac. de Medicamentos e Drogas de Uso Humano,0,1,-1
08/2021,Com. Var. de Mat. de Const. não Especif. Ant.,0,2,-2
08/2021,Com. Var. de Outros Produtos não Especif. Ant.,1,1,0
08/2021,Com. Var. de Art. do Vestuário e Acessórios,5,12,-7
08/2021,Com. Var. de Art. do Vestuário e Acessórios,7,4,3
08/2021,Com. Var. de Calçados,2,0,2
08/2021,Com. Var. de Calçados,4,2,2
08/2021,Com. Var. de Calçados,1,0,1
08/2021,Com. Var. de Calçados,1,5,-4
08/2021,Com. Var. de Calçados,0,1,-1
08/2021,"Com. Var. de Merc. em Geral, com Pred. de Produtos Alim. - Hipermercados",4,15,-11
08/2021,Com. Var. de Comb. para Veíc. Autom.,3,1,2
08/2021,"Com. Var. de Produtos Farmac., sem Manip. de Fórmulas",1,1,0
08/2021,Com. Atac. de Ferragens e Ferramentas,0,1,-1
08/2021,Com. Var. de Calçados,0,3,-3
08/2021,Com. Var. de Art. do Vestuário e Acessórios,1,4,-3
08/2021,"Com. Var. de Merc. em Geral, com Pred. de Produtos Alim. - Superm.",0,4,-4
08/2021,Com. Var. de Madeira e Artefatos,1,3,-2
08/2021,Com. Atac. de Produtos Alim. em Geral,3,6,-3
08/2021,Com. Var. de Comb. para Veíc. Autom.,1,0,1
08/2021,Com. Var. de Art. do Vestuário e Acessórios,0,2,-2
08/2021,Com. Var. de Art. do Vestuário e Acessórios,3,2,1
08/2021,Com. Var. de Art. do Vestuário e Acessórios,1,0,1
08/2021,"Com. Var. de Merc. em Geral, com Pred. de Produtos Alim. - Superm.",2,1,1
08/2021,"Com. Var. de Merc. em Geral, com Pred. de Produtos Alim. - Superm.",0,2,-2
08/2021,Com. Var. de Plantas e Flores Naturais,1,2,-1
08/2021,"Com. Atac. de Chocolates, Confeitos, Balas, Bombons e Semelhantes",1,0,1
08/2021,"Com. Var. de Merc. em Geral, com Pred. de Produtos Alim. - Superm.",1,0,1
08/2021,"Lojas de Dep. ou Magazines, Exceto Lojas Francas (Duty Free)",0,2,-2
08/2021,Com. Var. de Art. de óptica,1,0,1
08/2021,Com. Var. de Art. do Vestuário e Acessórios,1,1,0
08/2021,"Com. Var. de Cosméticos, Produtos de Perfumaria e de Higiene Pessoal",2,2,0
08/2021,"Comercio Var. de Art. de Cama, Mesa e Banho",0,1,-1
08/2021,Com. Var. de Comb. para Veíc. Autom.,1,0,1
08/2021,"Com. Var. de Merc. em Geral, com Pred. de Produtos Alim. - Superm.",1,1,0
08/2021,Com. Var. de Mat. de Const. em Geral,2,1,1
08/2021,Com. a Var. de Peças e Acessórios Novos para Veíc. Autom.,2,1,1
08/2021,"Com. a Var. de Automóveis, Camionetas e Utilitários Novos",0,1,-1
08/2021,Padaria e Confeitaria com Pred. de Revenda,1,1,0
08/2021,Com. Var. de Produtos Alim. em Geral ou Especial. em Produtos Alim. não Especif. Ant.,2,1,1
08/2021,Com. a Var. de Peças e Acessórios Novos para Veíc. Autom.,0,1,-1
08/2021,Com. a Var. de Peças e Acessórios Novos para Veíc. Autom.,0,2,-2
08/2021,Com. a Var. de Motocicletas e Motonetas Novas,0,1,-1
08/2021,"Com. Var. de Produtos Farmac., sem Manip. de Fórmulas",1,1,0
08/2021,Com. Var. de Comb. para Veíc. Autom.,0,1,-1
08/2021,"Com. Var. de Merc. em Geral, com Pred. de Produtos Alim. - Superm.",1,1,0
08/2021,"Com. Var. de Merc. em Geral, com Pred. de Produtos Alim. - Superm.",1,0,1
08/2021,"Com. Var. de Merc. em Geral, com Pred. de Produtos Alim. - Superm.",2,6,-4
08/2021,"Com. Var. de Merc. em Geral, com Pred. de Produtos Alim. - Superm.",2,5,-3
08/2021,"Com. Var. de Merc. em Geral, com Pred. de Produtos Alim. - Superm.",8,7,1
08/2021,"Com. Var. de Merc. em Geral, com Pred. de Produtos Alim. - Superm.",3,4,-1
08/2021,"Com. Var. de Merc. em Geral, com Pred. de Produtos Alim. - Superm.",14,12,2
08/2021,"Com. Var. de Merc. em Geral, com Pred. de Produtos Alim. - Superm.",3,1,2
08/2021,"Com. Var. de Merc. em Geral, com Pred. de Produtos Alim. - Superm.",1,3,-2
08/2021,Com. Atac. de Produtos Alim. em Geral,4,0,4
08/2021,"Com. Var. de Merc. em Geral, com Pred. de Produtos Alim. - Superm.",3,1,2
08/2021,"Com. Var. de Merc. em Geral, com Pred. de Produtos Alim. - Superm.",0,2,-2
08/2021,"Com. Var. de Merc. em Geral, com Pred. de Produtos Alim. - Superm.",5,3,2
08/2021,"Com. Var. de Merc. em Geral, com Pred. de Produtos Alim. - Superm.",3,3,0
08/2021,"Com. Var. de Merc. em Geral, com Pred. de Produtos Alim. - Superm.",6,4,2
08/2021,"Com. Var. de Merc. em Geral, com Pred. de Produtos Alim. - Superm.",78,2,76
08/2021,Padaria e Confeitaria com Pred. de Revenda,1,1,0
08/2021,Com. Var. de Comb. para Veíc. Autom.,0,1,-1
08/2021,"Com. a Var. de Automóveis, Camionetas e Utilitários Novos",1,2,-1
08/2021,Com. Var. de Mat. de Const. não Especif. Ant.,0,1,-1
08/2021,Padaria e Confeitaria com Pred. de Revenda,0,1,-1
08/2021,Com. a Var. de Peças e Acessórios Novos para Veíc. Autom.,1,0,1
08/2021,Com. Var. de Mat. de Const. em Geral,1,0,1
08/2021,"Com. Var. de Merc. em Geral, com Pred. de Produtos Alim. - Superm.",6,10,-4
08/2021,"Com. Var. de Merc. em Geral, com Pred. de Produtos Alim. - Superm.",3,6,-3
08/2021,"Com. Var. de Merc. em Geral, com Pred. de Produtos Alim. - Superm.",2,1,1
08/2021,"Com. Var. de Merc. em Geral, com Pred. de Produtos Alim. - Superm.",2,0,2
08/2021,"Com. Var. de Merc. em Geral, com Pred. de Produtos Alim. - Superm.",4,2,2
08/2021,"Com. Atac. de Frutas, Verduras, Raízes, Tubérculos, Hortaliças e Legumes Frescos",0,2,-2
08/2021,Com. Var. de Outros Art. de Uso Doméstico não Especif. Ant.,1,0,1
08/2021,Com. Atac. de Resíduos e Sucatas Metálicos,2,0,2
08/2021,Com. a Var. de Motocicletas e Motonetas Novas,2,2,0
08/2021,Com. Atac. de Art. de Escritório e de Papelaria,1,0,1
08/2021,"Com. Atac. de Máquinas, Aparelhos e Equip. para Uso Agropecuário, Partes e Peças",7,8,-1
08/2021,Com. Atac. de Produtos Alim. em Geral,0,1,-1
08/2021,"Com. Var. de Produtos Farmac., com Manip. de Fórmulas",1,1,0
08/2021,Com. Var. de Calçados,1,0,1
08/2021,Com. Var. de Calçados,1,5,-4
08/2021,"Com. Var. de Produtos Farmac., com Manip. de Fórmulas",8,8,0
08/2021,Comercio Var. de Art. de Armarinho,1,0,1
08/2021,Padaria e Confeitaria com Pred. de Revenda,2,3,-1
08/2021,"Com. Atac. de Outras Máquinas e Equip. não Especif. Ant., Partes e Peças",5,2,3
08/2021,"Com. Atac. de Máquinas e Equip. para Uso Industrial, Partes e Peças",1,0,1
08/2021,Serv. de Borracharia para Veíc. Autom.,0,1,-1
08/2021,Serv. de Manutenção e Reparação Mecânica de Veíc. Autom.,1,0,1
08/2021,"Com. Var. de Merc. em Geral, com Pred. de Produtos Alim. - Minimercados, Mercearias e Armazéns",3,0,3
08/2021,Serv. de Manutenção e Reparação Mecânica de Veíc. Autom.,2,2,0
08/2021,Com. Var. de Madeira e Artefatos,2,1,1
08/2021,"Com. Var. de Merc. em Geral, com Pred. de Produtos Alim. - Minimercados, Mercearias e Armazéns",2,1,1
08/2021,"Com. a Var. de Automóveis, Camionetas e Utilitários Novos",5,6,-1
08/2021,"Com. Atac. de Resíduos e Sucatas Não-Metálicos, Exceto de Papel e Papelão",2,1,1
08/2021,Com. a Var. de Peças e Acessórios Novos para Veíc. Autom.,0,1,-1
08/2021,Com. Var. de Art. do Vestuário e Acessórios,1,2,-1
08/2021,"Com. Var. de Merc. em Geral, com Pred. de Produtos Alim. - Minimercados, Mercearias e Armazéns",3,0,3
08/2021,Com. Atac. de Outros Equip. e Art. de Uso Pessoal e Doméstico não Especif. Ant.,3,2,1
08/2021,"Com. Atac. de Máquinas, Aparelhos e Equip. para Uso Agropecuário, Partes e Peças",1,2,-1
08/2021,Com. Var. de Mat. de Const. não Especif. Ant.,1,0,1
08/2021,Com. Var. de Outros Produtos não Especif. Ant.,1,0,1
08/2021,Com. Var. Especial. de Eletrod. e Equip. de áudio e Vídeo,0,2,-2
08/2021,Com. Var. Especial. de Eletrod. e Equip. de áudio e Vídeo,0,2,-2
08/2021,Com. Atac. de Material Elétrico,0,1,-1
08/2021,"Com. Var. de Art. de Caça, Pesca e Camping",1,0,1
08/2021,Com. Var. de Mat. de Const. não Especif. Ant.,4,1,3
08/2021,Com. Var. de Comb. para Veíc. Autom.,1,1,0
08/2021,"Com. Var. de Suvenires, Bijuterias e Artesanatos",1,0,1
08/2021,Com. a Var. de Peças e Acessórios Novos para Veíc. Autom.,0,1,-1
08/2021,"Com. Var. de Produtos Farmac., sem Manip. de Fórmulas",1,1,0
08/2021,"Com. Var. de Merc. em Geral, com Pred. de Produtos Alim. - Minimercados, Mercearias e Armazéns",1,0,1
08/2021,Com. Var. de Brinquedos e Art. Recreativos,1,0,1
08/2021,Com. Var. de Brinquedos e Art. Recreativos,0,1,-1
08/2021,Com. Var. de Brinquedos e Art. Recreativos,0,2,-2
08/2021,"Com. Atac. de Cerveja, Chope e Refrigerante",23,15,8
08/2021,Com. Var. de Comb. para Veíc. Autom.,1,0,1
08/2021,Serv. de Manutenção e Reparação Mecânica de Veíc. Autom.,0,1,-1
08/2021,Padaria e Confeitaria com Pred. de Revenda,0,1,-1
08/2021,Com. Var. de Mat. de Const. em Geral,1,0,1
08/2021,Com. Var. de Tintas e Mat. para Pintura,0,1,-1
08/2021,Com. Var. de Comb. para Veíc. Autom.,2,0,2
08/2021,Com. a Var. de Peças e Acessórios Novos para Veíc. Autom.,0,1,-1
08/2021,Com. Var. de Comb. para Veíc. Autom.,0,1,-1
08/2021,"Com. Atac. de Frutas, Verduras, Raízes, Tubérculos, Hortaliças e Legumes Frescos",0,1,-1
08/2021,Com. Var. de Madeira e Artefatos,0,1,-1
08/2021,Com. Var. de Produtos Alim. em Geral ou Especial. em Produtos Alim. não Especif. Ant.,1,1,0
08/2021,Com. por Atacado de Peças e Acessórios Novos para Veíc. Autom.,0,2,-2
08/2021,"Com. Var. de Produtos Farmac., sem Manip. de Fórmulas",1,2,-1
08/2021,Com. a Var. de Peças e Acessórios Novos para Veíc. Autom.,1,1,0
08/2021,Com. Var. de Mat. de Const. não Especif. Ant.,0,1,-1
08/2021,Com. Atac. de Aves Vivas e Ovos,1,0,1
08/2021,Com. Atac. de Aves Vivas e Ovos,0,2,-2
08/2021,"Lojas de Dep. ou Magazines, Exceto Lojas Francas (Duty Free)",3,0,3
08/2021,"Lojas de Dep. ou Magazines, Exceto Lojas Francas (Duty Free)",5,3,2
08/2021,Com. Atac. de Cosméticos e Produtos de Perfumaria,1,0,1
08/2021,"Com. Atac. de Cerveja, Chope e Refrigerante",6,4,2
08/2021,Com. Var. de Art. do Vestuário e Acessórios,2,1,1
08/2021,Com. Var. de Art. do Vestuário e Acessórios,1,2,-1
08/2021,Com. Atac. de Art. de Escritório e de Papelaria,2,2,0
08/2021,"Com. Var. de Merc. em Geral, com Pred. de Produtos Alim. - Superm.",10,5,5
08/2021,Com. a Var. de Pneumáticos e Câmaras-De-Ar,1,0,1
08/2021,Com. Var. de Livros,0,1,-1
08/2021,"Com. Var. de Produtos Farmac., sem Manip. de Fórmulas",4,1,3
08/2021,"Com. Var. de Produtos Farmac., sem Manip. de Fórmulas",1,1,0
08/2021,"Com. Var. de Produtos Farmac., sem Manip. de Fórmulas",1,0,1
08/2021,"Com. Var. de Produtos Farmac., sem Manip. de Fórmulas",1,2,-1
08/2021,"Com. Var. de Produtos Farmac., sem Manip. de Fórmulas",0,2,-2
08/2021,"Com. Atac. de Instrumentos e Mat. para Uso Médico, Cirúrgico, Hospitalar e de Laboratórios",1,2,-1
08/2021,"Com. Var. de Produtos Farmac., sem Manip. de Fórmulas",0,1,-1
08/2021,"Com. Var. de Produtos Farmac., sem Manip. de Fórmulas",1,1,0
08/2021,"Com. Var. de Produtos Farmac., sem Manip. de Fórmulas",1,0,1
08/2021,"Com. Var. de Produtos Farmac., sem Manip. de Fórmulas",0,2,-2
08/2021,"Com. Var. de Produtos Farmac., sem Manip. de Fórmulas",0,1,-1
08/2021,"Com. Var. de Produtos Farmac., sem Manip. de Fórmulas",0,1,-1
08/2021,"Com. Var. de Produtos Farmac., sem Manip. de Fórmulas",0,1,-1
08/2021,"Com. Var. de Produtos Farmac., sem Manip. de Fórmulas",1,1,0
08/2021,"Com. Var. de Produtos Farmac., sem Manip. de Fórmulas",0,1,-1
08/2021,Com. Var. Especial. de Eletrod. e Equip. de áudio e Vídeo,0,2,-2
08/2021,"Com. Atac. de Vidros, Espelhos e Vitrais",0,1,-1
08/2021,Com. Var. de Outros Art. de Uso Doméstico não Especif. Ant.,3,1,2
08/2021,Com. Var. de Carnes - Açougues,1,0,1
08/2021,"Com. Var. de Merc. em Geral, com Pred. de Produtos Alim. - Minimercados, Mercearias e Armazéns",1,1,0
08/2021,Com. Var. de Plantas e Flores Naturais,5,3,2
08/2021,Com. Var. de Mat. de Const. em Geral,3,1,2
08/2021,Com. por Atacado de Peças e Acessórios Novos para Veíc. Autom.,0,1,-1
08/2021,"Comercio Var. de Art. de Cama, Mesa e Banho",0,2,-2
08/2021,Com. Var. de Mat. de Const. não Especif. Ant.,1,0,1
08/2021,"Com. Var. de Produtos Farmac., sem Manip. de Fórmulas",0,1,-1
08/2021,Com. Var. de Calçados,2,0,2
08/2021,"Com. Var. de Merc. em Geral, com Pred. de Produtos Alim. - Superm.",48,25,23
08/2021,Com. Var. de Art. de Joalheria,0,1,-1
08/2021,"Com. Var. de Produtos Farmac., com Manip. de Fórmulas",1,1,0
08/2021,Com. Var. de Art. de Joalheria,1,0,1
08/2021,Com. Atac. de Resinas e Elastômeros,2,0,2
08/2021,Com. Var. de Outros Produtos não Especif. Ant.,1,2,-1
08/2021,"Com. Var. de Produtos Farmac., sem Manip. de Fórmulas",2,1,1
08/2021,Com. Var. de Móveis,1,0,1
08/2021,Com. Var. de Mat. de Const. não Especif. Ant.,0,1,-1
08/2021,"Com. Var. de Merc. em Geral, com Pred. de Produtos Alim. - Superm.",2,1,1
08/2021,Com. Var. de Produtos Alim. em Geral ou Especial. em Produtos Alim. não Especif. Ant.,0,1,-1
08/2021,Com. Var. de Outros Produtos não Especif. Ant.,2,0,2
08/2021,Padaria e Confeitaria com Pred. de Revenda,1,0,1
08/2021,Com. Var. de Mat. de Const. não Especif. Ant.,5,3,2
08/2021,Com. Atac. de Matérias-Primas Agrícolas não Especificadas Ant.,8,3,5
08/2021,Com. Var. de Brinquedos e Art. Recreativos,1,1,0
08/2021,"Com. Var. de Merc. em Geral, com Pred. de Produtos Alim. - Minimercados, Mercearias e Armazéns",1,1,0
08/2021,Com. Atac. Especial. em Outros Produtos Alim. não Especif. Ant.,1,1,0
08/2021,Com. Var. de Animais Vivos e de Art. e Alimentos para Animais de Estimação,1,0,1
08/2021,"Com. Var. de Merc. em Geral, com Pred. de Produtos Alim. - Minimercados, Mercearias e Armazéns",2,1,1
08/2021,Padaria e Confeitaria com Pred. de Revenda,2,0,2
08/2021,Padaria e Confeitaria com Pred. de Revenda,1,0,1
08/2021,"Com. Var. de Produtos Farmac., com Manip. de Fórmulas",5,4,1
08/2021,"Com. a Var. de Automóveis, Camionetas e Utilitários Usados",1,0,1
08/2021,"Com. Var. de Produtos Farmac., sem Manip. de Fórmulas",2,0,2
08/2021,Com. Var. de Tintas e Mat. para Pintura,0,1,-1
08/2021,Com. Var. de Tintas e Mat. para Pintura,1,1,0
08/2021,Com. Var. de Tintas e Mat. para Pintura,1,1,0
08/2021,Com. Var. de Tintas e Mat. para Pintura,1,2,-1
08/2021,Com. Var. de Tintas e Mat. para Pintura,1,0,1
08/2021,Com. Var. de Tintas e Mat. para Pintura,2,2,0
08/2021,Com. Var. de Mat. de Const. não Especif. Ant.,0,1,-1
08/2021,Com. a Var. de Peças e Acessórios Novos para Veíc. Autom.,0,1,-1
08/2021,Com. Var. de Mat. de Const. não Especif. Ant.,0,1,-1
08/2021,Com. Var. de Art. do Vestuário e Acessórios,2,0,2
08/2021,Com. Var. de Art. de Papelaria,0,1,-1
08/2021,Com. Var. de Madeira e Artefatos,4,0,4
08/2021,"Com. Atac. de Máquinas e Equip. para Uso Industrial, Partes e Peças",0,1,-1
08/2021,Com. Var. de Livros,3,1,2
08/2021,Com. Var. de Comb. para Veíc. Autom.,1,1,0
08/2021,Com. Var. de Comb. para Veíc. Autom.,1,1,0
08/2021,"Com. Atac. de Merc. em Geral, com Pred. de Insumos Agropecuários",4,4,0
08/2021,"Serv. de Lavagem, Lubrificação e Polimento de Veíc. Autom.",18,3,15
08/2021,Com. Var. de Vidros,0,1,-1
08/2021,Com. Var. de Vidros,0,2,-2
08/2021,Com. Var. de Mat. de Const. em Geral,3,2,1
08/2021,"Com. Var. de Merc. em Geral, com Pred. de Produtos Alim. - Superm.",1,0,1
08/2021,"Com. Var. de Merc. em Geral, com Pred. de Produtos Alim. - Hipermercados",7,10,-3
08/2021,Com. Atac. de Ferragens e Ferramentas,10,2,8
08/2021,Com. Var. de Art. do Vestuário e Acessórios,0,2,-2
08/2021,Com. a Var. de Peças e Acessórios Novos para Veíc. Autom.,3,1,2
08/2021,"Com. Var. de Merc. em Geral, com Pred. de Produtos Alim. - Hipermercados",4,7,-3
08/2021,Com. Atac. de Produtos Alim. em Geral,1,1,0
08/2021,Com. Atac. Especial. de Mat. de Const. não Especif. Ant.,5,2,3
08/2021,Com. Var. de Art. de Joalheria,0,1,-1
08/2021,"Com. Atac. de Máquinas, Aparelhos e Equip. para Uso Agropecuário, Partes e Peças",11,0,11
08/2021,Com. Var. Especial. de Equip. e Suprimentos de Informática,1,0,1
08/2021,Com. Var. de Art. do Vestuário e Acessórios,0,3,-3
08/2021,Com. Var. de Art. do Vestuário e Acessórios,0,1,-1
08/2021,"Com. Var. de Produtos Farmac., com Manip. de Fórmulas",1,0,1
08/2021,Com. Var. Especial. de Equip. de Telefonia e Comunicação,1,2,-1
11/2020,Com. Var. Especial. de Equip. e Suprimentos de Informática,1,1,0
11/2020,Com. Var. Especial. de Equip. de Telefonia e Comunicação,1,0,1
11/2020,Com. Var. de Mat. de Const. não Especif. Ant.,1,1,0
11/2020,Com. Var. de Ferragens e Ferramentas,1,0,1
11/2020,Com. Var. de Outros Produtos não Especif. Ant.,0,2,-2
11/2020,Com. Var. Especial. de Eletrod. e Equip. de áudio e Vídeo,5,0,5
11/2020,Padaria e Confeitaria com Pred. de Revenda,0,1,-1
11/2020,Com. Atac. de Ferragens e Ferramentas,1,0,1
11/2020,Com. Var. de Comb. para Veíc. Autom.,0,1,-1
11/2020,Padaria e Confeitaria com Pred. de Revenda,1,0,1
11/2020,"Com. Var. de Cosméticos, Produtos de Perfumaria e de Higiene Pessoal",1,0,1
11/2020,"Com. Atac. de Frutas, Verduras, Raízes, Tubérculos, Hortaliças e Legumes Frescos",0,2,-2
11/2020,"Com. Var. de Produtos Farmac., com Manip. de Fórmulas",1,0,1
11/2020,"Representantes Comerciais e Agentes do Com. de Têxteis, Vestuário, Calçados e Art. de Viagem",1,0,1
11/2020,"Com. Var. de Cosméticos, Produtos de Perfumaria e de Higiene Pessoal",0,1,-1
11/2020,Com. Var. de Lubrificantes,0,1,-1
11/2020,"Com. Atac. de Merc. em Geral, sem Pred. de Alimentos ou de Insumos Agropecuários",14,10,4
11/2020,"Com. a Var. de Automóveis, Camionetas e Utilitários Novos",1,2,-1
11/2020,Com. Var. de Material Elétrico,2,1,1
11/2020,Com. Atac. de Medicamentos e Drogas de Uso Humano,22,24,-2
11/2020,Com. Var. de Art. do Vestuário e Acessórios,1,0,1
11/2020,"Com. Var. de Produtos Farmac., sem Manip. de Fórmulas",0,1,-1
11/2020,Com. Var. Especial. de Equip. de Telefonia e Comunicação,0,1,-1
11/2020,Com. Var. de Outros Produtos não Especif. Ant.,0,1,-1
11/2020,Padaria e Confeitaria com Pred. de Revenda,0,1,-1
11/2020,Com. Atac. Especial. em Outros Produtos Intermediários não Especif. Ant.,1,2,-1
11/2020,Com. Atac. de Componentes Eletrônicos e Equip. de Telefonia e Comunicação,2,1,1
11/2020,"Com. Var. de Cosméticos, Produtos de Perfumaria e de Higiene Pessoal",1,0,1
11/2020,Com. a Var. de Peças e Acessórios Novos para Veíc. Autom.,1,0,1
11/2020,Com. Var. de Ferragens e Ferramentas,0,1,-1
11/2020,Com. Atac. de Produtos Alim. em Geral,1,1,0
11/2020,Comercio Var. de Art. de Armarinho,0,1,-1
11/2020,"Com. Var. de Doces, Balas, Bombons e Semelhantes",0,1,-1
11/2020,Com. Atac. de Carnes Bovinas e Suínas e Derivados,66,20,46
11/2020,"Com. Var. de Merc. em Geral, com Pred. de Produtos Alim. - Minimercados, Mercearias e Armazéns",0,1,-1
11/2020,"Com. Var. de Bicicletas e Triciclos, Peças e Acessórios",0,1,-1
11/2020,Com. Var. de Mat. de Const. não Especif. Ant.,1,2,-1
11/2020,Com. por Atacado de Peças e Acessórios Novos para Veíc. Autom.,2,1,1
11/2020,Com. por Atacado de Pneumáticos e Câmaras-De-Ar,1,3,-2
11/2020,Com. Atac. de Resíduos e Sucatas Metálicos,1,2,-1
11/2020,Com. Var. de Brinquedos e Art. Recreativos,2,0,2
11/2020,Com. Atac. de Produtos Alim. em Geral,8,6,2
11/2020,Com. Var. Especial. de Equip. e Suprimentos de Informática,0,1,-1
11/2020,Com. Var. de Art. Esportivos,1,2,-1
11/2020,Com. Var. de Art. do Vestuário e Acessórios,2,0,2
11/2020,"Com. a Var. de Automóveis, Camionetas e Utilitários Novos",4,3,1
11/2020,Com. Var. de Comb. para Veíc. Autom.,1,0,1
11/2020,Representantes Comerciais e Agentes do Com. de Merc. em Geral não Especial.,0,1,-1
11/2020,Com. Var. de Comb. para Veíc. Autom.,0,2,-2
11/2020,Com. a Var. de Peças e Acessórios para Motocicletas e Motonetas (Desativado),1,0,1
11/2020,"Com. a Var. de Automóveis, Camionetas e Utilitários Novos",4,5,-1
11/2020,"Com. a Var. de Automóveis, Camionetas e Utilitários Novos",1,2,-1
11/2020,"Com. a Var. de Automóveis, Camionetas e Utilitários Usados",0,1,-1
11/2020,"Com. Var. de Doces, Balas, Bombons e Semelhantes",1,1,0
11/2020,Com. Var. de Mat. de Const. não Especif. Ant.,0,1,-1
11/2020,Com. Atac. de Outros Produtos Químicos e Petroquímicos não Especif. Ant.,0,1,-1
11/2020,"Com. Var. de Cosméticos, Produtos de Perfumaria e de Higiene Pessoal",3,0,3
11/2020,Com. Var. de Art. do Vestuário e Acessórios,4,0,4
11/2020,Com. Var. de Comb. para Veíc. Autom.,0,1,-1
11/2020,Com. Var. de Móveis,1,0,1
11/2020,Com. Var. de Outros Produtos não Especif. Ant.,0,1,-1
11/2020,Com. Var. de Art. de Colchoaria,0,1,-1
11/2020,Lojas de Dep. ou Magazines (Desativado),2,0,2
11/2020,"Com. Atac. de Tintas, Vernizes e Similares",5,0,5
11/2020,"Com. Var. de Suvenires, Bijuterias e Artesanatos",2,0,2
11/2020,"Com. Var. de Suvenires, Bijuterias e Artesanatos",2,0,2
11/2020,"Com. Var. de Suvenires, Bijuterias e Artesanatos",0,2,-2
11/2020,Com. Var. de Outros Produtos não Especif. Ant.,0,1,-1
11/2020,"Com. Var. de Produtos Farmac., sem Manip. de Fórmulas",1,0,1
11/2020,Com. Var. Especial. de Equip. de Telefonia e Comunicação,4,4,0
11/2020,Com. Var. Especial. de Equip. de Telefonia e Comunicação,2,1,1
11/2020,Com. Var. de Hortifrutigranjeiros,0,1,-1
11/2020,Com. Var. de Hortifrutigranjeiros,0,1,-1
11/2020,"Com. Var. de Produtos Farmac., sem Manip. de Fórmulas",0,1,-1
11/2020,Com. Atac. de Produtos Alim. em Geral,1,0,1
11/2020,Com. Var. de Madeira e Artefatos,0,1,-1
11/2020,Com. Atac. de Cosméticos e Produtos de Perfumaria,7,7,0
11/2020,"Com. Var. de Cosméticos, Produtos de Perfumaria e de Higiene Pessoal",3,0,3
11/2020,Com. Var. de Mat. de Const. em Geral,2,1,1
11/2020,Com. Var. de Art. do Vestuário e Acessórios,1,0,1
11/2020,Com. Var. de Móveis,1,0,1
11/2020,"Com. Var. de Merc. em Geral, com Pred. de Produtos Alim. - Superm.",1,0,1
11/2020,"Com. Var. de Merc. em Geral, com Pred. de Produtos Alim. - Superm.",0,2,-2
11/2020,"Serv. de Lavagem, Lubrificação e Polimento de Veíc. Autom.",2,0,2
11/2020,Serv. de Manutenção e Reparação Mecânica de Veíc. Autom.,2,0,2
11/2020,Com. Var. de Ferragens e Ferramentas,1,0,1
11/2020,Com. Var. Especial. de Equip. e Suprimentos de Informática,0,2,-2
11/2020,Com. Var. de Hortifrutigranjeiros,0,1,-1
11/2020,Com. Var. de Móveis,0,1,-1
11/2020,"Com. Atac. de Frutas, Verduras, Raízes, Tubérculos, Hortaliças e Legumes Frescos",0,3,-3
11/2020,Com. Var. de Art. do Vestuário e Acessórios,0,1,-1
11/2020,Com. Var. de Mat. de Const. não Especif. Ant.,1,0,1
11/2020,Com. Var. de Outros Produtos não Especif. Ant.,0,2,-2
11/2020,Com. Atac. de Sorvetes,4,7,-3
11/2020,Com. Var. de Art. de óptica,1,0,1
11/2020,Com. Atac. de Outros Equip. e Art. de Uso Pessoal e Doméstico não Especif. Ant.,3,0,3
11/2020,Com. Var. de Art. do Vestuário e Acessórios,1,0,1
11/2020,Com. a Var. de Peças e Acessórios Novos para Veíc. Autom.,4,1,3
11/2020,Com. Var. de Art. de óptica,0,1,-1
11/2020,"Com. Atac. de Máquinas, Aparelhos e Equip. para Uso Agropecuário, Partes e Peças",0,1,-1
11/2020,Com. Var. de Material Elétrico,2,0,2
11/2020,Com. a Var. de Peças e Acessórios Novos para Veíc. Autom.,1,0,1
11/2020,Serv. de Manutenção e Reparação Mecânica de Veíc. Autom.,2,0,2
11/2020,Com. Var. de Art. de Viagem,1,0,1
11/2020,Com. Var. de Art. de Viagem,1,0,1
11/2020,"Com. a Var. de Automóveis, Camionetas e Utilitários Novos",1,0,1
11/2020,Com. Var. de Vidros,1,2,-1
11/2020,Com. Var. de Comb. para Veíc. Autom.,5,2,3
11/2020,Com. Atac. de Produtos Alim. em Geral,6,8,-2
11/2020,Com. Var. de Comb. para Veíc. Autom.,1,0,1
11/2020,Com. Var. de Equip. para Escritório,1,0,1
11/2020,Com. Var. de Comb. para Veíc. Autom.,0,1,-1
11/2020,Com. Var. de Outros Produtos não Especif. Ant.,0,2,-2
11/2020,Com. Var. de Comb. para Veíc. Autom.,1,1,0
11/2020,Serv. de Manutenção e Reparação Mecânica de Veíc. Autom.,1,0,1
11/2020,Com. Var. de Equip. para Escritório,8,1,7
11/2020,Com. Atac. de Embalagens,0,1,-1
11/2020,Com. Var. Especial. de Eletrod. e Equip. de áudio e Vídeo,1,1,0
11/2020,Com. Var. de Hortifrutigranjeiros,19,4,15
11/2020,"Com. Var. de Merc. em Geral, com Pred. de Produtos Alim. - Minimercados, Mercearias e Armazéns",1,1,0
11/2020,"Com. a Var. de Automóveis, Camionetas e Utilitários Novos",1,1,0
11/2020,"Com. Var. de Merc. em Geral, com Pred. de Produtos Alim. - Minimercados, Mercearias e Armazéns",0,1,-1
11/2020,Com. Var. de Comb. para Veíc. Autom.,0,1,-1
11/2020,Com. Var. de Outros Produtos não Especif. Ant.,1,0,1
11/2020,Serv. de Lanternagem ou Funilaria e Pintura de Veíc. Autom.,0,1,-1
11/2020,Com. Var. de Produtos Alim. em Geral ou Especial. em Produtos Alim. não Especif. Ant.,2,3,-1
11/2020,Com. Var. de Produtos Alim. em Geral ou Especial. em Produtos Alim. não Especif. Ant.,1,0,1
11/2020,Com. a Var. de Peças e Acessórios Novos para Veíc. Autom.,2,3,-1
11/2020,Com. Var. de Calçados,16,5,11
11/2020,Com. Var. de Gás LiqüEfeito de Petróleo (Glp),0,1,-1
11/2020,Com. Var. de Hortifrutigranjeiros,0,1,-1
11/2020,Com. Var. de Outros Produtos não Especif. Ant.,1,0,1
11/2020,"Com. a Var. de Automóveis, Camionetas e Utilitários Novos",3,2,1
11/2020,"Com. Var. de Suvenires, Bijuterias e Artesanatos",1,0,1
11/2020,Com. Var. de Produtos Alim. em Geral ou Especial. em Produtos Alim. não Especif. Ant.,1,1,0
11/2020,Com. Var. de Carnes - Açougues,0,1,-1
11/2020,Com. Var. de Art. do Vestuário e Acessórios,1,1,0
11/2020,Comercio Var. de Art. de Armarinho,2,0,2
11/2020,Comercio Var. de Art. de Armarinho,0,1,-1
11/2020,Com. Var. de Comb. para Veíc. Autom.,2,0,2
11/2020,Com. Var. Especial. de Equip. de Telefonia e Comunicação,1,0,1
11/2020,Com. Atac. de Produtos Alim. em Geral,1,0,1
11/2020,"Com. Var. de Merc. em Geral, com Pred. de Produtos Alim. - Minimercados, Mercearias e Armazéns",1,0,1
11/2020,Com. Var. de Art. de óptica,2,0,2
11/2020,Com. Var. de Mat. Hidráulicos,0,1,-1
11/2020,"Com. Atac. de Merc. em Geral, sem Pred. de Alimentos ou de Insumos Agropecuários",2,2,0
11/2020,"Com. Var. de Merc. em Geral, com Pred. de Produtos Alim. - Superm.",11,15,-4
11/2020,Com. Var. de Art. de óptica,2,0,2
11/2020,Com. Var. Especial. de Eletrod. e Equip. de áudio e Vídeo,1,0,1
11/2020,Com. Atac. de Outros Equip. e Art. de Uso Pessoal e Doméstico não Especif. Ant.,1,1,0
11/2020,"Com. Var. de Produtos Farmac., sem Manip. de Fórmulas",1,1,0
11/2020,"Com. Var. de Doces, Balas, Bombons e Semelhantes",1,0,1
11/2020,"Com. Var. de Cosméticos, Produtos de Perfumaria e de Higiene Pessoal",3,0,3
11/2020,"Com. Var. de Cosméticos, Produtos de Perfumaria e de Higiene Pessoal",3,0,3
11/2020,Com. Var. de Art. do Vestuário e Acessórios,1,1,0
11/2020,Com. Atac. de Produtos Alim. em Geral,2,0,2
11/2020,Com. Var. de Outros Art. de Uso Doméstico não Especif. Ant.,6,4,2
11/2020,Com. Var. de Outros Art. de Uso Doméstico não Especif. Ant.,1,0,1
11/2020,Com. Atac. de Outros Equip. e Art. de Uso Pessoal e Doméstico não Especif. Ant.,2,0,2
11/2020,Serv. de Manutenção e Reparação Mecânica de Veíc. Autom.,1,1,0
11/2020,Com. Var. Especial. de Eletrod. e Equip. de áudio e Vídeo,0,1,-1
11/2020,"Com. Atac. de Instrumentos e Mat. para Uso Médico, Cirúrgico, Hospitalar e de Laboratórios",3,0,3
11/2020,"Com. Var. de Merc. em Geral, com Pred. de Produtos Alim. - Superm.",12,6,6
11/2020,"Com. Var. de Merc. em Geral, com Pred. de Produtos Alim. - Hipermercados",29,12,17
11/2020,"Com. Var. de Merc. em Geral, com Pred. de Produtos Alim. - Superm.",0,1,-1
11/2020,"Com. a Var. de Automóveis, Camionetas e Utilitários Usados",1,0,1
11/2020,Com. a Var. de Peças e Acessórios Novos para Veíc. Autom.,1,1,0
11/2020,Com. Var. de Livros,3,1,2
11/2020,Com. a Var. de Peças e Acessórios Novos para Veíc. Autom.,1,0,1
11/2020,Com. a Var. de Peças e Acessórios Novos para Veíc. Autom.,1,0,1
11/2020,Padaria e Confeitaria com Pred. de Revenda,1,0,1
11/2020,Com. Var. Especial. de Eletrod. e Equip. de áudio e Vídeo,1,0,1
11/2020,"Com. Var. de Merc. em Geral, com Pred. de Produtos Alim. - Minimercados, Mercearias e Armazéns",4,2,2
11/2020,Com. Var. de Plantas e Flores Naturais,3,5,-2
11/2020,Com. Var. de Art. Esportivos,2,2,0
11/2020,Com. Var. de Art. do Vestuário e Acessórios,3,0,3
11/2020,"Com. Atac. de Resíduos e Sucatas Não-Metálicos, Exceto de Papel e Papelão",0,1,-1
11/2020,Serv. de Manutenção e Reparação Mecânica de Veíc. Autom.,1,1,0
11/2020,"Com. Atac. de Frutas, Verduras, Raízes, Tubérculos, Hortaliças e Legumes Frescos",1,0,1
11/2020,"Com. Var. de Merc. em Geral, com Pred. de Produtos Alim. - Superm.",11,7,4
11/2020,Com. Var. de Comb. para Veíc. Autom.,1,1,0
11/2020,"Com. Atac. de Jóias, Relógios e Bijuterias, Inclusive Pedras Preciosas e Semipreciosas Lapidadas",1,0,1
11/2020,"Com. Var. de Produtos Farmac., sem Manip. de Fórmulas",1,0,1
11/2020,"Com. Var. de Produtos Farmac., sem Manip. de Fórmulas",0,1,-1
11/2020,Com. Var. de Produtos Alim. em Geral ou Especial. em Produtos Alim. não Especif. Ant.,1,1,0
11/2020,Com. Var. de Art. do Vestuário e Acessórios,0,3,-3
11/2020,Com. a Var. de Peças e Acessórios Novos para Veíc. Autom.,1,1,0
11/2020,Com. Var. de Art. de óptica,1,0,1
11/2020,Com. Var. de Carnes - Açougues,2,0,2
11/2020,"Com. Atac. de Frutas, Verduras, Raízes, Tubérculos, Hortaliças e Legumes Frescos",5,11,-6
11/2020,Com. Atac. de Resíduos e Sucatas Metálicos,1,0,1
11/2020,"Com. Atac. de Produtos Siderúrgicos e Metalúrgicos, Exceto para Const.",1,1,0
11/2020,"Lojas de Variedades, Exceto Lojas de Dep. ou Magazines",1,0,1
11/2020,Com. Var. de Comb. para Veíc. Autom.,1,1,0
11/2020,Com. a Var. de Peças e Acessórios Novos para Veíc. Autom.,0,1,-1
11/2020,"Com. Var. de Produtos Farmac., sem Manip. de Fórmulas",4,2,2
11/2020,Com. Var. de Mat. Hidráulicos,0,1,-1
11/2020,Com. Atac. de Componentes Eletrônicos e Equip. de Telefonia e Comunicação,1,0,1
11/2020,Com. Var. de Mat. Hidráulicos,1,0,1
11/2020,Com. Var. de Carnes - Açougues,0,1,-1
11/2020,Com. Var. de Art. do Vestuário e Acessórios,1,0,1
11/2020,Com. Var. de Tintas e Mat. para Pintura,0,2,-2
11/2020,Com. Var. de Tintas e Mat. para Pintura,1,0,1
11/2020,Com. Var. de Tintas e Mat. para Pintura,1,1,0
11/2020,Com. Var. de Comb. para Veíc. Autom.,1,2,-1
11/2020,"Com. Atac. de Cerveja, Chope e Refrigerante",4,11,-7
11/2020,Com. Var. de Madeira e Artefatos,0,1,-1
11/2020,Serv. de Manutenção e Reparação Mecânica de Veíc. Autom.,1,0,1
11/2020,"Com. Var. de Cosméticos, Produtos de Perfumaria e de Higiene Pessoal",0,2,-2
11/2020,Serv. de Manutenção e Reparação Mecânica de Veíc. Autom.,1,0,1
11/2020,Com. Var. de Art. de Iluminação,4,0,4
11/2020,"Representantes Comerciais e Agentes do Com. de Produtos Alim., Bebidas e Fumo",0,2,-2
11/2020,Padaria e Confeitaria com Pred. de Revenda,3,1,2
11/2020,Com. Var. de Comb. para Veíc. Autom.,1,1,0
11/2020,Com. Var. de Carnes - Açougues,2,0,2
11/2020,"Com. Var. de Produtos Farmac., com Manip. de Fórmulas",1,2,-1
11/2020,Com. Var. de Art. de Papelaria,0,1,-1
11/2020,"Com. Var. de Merc. em Geral, com Pred. de Produtos Alim. - Minimercados, Mercearias e Armazéns",1,1,0
11/2020,"Com. Var. de Merc. em Geral, com Pred. de Produtos Alim. - Minimercados, Mercearias e Armazéns",0,1,-1
11/2020,Com. Var. de Outros Produtos não Especif. Ant.,2,0,2
11/2020,Com. Var. de Art. do Vestuário e Acessórios,1,0,1
11/2020,"Com. a Var. de Automóveis, Camionetas e Utilitários Novos",1,1,0
11/2020,Com. Var. de Calçados,1,0,1
11/2020,Com. Var. de Calçados,1,0,1
11/2020,Com. Var. de Produtos Alim. em Geral ou Especial. em Produtos Alim. não Especif. Ant.,1,0,1
11/2020,Com. a Var. de Peças e Acessórios Novos para Veíc. Autom.,1,0,1
11/2020,Com. Var. Especial. de Eletrod. e Equip. de áudio e Vídeo,10,0,10
11/2020,Com. Var. Especial. de Eletrod. e Equip. de áudio e Vídeo,1,0,1
11/2020,Com. Var. de Plantas e Flores Naturais,0,1,-1
11/2020,Com. Atac. de Produtos Alim. em Geral,1,1,0
11/2020,Com. Var. de Art. do Vestuário e Acessórios,1,0,1
11/2020,Com. Var. de Comb. para Veíc. Autom.,0,1,-1
11/2020,Com. Var. de Ferragens e Ferramentas,1,1,0
11/2020,Comercio Var. de Art. de Armarinho,1,0,1
11/2020,Serv. de Manutenção e Reparação Mecânica de Veíc. Autom.,1,0,1
11/2020,Com. Var. de Produtos Alim. em Geral ou Especial. em Produtos Alim. não Especif. Ant.,0,1,-1
11/2020,Com. Var. de Livros,0,1,-1
11/2020,Com. Var. de Produtos Alim. em Geral ou Especial. em Produtos Alim. não Especif. Ant.,1,1,0
11/2020,Com. Var. de Bebidas,1,0,1
11/2020,Com. Var. Especial. de Equip. de Telefonia e Comunicação,0,1,-1
11/2020,Com. Var. Especial. de Equip. de Telefonia e Comunicação,1,0,1
11/2020,Com. Var. de Comb. para Veíc. Autom.,1,0,1
11/2020,"Com. Var. de Produtos Farmac., sem Manip. de Fórmulas",0,1,-1
11/2020,Com. a Var. de Peças e Acessórios Novos para Veíc. Autom.,3,6,-3
11/2020,Com. Var. de Ferragens e Ferramentas,4,2,2
11/2020,"Com. Var. de Bicicletas e Triciclos, Peças e Acessórios",1,0,1
11/2020,Com. Var. de Produtos Alim. em Geral ou Especial. em Produtos Alim. não Especif. Ant.,1,1,0
11/2020,"Com. Var. de Doces, Balas, Bombons e Semelhantes",0,2,-2
11/2020,"Com. a Var. de Automóveis, Camionetas e Utilitários Novos",1,0,1
11/2020,Com. Var. de Calçados,2,1,1
11/2020,Com. Var. de Produtos Alim. em Geral ou Especial. em Produtos Alim. não Especif. Ant.,1,2,-1
11/2020,Com. Var. de Plantas e Flores Naturais,1,0,1
11/2020,Com. Var. de Art. de óptica,0,1,-1
11/2020,Com. Var. de Ferragens e Ferramentas,1,0,1
11/2020,Com. Atac. de Embalagens,5,7,-2
11/2020,Com. Var. de Outros Art. de Uso Doméstico não Especif. Ant.,2,1,1
11/2020,Com. Var. de Art. do Vestuário e Acessórios,0,1,-1
11/2020,"Com. a Var. de Automóveis, Camionetas e Utilitários Novos",9,2,7
11/2020,Com. Var. de Outros Produtos não Especif. Ant.,0,1,-1
11/2020,Com. Var. de Art. de óptica,0,1,-1
11/2020,Com. Var. de Móveis,0,3,-3
11/2020,Com. Var. de Móveis,3,0,3
11/2020,Com. Var. de Outros Art. de Uso Doméstico não Especif. Ant.,1,1,0
11/2020,Com. Var. de Produtos Saneantes Domissanitários,3,1,2
11/2020,Com. Var. de Móveis,0,1,-1
11/2020,Com. Var. de Calçados,0,1,-1
11/2020,Com. a Var. de Peças e Acessórios Novos para Veíc. Autom.,1,0,1
11/2020,"Com. Atac. de Máquinas e Equip. para Uso Industrial, Partes e Peças",1,0,1
11/2020,"Lojas de Variedades, Exceto Lojas de Dep. ou Magazines",2,0,2
11/2020,"Com. Var. de Merc. em Geral, com Pred. de Produtos Alim. - Superm.",1,0,1
11/2020,"Com. a Var. de Automóveis, Camionetas e Utilitários Usados",0,1,-1
11/2020,"Com. a Var. de Automóveis, Camionetas e Utilitários Novos",2,0,2
11/2020,Com. Atac. de Embalagens,2,0,2
11/2020,Com. Var. de Hortifrutigranjeiros,13,14,-1
11/2020,"Com. Atac. de Frutas, Verduras, Raízes, Tubérculos, Hortaliças e Legumes Frescos",2,3,-1
11/2020,Com. Var. de Hortifrutigranjeiros,14,16,-2
11/2020,Com. Var. de Art. do Vestuário e Acessórios,1,0,1
11/2020,Padaria e Confeitaria com Pred. de Revenda,0,2,-2
11/2020,"Com. Var. de Cosméticos, Produtos de Perfumaria e de Higiene Pessoal",1,0,1
11/2020,"Com. Atac. de Merc. em Geral, com Pred. de Produtos Alim.",5,3,2
11/2020,Com. Var. de Laticínios e Frios,0,1,-1
11/2020,Com. Atac. Especial. em Outros Produtos Intermediários não Especif. Ant.,0,1,-1
11/2020,Com. Var. de Art. de Papelaria,1,0,1
11/2020,"Serv. de Instalação, Manutenção e Reparação de Acessórios para Veíc. Autom.",1,0,1
11/2020,"Serv. de Lavagem, Lubrificação e Polimento de Veíc. Autom.",0,1,-1
11/2020,Representantes Comerciais e Agentes do Com. de Instrumentos e Mat. Odonto-Médico-Hospitalares,13,3,10
11/2020,"Com. Var. de Produtos Farmac., sem Manip. de Fórmulas",0,1,-1
11/2020,"Com. Var. de Merc. em Geral, com Pred. de Produtos Alim. - Minimercados, Mercearias e Armazéns",2,0,2
11/2020,"Com. a Var. de Automóveis, Camionetas e Utilitários Novos",1,2,-1
11/2020,Com. Var. de Comb. para Veíc. Autom.,1,1,0
11/2020,Com. Var. de Calçados,3,0,3
11/2020,Com. Var. de Móveis,52,7,45
11/2020,Com. Var. de Animais Vivos e de Art. e Alimentos para Animais de Estimação,0,1,-1
11/2020,"Com. Var. de Cosméticos, Produtos de Perfumaria e de Higiene Pessoal",1,0,1
11/2020,Com. Var. de Outros Produtos não Especif. Ant.,1,0,1
11/2020,"Com. Var. de Produtos Farmac., sem Manip. de Fórmulas",1,0,1
11/2020,Com. Var. de Comb. para Veíc. Autom.,2,0,2
11/2020,"Com. Var. de Merc. em Geral, com Pred. de Produtos Alim. - Minimercados, Mercearias e Armazéns",0,2,-2
11/2020,"Com. Atac. de Instrumentos e Mat. para Uso Médico, Cirúrgico, Hospitalar e de Laboratórios",1,1,0
11/2020,Com. Atac. de Cosméticos e Produtos de Perfumaria,1,1,0
11/2020,Com. a Var. de Peças e Acessórios Novos para Veíc. Autom.,1,0,1
11/2020,"Com. Var. de Merc. em Geral, com Pred. de Produtos Alim. - Minimercados, Mercearias e Armazéns",0,1,-1
11/2020,Serv. de Manutenção e Reparação Mecânica de Veíc. Autom.,0,1,-1
11/2020,Com. Atac. de Alimentos para Animais,3,2,1
11/2020,Com. Atac. de Alimentos para Animais,2,0,2
11/2020,Com. Var. de Art. do Vestuário e Acessórios,0,13,-13
11/2020,Com. por Atacado de Caminhões Novos e Usados,3,1,2
11/2020,Com. Var. de Outros Produtos não Especif. Ant.,4,3,1
11/2020,Com. Var. de Art. de Papelaria,0,1,-1
11/2020,Com. Var. de Calçados,3,0,3
11/2020,Com. Var. de Art. do Vestuário e Acessórios,6,0,6
11/2020,Com. Var. de Art. do Vestuário e Acessórios,7,0,7
11/2020,"Com. Atac. de Frutas, Verduras, Raízes, Tubérculos, Hortaliças e Legumes Frescos",0,1,-1
11/2020,Com. Var. de Madeira e Artefatos,1,0,1
11/2020,"Com. Atac. de Máquinas e Equip. para Uso Industrial, Partes e Peças",0,3,-3
11/2020,Com. Var. de Produtos Saneantes Domissanitários,1,0,1
11/2020,Com. Var. de Mat. de Const. não Especif. Ant.,0,2,-2
11/2020,Com. Var. de Art. Médicos e Ortopédicos,1,0,1
11/2020,Com. Var. de Art. do Vestuário e Acessórios,1,0,1
11/2020,"Com. Atac. de Frutas, Verduras, Raízes, Tubérculos, Hortaliças e Legumes Frescos",1,0,1
11/2020,"Com. Var. de Produtos Farmac., sem Manip. de Fórmulas",0,1,-1
11/2020,Com. Var. de Comb. para Veíc. Autom.,0,1,-1
11/2020,Com. Atac. de Outros Equip. e Art. de Uso Pessoal e Doméstico não Especif. Ant.,1,3,-2
11/2020,Com. Atac. de Equip. Elétricos de Uso Pessoal e Doméstico,0,1,-1
11/2020,Com. Var. de Calçados,3,1,2
11/2020,Com. Var. de Calçados,5,0,5
11/2020,Com. Var. de Calçados,9,0,9
11/2020,Padaria e Confeitaria com Pred. de Revenda,0,1,-1
11/2020,Com. Var. de Plantas e Flores Naturais,0,1,-1
11/2020,Com. Var. de Art. do Vestuário e Acessórios,0,1,-1
11/2020,Com. Var. de Carnes - Açougues,1,0,1
11/2020,Com. Var. de Art. do Vestuário e Acessórios,1,0,1
11/2020,Com. Var. de Animais Vivos e de Art. e Alimentos para Animais de Estimação,1,0,1
11/2020,"Com. a Var. de Automóveis, Camionetas e Utilitários Usados",1,1,0
11/2020,"Lojas de Variedades, Exceto Lojas de Dep. ou Magazines",0,1,-1
11/2020,Com. Var. de Produtos Alim. em Geral ou Especial. em Produtos Alim. não Especif. Ant.,0,1,-1
11/2020,Com. a Var. de Peças e Acessórios Novos para Veíc. Autom.,1,0,1
11/2020,Com. Var. de Art. do Vestuário e Acessórios,3,1,2
11/2020,Com. Var. de Livros,3,0,3
11/2020,Com. Var. de Art. do Vestuário e Acessórios,7,1,6
11/2020,Com. Var. de Art. do Vestuário e Acessórios,28,7,21
11/2020,Com. Var. de Art. do Vestuário e Acessórios,8,3,5
11/2020,"Com. Var. de Merc. em Geral, com Pred. de Produtos Alim. - Minimercados, Mercearias e Armazéns",0,1,-1
11/2020,"Com. Var. de Cosméticos, Produtos de Perfumaria e de Higiene Pessoal",2,0,2
11/2020,Com. Var. Especial. de Equip. de Telefonia e Comunicação,1,0,1
11/2020,Com. Var. de Art. de Joalheria,1,1,0
11/2020,"Com. Var. de Merc. em Geral, com Pred. de Produtos Alim. - Superm.",2,0,2
11/2020,"Comercio Var. de Art. de Cama, Mesa e Banho",1,0,1
11/2020,"Com. Var. de Cosméticos, Produtos de Perfumaria e de Higiene Pessoal",1,2,-1
11/2020,Com. Var. de Art. do Vestuário e Acessórios,1,0,1
11/2020,Com. Var. de Mat. de Const. em Geral,2,0,2
11/2020,"Serv. de Lavagem, Lubrificação e Polimento de Veíc. Autom.",0,2,-2
11/2020,"Com. Var. de Produtos Farmac., sem Manip. de Fórmulas",0,1,-1
11/2020,Com. Var. de Produtos Alim. em Geral ou Especial. em Produtos Alim. não Especif. Ant.,0,2,-2
11/2020,Com. Var. de Vidros,1,0,1
11/2020,Com. Var. de Art. do Vestuário e Acessórios,1,0,1
11/2020,"Com. Var. de Cosméticos, Produtos de Perfumaria e de Higiene Pessoal",1,0,1
11/2020,"Com. Var. de Cosméticos, Produtos de Perfumaria e de Higiene Pessoal",1,0,1
11/2020,Com. por Atacado de Peças e Acessórios Novos para Veíc. Autom.,1,1,0
11/2020,"Com. Atac. de Merc. em Geral, com Pred. de Produtos Alim.",10,8,2
11/2020,Com. Var. de Vidros,0,1,-1
11/2020,Com. Atac. Especial. em Outros Produtos Alim. não Especif. Ant.,1,0,1
11/2020,Com. Atac. Especial. em Outros Produtos Alim. não Especif. Ant.,0,3,-3
11/2020,Representantes Comerciais e Agentes do Com. de Merc. em Geral não Especial.,1,0,1
11/2020,"Com. Var. de Merc. em Geral, com Pred. de Produtos Alim. - Minimercados, Mercearias e Armazéns",1,1,0
11/2020,Com. Var. de Art. de Papelaria,6,0,6
11/2020,Com. Atac. Especial. em Outros Produtos Intermediários não Especif. Ant.,4,0,4
11/2020,Serv. de Lanternagem ou Funilaria e Pintura de Veíc. Autom.,1,0,1
11/2020,"Com. Atac. de Outras Máquinas e Equip. não Especif. Ant., Partes e Peças",4,2,2
11/2020,Com. Var. de Brinquedos e Art. Recreativos,0,1,-1
11/2020,Com. Var. de Art. do Vestuário e Acessórios,1,0,1
11/2020,Com. Var. de Mat. de Const. não Especif. Ant.,1,0,1
11/2020,Com. Var. de Art. do Vestuário e Acessórios,1,1,0
11/2020,Com. Var. de Art. do Vestuário e Acessórios,2,0,2
11/2020,Com. Atac. de Embalagens,2,0,2
11/2020,"Com. Var. de Cosméticos, Produtos de Perfumaria e de Higiene Pessoal",5,2,3
11/2020,Com. a Var. de Peças e Acessórios Novos para Veíc. Autom.,1,1,0
11/2020,Com. Var. de Comb. para Veíc. Autom.,0,1,-1
11/2020,"Com. Var. de Bicicletas e Triciclos, Peças e Acessórios",2,1,1
11/2020,"Com. Var. de Bicicletas e Triciclos, Peças e Acessórios",2,1,1
11/2020,Com. Atac. de Cosméticos e Produtos de Perfumaria,1,0,1
11/2020,Com. Var. de Brinquedos e Art. Recreativos,0,1,-1
11/2020,Com. Var. de Outros Produtos não Especif. Ant.,4,2,2
11/2020,Com. Atac. de Ferragens e Ferramentas,1,0,1
11/2020,Com. a Var. de Peças e Acessórios Usados para Veíc. Autom.,5,1,4
11/2020,Com. a Var. de Pneumáticos e Câmaras-De-Ar,1,0,1
11/2020,"Com. Var. de Produtos Farmac., sem Manip. de Fórmulas",1,1,0
11/2020,Com. Var. de Ferragens e Ferramentas,0,1,-1
11/2020,Com. Var. de Móveis,29,11,18
11/2020,"Com. Var. de Produtos Farmac., com Manip. de Fórmulas",2,1,1
11/2020,Com. Var. de Outros Art. de Uso Doméstico não Especif. Ant.,6,0,6
11/2020,Com. Var. de Art. do Vestuário e Acessórios,1,0,1
11/2020,Padaria e Confeitaria com Pred. de Revenda,1,0,1
11/2020,Com. a Var. de Peças e Acessórios Novos para Veíc. Autom.,1,1,0
11/2020,Com. Var. de Livros,3,3,0
11/2020,Com. Var. de Hortifrutigranjeiros,0,1,-1
11/2020,Com. Atac. de Alimentos para Animais,1,1,0
11/2020,Com. Var. de Brinquedos e Art. Recreativos,1,3,-2
11/2020,"Com. Var. de Cosméticos, Produtos de Perfumaria e de Higiene Pessoal",0,2,-2
11/2020,Com. Var. de Tintas e Mat. para Pintura,1,0,1
11/2020,Com. Var. de Art. de óptica,1,0,1
11/2020,Serv. de Manutenção e Reparação Mecânica de Veíc. Autom.,1,0,1
11/2020,"Com. Var. de Doces, Balas, Bombons e Semelhantes",1,5,-4
11/2020,Com. Var. de Móveis,0,2,-2
11/2020,Com. Var. Especial. de Equip. de Telefonia e Comunicação,3,0,3
11/2020,"Com. Var. Especial. de Peças e Acessórios para Aparelhos Eletroeletrônicos para Uso Doméstico, Exceto Informática e Comunicação",0,1,-1
11/2020,"Com. Var. de Doces, Balas, Bombons e Semelhantes",1,0,1
11/2020,Com. Var. de Art. de Joalheria,1,0,1
11/2020,"Com. Var. de Cosméticos, Produtos de Perfumaria e de Higiene Pessoal",1,0,1
11/2020,Com. Var. de Calçados,1,4,-3
11/2020,"Com. Var. de Produtos Farmac., sem Manip. de Fórmulas",4,0,4
11/2020,Com. Var. de Art. do Vestuário e Acessórios,1,0,1
11/2020,Serv. de Lanternagem ou Funilaria e Pintura de Veíc. Autom.,2,1,1
11/2020,"Com. Var. de Merc. em Geral, com Pred. de Produtos Alim. - Minimercados, Mercearias e Armazéns",1,0,1
11/2020,Com. Var. de Calçados,5,0,5
11/2020,Com. Var. de Calçados,3,2,1
11/2020,Com. Var. de Outros Art. de Uso Doméstico não Especif. Ant.,0,1,-1
11/2020,Padaria e Confeitaria com Pred. de Revenda,0,1,-1
11/2020,Com. Var. de Outros Produtos não Especif. Ant.,1,0,1
11/2020,Com. Var. de Art. de óptica,2,0,2
11/2020,Com. Var. Especial. de Equip. e Suprimentos de Informática,1,0,1
11/2020,Com. Var. de Art. do Vestuário e Acessórios,1,0,1
11/2020,"Serv. de Lavagem, Lubrificação e Polimento de Veíc. Autom.",0,3,-3
11/2020,Com. Var. de Art. do Vestuário e Acessórios,1,0,1
11/2020,"Com. Var. de Doces, Balas, Bombons e Semelhantes",1,0,1
11/2020,"Com. Var. de Doces, Balas, Bombons e Semelhantes",1,0,1
11/2020,Com. Var. Especial. de Equip. de Telefonia e Comunicação,1,0,1
11/2020,Com. Var. de Tintas e Mat. para Pintura,1,0,1
11/2020,"Representantes Comerciais e Agentes do Com. de Máquinas, Equip., Embarcações e Aeronaves",1,0,1
11/2020,"Com. Var. de Produtos Farmac., com Manip. de Fórmulas",1,2,-1
11/2020,Com. Var. de Outros Produtos não Especif. Ant.,1,1,0
11/2020,Com. Var. de Madeira e Artefatos,1,0,1
11/2020,Outros Representantes Comerciais e Agentes do Com. Especial. em Produtos não Especif. Ant.,0,1,-1
11/2020,Com. Var. de Outros Produtos não Especif. Ant.,1,0,1
11/2020,Com. Var. de Móveis,0,1,-1
11/2020,Com. Var. de Animais Vivos e de Art. e Alimentos para Animais de Estimação,4,2,2
11/2020,"Com. Atac. de Resíduos e Sucatas Não-Metálicos, Exceto de Papel e Papelão",1,1,0
11/2020,Com. Var. de Lubrificantes,2,2,0
11/2020,Com. Var. de Calçados,0,1,-1
11/2020,Com. Var. de Calçados,1,1,0
11/2020,"Com. Atac. de Art. do Vestuário e Acessórios, Exceto Profissionais e de Segurança",1,0,1
11/2020,Com. Var. Especial. de Equip. e Suprimentos de Informática,1,0,1
11/2020,Com. a Var. de Peças e Acessórios Novos para Veíc. Autom.,1,0,1
11/2020,Com. Var. de Art. de óptica,2,0,2
11/2020,Com. Var. de Carnes - Açougues,1,1,0
11/2020,Com. Var. de Hortifrutigranjeiros,2,1,1
11/2020,"Com. Var. de Cosméticos, Produtos de Perfumaria e de Higiene Pessoal",1,0,1
11/2020,"Com. Var. de Cosméticos, Produtos de Perfumaria e de Higiene Pessoal",2,0,2
11/2020,Com. Var. de Art. do Vestuário e Acessórios,1,0,1
11/2020,Com. Var. de Art. do Vestuário e Acessórios,0,1,-1
11/2020,Com. Var. de Animais Vivos e de Art. e Alimentos para Animais de Estimação,1,0,1
11/2020,Padaria e Confeitaria com Pred. de Revenda,1,0,1
11/2020,Com. a Var. de Peças e Acessórios Novos para Veíc. Autom.,1,1,0
11/2020,"Com. Var. de Produtos Farmac., sem Manip. de Fórmulas",1,1,0
11/2020,Com. Var. Especial. de Equip. de Telefonia e Comunicação,0,1,-1
11/2020,Serv. de Manutenção e Reparação Mecânica de Veíc. Autom.,1,1,0
11/2020,Com. Var. Especial. de Eletrod. e Equip. de áudio e Vídeo,1,1,0
11/2020,"Com. Var. de Suvenires, Bijuterias e Artesanatos",3,0,3
11/2020,Com. Atac. Especial. em Outros Produtos Alim. não Especif. Ant.,1,1,0
11/2020,Com. Var. de Carnes - Açougues,0,1,-1
11/2020,Com. Var. Especial. de Equip. de Telefonia e Comunicação,2,0,2
11/2020,Com. Var. Especial. de Equip. de Telefonia e Comunicação,3,1,2
11/2020,Com. a Var. de Peças e Acessórios Novos para Veíc. Autom.,1,0,1
11/2020,Com. Var. de Produtos Alim. em Geral ou Especial. em Produtos Alim. não Especif. Ant.,1,0,1
11/2020,Com. a Var. de Pneumáticos e Câmaras-De-Ar,1,0,1
11/2020,Padaria e Confeitaria com Pred. de Revenda,2,1,1
11/2020,Padaria e Confeitaria com Pred. de Revenda,1,0,1
11/2020,Com. Var. de Art. do Vestuário e Acessórios,2,2,0
11/2020,Com. Var. de Art. do Vestuário e Acessórios,1,0,1
11/2020,Com. Var. de Art. do Vestuário e Acessórios,2,1,1
11/2020,Com. Var. Especial. de Equip. de Telefonia e Comunicação,1,0,1
11/2020,Com. Var. de Art. do Vestuário e Acessórios,4,0,4
11/2020,Com. Var. de Art. do Vestuário e Acessórios,0,1,-1
11/2020,Com. Var. de Art. de Viagem,1,0,1
11/2020,Com. Var. de Comb. para Veíc. Autom.,3,1,2
11/2020,"Lojas de Variedades, Exceto Lojas de Dep. ou Magazines",0,1,-1
11/2020,"Com. Atac. de Outras Máquinas e Equip. não Especif. Ant., Partes e Peças",7,4,3
11/2020,"Com. Var. de Merc. em Geral, com Pred. de Produtos Alim. - Minimercados, Mercearias e Armazéns",0,1,-1
11/2020,Com. Var. de Móveis,1,0,1
11/2020,"Com. Var. de Merc. em Geral, com Pred. de Produtos Alim. - Minimercados, Mercearias e Armazéns",0,1,-1
11/2020,"Com. Var. de Suvenires, Bijuterias e Artesanatos",1,0,1
11/2020,"Com. Var. de Merc. em Geral, com Pred. de Produtos Alim. - Minimercados, Mercearias e Armazéns",1,0,1
11/2020,Com. Var. de Objetos de Arte,1,0,1
11/2020,Com. a Var. de Peças e Acessórios Novos para Veíc. Autom.,1,3,-2
11/2020,Com. Var. de Plantas e Flores Naturais,2,0,2
11/2020,"Com. Atac. de Instrumentos e Mat. para Uso Médico, Cirúrgico, Hospitalar e de Laboratórios",1,3,-2
11/2020,Com. Var. de Tintas e Mat. para Pintura,1,0,1
11/2020,Com. Var. de Carnes - Açougues,2,0,2
11/2020,Padaria e Confeitaria com Pred. de Revenda,2,0,2
11/2020,Com. a Var. de Peças e Acessórios Novos para Veíc. Autom.,2,0,2
11/2020,Com. Var. de Mat. de Const. em Geral,0,1,-1
11/2020,Com. Var. de Comb. para Veíc. Autom.,2,0,2
11/2020,Lojas de Dep. ou Magazines (Desativado),22,4,18
11/2020,Com. Var. de Art. de Joalheria,0,1,-1
11/2020,Com. Var. de Comb. para Veíc. Autom.,0,2,-2
11/2020,Com. Var. Especial. de Equip. e Suprimentos de Informática,1,0,1
11/2020,Serv. de Manutenção e Reparação Mecânica de Veíc. Autom.,1,0,1
11/2020,Com. Var. de Produtos Alim. em Geral ou Especial. em Produtos Alim. não Especif. Ant.,12,44,-32
11/2020,Serv. de Manutenção e Reparação Mecânica de Veíc. Autom.,3,0,3
11/2020,Com. Var. de Outros Produtos não Especif. Ant.,0,1,-1
11/2020,Com. Var. de Mat. Hidráulicos,0,1,-1
11/2020,Com. Var. de Material Elétrico,3,0,3
11/2020,Com. Var. de Produtos Alim. em Geral ou Especial. em Produtos Alim. não Especif. Ant.,2,0,2
11/2020,Com. Var. de Calçados,3,2,1
11/2020,Com. Var. de Art. do Vestuário e Acessórios,1,2,-1
11/2020,Com. Var. de Art. de Joalheria,0,1,-1
11/2020,"Com. Var. de Cosméticos, Produtos de Perfumaria e de Higiene Pessoal",0,1,-1
11/2020,"Com. Atac. de Frutas, Verduras, Raízes, Tubérculos, Hortaliças e Legumes Frescos",0,1,-1
11/2020,Com. a Var. de Peças e Acessórios Novos para Veíc. Autom.,1,0,1
11/2020,Com. Var. de Art. do Vestuário e Acessórios,1,0,1
11/2020,"Com. Var. de Merc. em Geral, com Pred. de Produtos Alim. - Superm.",1,2,-1
11/2020,Com. Atac. de Produtos Alim. em Geral,22,7,15
11/2020,"Serv. de Instalação, Manutenção e Reparação de Acessórios para Veíc. Autom.",0,1,-1
11/2020,"Com. Var. de Merc. em Geral, com Pred. de Produtos Alim. - Minimercados, Mercearias e Armazéns",1,1,0
11/2020,Com. Var. Especial. de Eletrod. e Equip. de áudio e Vídeo,3,5,-2
11/2020,Com. Var. Especial. de Eletrod. e Equip. de áudio e Vídeo,1,0,1
11/2020,Com. Var. de Comb. para Veíc. Autom.,1,0,1
11/2020,"Serv. de Lavagem, Lubrificação e Polimento de Veíc. Autom.",0,1,-1
11/2020,Com. Var. de Art. do Vestuário e Acessórios,9,0,9
11/2020,"Com. Var. de Merc. em Geral, com Pred. de Produtos Alim. - Minimercados, Mercearias e Armazéns",0,1,-1
11/2020,Com. Var. de Plantas e Flores Naturais,2,1,1
11/2020,Com. Var. de Calçados,1,1,0
11/2020,Com. Var. de Bebidas,1,0,1
11/2020,Com. Var. de Carnes - Açougues,0,1,-1
11/2020,Com. Var. de Mat. de Const. em Geral,2,0,2
11/2020,"Com. Atac. de Frutas, Verduras, Raízes, Tubérculos, Hortaliças e Legumes Frescos",0,1,-1
11/2020,Com. Var. de Art. do Vestuário e Acessórios,1,1,0
11/2020,Comercio Var. de Art. de Armarinho,2,0,2
11/2020,Com. Var. de Mat. de Const. em Geral,2,0,2
11/2020,Com. Var. de Carnes - Açougues,1,0,1
11/2020,Com. Var. de Art. do Vestuário e Acessórios,1,0,1
11/2020,Com. Var. de Art. do Vestuário e Acessórios,0,1,-1
11/2020,Com. Var. de Outros Produtos não Especif. Ant.,1,0,1
11/2020,Com. Atac. de Cosméticos e Produtos de Perfumaria,3,1,2
11/2020,Com. a Var. de Peças e Acessórios Novos para Veíc. Autom.,2,1,1
11/2020,Comercio Var. de Art. de Armarinho,2,1,1
11/2020,Com. Var. de Outros Produtos não Especif. Ant.,1,0,1
11/2020,Com. Var. de Produtos Alim. em Geral ou Especial. em Produtos Alim. não Especif. Ant.,1,1,0
11/2020,Com. Var. de Art. de óptica,2,1,1
11/2020,Com. a Var. de Peças e Acessórios Novos para Veíc. Autom.,0,1,-1
11/2020,Com. Var. de Outros Art. de Uso Doméstico não Especif. Ant.,3,0,3
11/2020,Com. Var. de Hortifrutigranjeiros,1,0,1
11/2020,Com. Var. de Produtos Alim. em Geral ou Especial. em Produtos Alim. não Especif. Ant.,2,1,1
11/2020,"Lojas de Variedades, Exceto Lojas de Dep. ou Magazines",0,1,-1
11/2020,Com. Var. de Laticínios e Frios,2,0,2
11/2020,Com. Var. de Art. do Vestuário e Acessórios,3,1,2
11/2020,Com. Var. de Produtos Alim. em Geral ou Especial. em Produtos Alim. não Especif. Ant.,0,1,-1
11/2020,"Com. Var. de Doces, Balas, Bombons e Semelhantes",0,1,-1
11/2020,Serv. de Borracharia para Veíc. Autom.,0,2,-2
11/2020,Padaria e Confeitaria com Pred. de Revenda,1,2,-1
11/2020,Com. Atac. de Embalagens,2,0,2
11/2020,Com. Var. de Art. do Vestuário e Acessórios,1,0,1
11/2020,Com. Var. de Art. do Vestuário e Acessórios,1,0,1
11/2020,Com. Var. de Animais Vivos e de Art. e Alimentos para Animais de Estimação,2,1,1
11/2020,Com. Var. de Calçados,1,0,1
11/2020,"Com. Atac. de Resíduos e Sucatas Não-Metálicos, Exceto de Papel e Papelão",3,0,3
11/2020,"Com. Var. de Cosméticos, Produtos de Perfumaria e de Higiene Pessoal",1,1,0
11/2020,Lojas de Dep. ou Magazines (Desativado),1,0,1
11/2020,Com. Var. de Art. de Joalheria,3,0,3
11/2020,Serv. de Manutenção e Reparação Elétrica de Veíc. Autom.,0,1,-1
11/2020,Com. Var. de Animais Vivos e de Art. e Alimentos para Animais de Estimação,0,1,-1
11/2020,Com. Var. de Produtos Alim. em Geral ou Especial. em Produtos Alim. não Especif. Ant.,1,0,1
11/2020,Manutenção e Reparação de Motocicletas e Motonetas,1,0,1
11/2020,Com. Var. de Produtos Alim. em Geral ou Especial. em Produtos Alim. não Especif. Ant.,3,0,3
11/2020,Com. Var. de Produtos Alim. em Geral ou Especial. em Produtos Alim. não Especif. Ant.,0,5,-5
11/2020,Com. Var. de Carnes - Açougues,0,1,-1
11/2020,Com. Var. de Lubrificantes,1,0,1
11/2020,Com. Var. de Outros Produtos não Especif. Ant.,1,0,1
11/2020,Com. Var. de Produtos Alim. em Geral ou Especial. em Produtos Alim. não Especif. Ant.,1,0,1
11/2020,"Com. Var. de Doces, Balas, Bombons e Semelhantes",1,1,0
11/2020,Com. Var. de Art. de Relojoaria,1,0,1
11/2020,"Com. Var. de Cosméticos, Produtos de Perfumaria e de Higiene Pessoal",1,0,1
11/2020,Serv. de Lanternagem ou Funilaria e Pintura de Veíc. Autom.,1,0,1
11/2020,Com. Var. de Outros Produtos não Especif. Ant.,1,0,1
11/2020,Com. Var. Especial. de Equip. de Telefonia e Comunicação,1,0,1
11/2020,Com. Var. de Art. do Vestuário e Acessórios,0,1,-1
11/2020,Com. Var. de Calçados,3,0,3
11/2020,"Com. Var. de Cosméticos, Produtos de Perfumaria e de Higiene Pessoal",4,0,4
11/2020,Com. Var. de Outros Produtos não Especif. Ant.,2,3,-1
11/2020,Com. Var. de Animais Vivos e de Art. e Alimentos para Animais de Estimação,0,1,-1
11/2020,Com. Var. de Art. do Vestuário e Acessórios,1,0,1
11/2020,Padaria e Confeitaria com Pred. de Revenda,1,2,-1
11/2020,Com. Var. de Brinquedos e Art. Recreativos,1,0,1
11/2020,"Com. a Var. de Automóveis, Camionetas e Utilitários Novos",1,2,-1
11/2020,Com. a Var. de Pneumáticos e Câmaras-De-Ar,2,3,-1
11/2020,"Com. Var. de Doces, Balas, Bombons e Semelhantes",1,0,1
11/2020,"Com. Var. de Cosméticos, Produtos de Perfumaria e de Higiene Pessoal",1,0,1
11/2020,Com. Var. de Bebidas,2,2,0
11/2020,Com. Var. de Gás LiqüEfeito de Petróleo (Glp),0,1,-1
11/2020,"Com. Atac. de Merc. em Geral, com Pred. de Insumos Agropecuários",1,0,1
11/2020,Com. Var. de Art. do Vestuário e Acessórios,1,0,1
11/2020,Com. Var. de Art. do Vestuário e Acessórios,1,0,1
11/2020,Com. Var. de Produtos Alim. em Geral ou Especial. em Produtos Alim. não Especif. Ant.,0,1,-1
11/2020,"Com. Var. de Produtos Farmac., sem Manip. de Fórmulas",1,0,1
11/2020,"Com. Var. de Merc. em Geral, com Pred. de Produtos Alim. - Hipermercados",6,6,0
11/2020,Com. Var. de Art. do Vestuário e Acessórios,1,1,0
11/2020,Com. Var. de Art. de Joalheria,1,0,1
11/2020,Com. Var. de Animais Vivos e de Art. e Alimentos para Animais de Estimação,1,1,0
11/2020,"Com. Var. de Merc. em Geral, com Pred. de Produtos Alim. - Superm.",2,1,1
11/2020,"Com. Var. de Merc. em Geral, com Pred. de Produtos Alim. - Minimercados, Mercearias e Armazéns",0,1,-1
11/2020,Com. Var. de Comb. para Veíc. Autom.,1,2,-1
11/2020,"Serv. de Lavagem, Lubrificação e Polimento de Veíc. Autom.",2,4,-2
11/2020,Com. Var. de Art. do Vestuário e Acessórios,0,1,-1
11/2020,Com. Var. de Art. do Vestuário e Acessórios,1,1,0
11/2020,Com. Var. de Art. de Viagem,1,1,0
11/2020,Com. a Var. de Peças e Acessórios Novos para Veíc. Autom.,1,1,0
11/2020,Com. Var. de Art. do Vestuário e Acessórios,1,1,0
11/2020,Com. Var. de Art. de óptica,1,0,1
11/2020,Serv. de Manutenção e Reparação Mecânica de Veíc. Autom.,0,1,-1
11/2020,Com. Atac. Especial. em Outros Produtos Alim. não Especif. Ant.,7,0,7
11/2020,Com. Var. de Bebidas,1,0,1
11/2020,Com. Var. de Mat. de Const. não Especif. Ant.,1,0,1
11/2020,Com. Var. de Produtos Alim. em Geral ou Especial. em Produtos Alim. não Especif. Ant.,0,1,-1
11/2020,"Com. a Var. de Automóveis, Camionetas e Utilitários Novos",0,1,-1
11/2020,Com. Var. de Art. do Vestuário e Acessórios,0,1,-1
11/2020,"Com. Atac. de Art. do Vestuário e Acessórios, Exceto Profissionais e de Segurança",1,0,1
11/2020,"Lojas de Variedades, Exceto Lojas de Dep. ou Magazines",1,1,0
11/2020,Com. Var. de Plantas e Flores Naturais,3,0,3
11/2020,Com. Var. de Art. do Vestuário e Acessórios,3,0,3
11/2020,Com. Var. de Art. do Vestuário e Acessórios,1,0,1
11/2020,Com. Var. de Art. do Vestuário e Acessórios,1,0,1
11/2020,Com. Var. de Material Elétrico,2,1,1
11/2020,Com. a Var. de Peças e Acessórios Novos para Veíc. Autom.,0,1,-1
11/2020,"Com. Var. de Merc. em Geral, com Pred. de Produtos Alim. - Minimercados, Mercearias e Armazéns",1,0,1
11/2020,"Com. Var. de Produtos Farmac., sem Manip. de Fórmulas",2,0,2
11/2020,Com. Var. de Material Elétrico,4,0,4
11/2020,"Com. Var. de Merc. em Geral, com Pred. de Produtos Alim. - Superm.",0,1,-1
11/2020,"Serv. de Lavagem, Lubrificação e Polimento de Veíc. Autom.",1,0,1
11/2020,Com. Var. de Art. Médicos e Ortopédicos,2,0,2
11/2020,Com. a Var. de Peças e Acessórios Novos para Veíc. Autom.,1,0,1
11/2020,Com. Var. de Mat. de Const. em Geral,1,0,1
11/2020,Com. Var. de Produtos Alim. em Geral ou Especial. em Produtos Alim. não Especif. Ant.,1,0,1
11/2020,Serv. de Borracharia para Veíc. Autom.,4,0,4
11/2020,"Com. Var. de Merc. em Geral, com Pred. de Produtos Alim. - Superm.",11,1,10
11/2020,"Com. Var. de Merc. em Geral, com Pred. de Produtos Alim. - Superm.",5,0,5
11/2020,Com. Var. Especial. de Eletrod. e Equip. de áudio e Vídeo,1,1,0
11/2020,Com. Var. Especial. de Eletrod. e Equip. de áudio e Vídeo,49,56,-7
11/2020,Com. Var. Especial. de Eletrod. e Equip. de áudio e Vídeo,9,1,8
11/2020,Com. Var. Especial. de Eletrod. e Equip. de áudio e Vídeo,11,5,6
11/2020,Com. Var. Especial. de Eletrod. e Equip. de áudio e Vídeo,2,1,1
11/2020,Com. Var. Especial. de Eletrod. e Equip. de áudio e Vídeo,17,20,-3
11/2020,Com. Var. Especial. de Eletrod. e Equip. de áudio e Vídeo,2,0,2
11/2020,Com. Var. Especial. de Eletrod. e Equip. de áudio e Vídeo,2,1,1
11/2020,"Com. Var. de Merc. em Geral, com Pred. de Produtos Alim. - Minimercados, Mercearias e Armazéns",1,0,1
11/2020,"Com. Var. de Merc. em Geral, com Pred. de Produtos Alim. - Minimercados, Mercearias e Armazéns",3,2,1
11/2020,Com. Var. de Art. do Vestuário e Acessórios,3,3,0
11/2020,Com. Var. de Art. do Vestuário e Acessórios,5,2,3
11/2020,Com. Var. de Ferragens e Ferramentas,0,1,-1
11/2020,Com. Var. de Art. do Vestuário e Acessórios,1,0,1
11/2020,Com. Var. Especial. de Equip. de Telefonia e Comunicação,2,2,0
11/2020,Com. Var. de Art. do Vestuário e Acessórios,5,0,5
11/2020,Com. Var. de Art. Médicos e Ortopédicos,1,1,0
11/2020,Com. a Var. de Peças e Acessórios Novos para Veíc. Autom.,1,0,1
11/2020,Com. Var. de Art. do Vestuário e Acessórios,0,1,-1
11/2020,"Com. Var. de Doces, Balas, Bombons e Semelhantes",1,0,1
11/2020,Com. Var. Especial. de Equip. de Telefonia e Comunicação,2,0,2
11/2020,Com. Var. de Calçados,1,0,1
11/2020,Com. Var. de Comb. para Veíc. Autom.,2,1,1
11/2020,Com. Var. de Art. Esportivos,4,2,2
11/2020,Com. Var. de Outros Art. Usados,1,1,0
11/2020,Com. Var. de Art. do Vestuário e Acessórios,1,2,-1
11/2020,"Com. a Var. de Automóveis, Camionetas e Utilitários Usados",1,0,1
11/2020,Com. Var. Especial. de Eletrod. e Equip. de áudio e Vídeo,1,0,1
11/2020,Com. Var. de Art. do Vestuário e Acessórios,3,0,3
11/2020,"Com. Atac. de Outras Máquinas e Equip. não Especif. Ant., Partes e Peças",3,6,-3
11/2020,"Com. Atac. de Outras Máquinas e Equip. não Especif. Ant., Partes e Peças",2,0,2
11/2020,Com. Var. de Merc. em Lojas de Conveniência,1,0,1
11/2020,"Com. Var. de Cosméticos, Produtos de Perfumaria e de Higiene Pessoal",2,1,1
11/2020,Com. Var. de Calçados,1,0,1
11/2020,"Com. Var. de Produtos Farmac., sem Manip. de Fórmulas",0,1,-1
11/2020,Com. Var. de Art. Esportivos,1,1,0
11/2020,"Com. Var. de Produtos Farmac., sem Manip. de Fórmulas",1,0,1
11/2020,Com. Var. de Art. de óptica,0,1,-1
11/2020,"Lojas de Variedades, Exceto Lojas de Dep. ou Magazines",0,1,-1
11/2020,Com. Var. de Art. de óptica,2,0,2
11/2020,Com. Var. de Art. de óptica,2,0,2
11/2020,Com. Var. de Art. do Vestuário e Acessórios,3,0,3
11/2020,Padaria e Confeitaria com Pred. de Revenda,0,1,-1
11/2020,Com. Var. de Comb. para Veíc. Autom.,2,0,2
11/2020,Com. Var. de Bebidas,2,0,2
11/2020,"Com. Atac. de Frutas, Verduras, Raízes, Tubérculos, Hortaliças e Legumes Frescos",3,0,3
11/2020,"Com. Var. de Cosméticos, Produtos de Perfumaria e de Higiene Pessoal",2,0,2
11/2020,"Com. Var. de Merc. em Geral, com Pred. de Produtos Alim. - Minimercados, Mercearias e Armazéns",0,1,-1
11/2020,Com. Var. de Art. do Vestuário e Acessórios,1,0,1
11/2020,"Lojas de Variedades, Exceto Lojas de Dep. ou Magazines",1,0,1
11/2020,"Serv. de Instalação, Manutenção e Reparação de Acessórios para Veíc. Autom.",0,1,-1
11/2020,Com. Var. de Bebidas,3,4,-1
11/2020,Com. Var. de Art. de Papelaria,1,0,1
11/2020,Com. Var. de Art. do Vestuário e Acessórios,3,0,3
11/2020,Serv. de Manutenção e Reparação Mecânica de Veíc. Autom.,0,1,-1
11/2020,"Com. Var. de Doces, Balas, Bombons e Semelhantes",0,1,-1
11/2020,"Com. Var. de Produtos Farmac., sem Manip. de Fórmulas",2,0,2
11/2020,"Com. Var. de Produtos Farmac., sem Manip. de Fórmulas",1,0,1
11/2020,Com. Var. de Bebidas,0,1,-1
11/2020,Com. Var. de Ferragens e Ferramentas,3,1,2
11/2020,Com. Var. de Art. do Vestuário e Acessórios,0,1,-1
11/2020,Com. Var. de Outros Produtos não Especif. Ant.,1,0,1
11/2020,"Com. Var. de Suvenires, Bijuterias e Artesanatos",0,1,-1
11/2020,"Com. Var. de Doces, Balas, Bombons e Semelhantes",1,0,1
11/2020,Com. Var. Especial. de Equip. de Telefonia e Comunicação,1,0,1
11/2020,Com. Var. de Brinquedos e Art. Recreativos,0,2,-2
11/2020,Com. Var. de Merc. em Lojas de Conveniência,0,2,-2
11/2020,Com. Var. de Mat. de Const. não Especif. Ant.,5,0,5
11/2020,Com. Var. de Art. do Vestuário e Acessórios,2,2,0
11/2020,Com. Var. de Art. de Joalheria,1,0,1
11/2020,Com. Var. de Ferragens e Ferramentas,1,0,1
11/2020,Com. Atac. de Embalagens,5,0,5
11/2020,Com. a Var. de Peças e Acessórios Novos para Veíc. Autom.,1,1,0
11/2020,Com. Var. de Art. do Vestuário e Acessórios,1,0,1
11/2020,Com. Var. de Calçados,4,0,4
11/2020,Com. Var. de Livros,2,0,2
11/2020,Com. Atac. de Sorvetes,2,0,2
11/2020,Com. Var. de Art. do Vestuário e Acessórios,0,1,-1
11/2020,Com. Var. de Outros Produtos não Especif. Ant.,0,1,-1
11/2020,Com. Var. de Art. do Vestuário e Acessórios,3,0,3
11/2020,Com. Var. de Produtos Alim. em Geral ou Especial. em Produtos Alim. não Especif. Ant.,4,0,4
11/2020,Com. Var. de Tecidos,2,0,2
11/2020,"Com. Var. de Produtos Farmac., sem Manip. de Fórmulas",1,0,1
11/2020,"Com. Var. de Doces, Balas, Bombons e Semelhantes",0,1,-1
11/2020,Com. Var. Especial. de Eletrod. e Equip. de áudio e Vídeo,5,1,4
11/2020,Com. Var. Especial. de Eletrod. e Equip. de áudio e Vídeo,1,1,0
11/2020,Com. Var. de Mat. de Const. não Especif. Ant.,2,2,0
11/2020,Comercio Var. de Art. de Armarinho,0,1,-1
11/2020,Com. Var. de Art. do Vestuário e Acessórios,9,7,2
11/2020,Com. Var. de Art. do Vestuário e Acessórios,8,4,4
11/2020,Com. Var. de Calçados,3,2,1
11/2020,Com. Var. de Calçados,4,0,4
11/2020,Com. Var. de Calçados,1,1,0
11/2020,Com. Var. de Calçados,0,5,-5
11/2020,Com. Var. de Calçados,1,1,0
11/2020,"Com. Var. de Merc. em Geral, com Pred. de Produtos Alim. - Hipermercados",13,15,-2
11/2020,Com. Var. de Comb. para Veíc. Autom.,2,2,0
11/2020,"Com. Var. de Produtos Farmac., sem Manip. de Fórmulas",0,1,-1
11/2020,Com. Atac. de Ferragens e Ferramentas,0,1,-1
11/2020,"Lojas de Variedades, Exceto Lojas de Dep. ou Magazines",1,0,1
11/2020,Com. Var. de Art. do Vestuário e Acessórios,4,1,3
11/2020,Com. Atac. de Cosméticos e Produtos de Perfumaria,1,0,1
11/2020,Com. Var. de Madeira e Artefatos,3,0,3
11/2020,Com. Atac. de Produtos Alim. em Geral,2,1,1
11/2020,Com. Var. de Móveis,1,0,1
11/2020,Com. Var. de Art. do Vestuário e Acessórios,2,0,2
11/2020,Com. Var. de Art. do Vestuário e Acessórios,6,1,5
11/2020,"Com. Var. de Merc. em Geral, com Pred. de Produtos Alim. - Superm.",1,2,-1
11/2020,"Com. Var. de Merc. em Geral, com Pred. de Produtos Alim. - Superm.",0,2,-2
11/2020,Com. Var. de Plantas e Flores Naturais,1,2,-1
11/2020,Lojas de Dep. ou Magazines (Desativado),4,0,4
11/2020,Lojas de Dep. ou Magazines (Desativado),4,1,3
11/2020,Com. a Var. de Peças e Acessórios Novos para Veíc. Autom.,1,0,1
11/2020,Com. Var. de Art. de óptica,1,0,1
11/2020,Com. Var. de Art. de óptica,1,0,1
11/2020,Com. Var. de Comb. para Veíc. Autom.,2,0,2
11/2020,Com. Var. de Gás LiqüEfeito de Petróleo (Glp),1,0,1
11/2020,Com. Var. de Comb. para Veíc. Autom.,1,0,1
11/2020,Com. Var. de Art. do Vestuário e Acessórios,3,1,2
11/2020,Com. Var. de Outros Produtos não Especif. Ant.,0,1,-1
11/2020,Com. a Var. de Peças e Acessórios Novos para Veíc. Autom.,1,0,1
11/2020,"Comercio Var. de Art. de Cama, Mesa e Banho",1,0,1
11/2020,"Com. Var. de Merc. em Geral, com Pred. de Produtos Alim. - Superm.",2,0,2
11/2020,Com. Var. de Comb. para Veíc. Autom.,1,0,1
11/2020,Com. Var. de Art. de Joalheria,1,0,1
11/2020,Com. Var. de Mat. de Const. em Geral,0,1,-1
11/2020,Com. a Var. de Peças e Acessórios Novos para Veíc. Autom.,1,1,0
11/2020,Com. Var. de Comb. para Veíc. Autom.,0,1,-1
11/2020,"Com. a Var. de Automóveis, Camionetas e Utilitários Novos",1,1,0
11/2020,Padaria e Confeitaria com Pred. de Revenda,1,0,1
11/2020,Com. Atac. Especial. em Outros Produtos Intermediários não Especif. Ant.,3,1,2
11/2020,Com. Var. de Produtos Alim. em Geral ou Especial. em Produtos Alim. não Especif. Ant.,0,2,-2
11/2020,Com. Atac. de Ferragens e Ferramentas,0,3,-3
11/2020,"Com. Var. de Merc. em Geral, com Pred. de Produtos Alim. - Superm.",6,0,6
11/2020,"Com. Var. de Merc. em Geral, com Pred. de Produtos Alim. - Superm.",21,1,20
11/2020,"Com. Var. de Merc. em Geral, com Pred. de Produtos Alim. - Superm.",4,3,1
11/2020,"Com. Var. de Merc. em Geral, com Pred. de Produtos Alim. - Superm.",4,11,-7
11/2020,"Com. Var. de Merc. em Geral, com Pred. de Produtos Alim. - Superm.",9,8,1
11/2020,"Com. Var. de Merc. em Geral, com Pred. de Produtos Alim. - Superm.",2,2,0
11/2020,"Com. Var. de Merc. em Geral, com Pred. de Produtos Alim. - Superm.",19,11,8
11/2020,"Com. Var. de Merc. em Geral, com Pred. de Produtos Alim. - Superm.",4,3,1
11/2020,"Com. Var. de Merc. em Geral, com Pred. de Produtos Alim. - Superm.",10,12,-2
11/2020,"Com. Var. de Merc. em Geral, com Pred. de Produtos Alim. - Superm.",5,4,1
11/2020,"Com. Var. de Merc. em Geral, com Pred. de Produtos Alim. - Superm.",1,1,0
11/2020,"Com. Var. de Merc. em Geral, com Pred. de Produtos Alim. - Superm.",3,4,-1
11/2020,"Com. Var. de Merc. em Geral, com Pred. de Produtos Alim. - Superm.",5,4,1
11/2020,"Com. Var. de Merc. em Geral, com Pred. de Produtos Alim. - Superm.",11,8,3
11/2020,"Com. a Var. de Automóveis, Camionetas e Utilitários Novos",4,7,-3
11/2020,Padaria e Confeitaria com Pred. de Revenda,2,0,2
11/2020,"Com. Var. de Merc. em Geral, com Pred. de Produtos Alim. - Superm.",1,9,-8
11/2020,"Com. Var. de Merc. em Geral, com Pred. de Produtos Alim. - Superm.",2,0,2
11/2020,"Com. Var. de Merc. em Geral, com Pred. de Produtos Alim. - Superm.",3,3,0
11/2020,"Com. Var. de Merc. em Geral, com Pred. de Produtos Alim. - Superm.",4,2,2
11/2020,"Com. Var. de Merc. em Geral, com Pred. de Produtos Alim. - Superm.",2,1,1
11/2020,"Com. Atac. de Frutas, Verduras, Raízes, Tubérculos, Hortaliças e Legumes Frescos",0,2,-2
11/2020,"Com. Var. de Produtos Farmac., sem Manip. de Fórmulas",1,0,1
11/2020,Com. Var. de Outros Produtos não Especif. Ant.,1,0,1
11/2020,Com. a Var. de Motocicletas e Motonetas Novas,2,0,2
11/2020,Com. Var. de Mat. de Const. em Geral,0,1,-1
11/2020,Com. Atac. de Art. de Escritório e de Papelaria,3,2,1
11/2020,"Com. Var. de Produtos Farmac., sem Manip. de Fórmulas",0,1,-1
11/2020,"Com. Atac. de Máquinas, Aparelhos e Equip. para Uso Agropecuário, Partes e Peças",10,4,6
11/2020,Com. Atac. de Produtos Alim. em Geral,4,1,3
11/2020,Com. Var. de Mat. de Const. em Geral,2,0,2
11/2020,Com. Var. de Calçados,3,0,3
11/2020,Com. Var. de Calçados,8,2,6
11/2020,"Com. Var. de Produtos Farmac., com Manip. de Fórmulas",8,3,5
11/2020,Com. Var. de Ferragens e Ferramentas,1,0,1
11/2020,Com. a Var. de Peças e Acessórios Novos para Veíc. Autom.,1,0,1
11/2020,Com. por Atacado de Peças e Acessórios Novos para Veíc. Autom.,0,1,-1
11/2020,Com. por Atacado de Peças e Acessórios Novos para Veíc. Autom.,3,0,3
11/2020,Padaria e Confeitaria com Pred. de Revenda,2,1,1
11/2020,Com. Var. de Animais Vivos e de Art. e Alimentos para Animais de Estimação,1,1,0
11/2020,"Com. Atac. de Outras Máquinas e Equip. não Especif. Ant., Partes e Peças",0,1,-1
11/2020,Com. Var. de Animais Vivos e de Art. e Alimentos para Animais de Estimação,1,1,0
11/2020,"Com. Atac. de Máquinas e Equip. para Uso Industrial, Partes e Peças",0,1,-1
11/2020,"Com. Atac. de Máquinas e Equip. para Uso Industrial, Partes e Peças",1,0,1
11/2020,Com. Var. de Produtos Farmac. Homeopáticos,0,1,-1
11/2020,"Com. Var. de Merc. em Geral, com Pred. de Produtos Alim. - Minimercados, Mercearias e Armazéns",0,1,-1
11/2020,Com. Var. de Art. do Vestuário e Acessórios,0,3,-3
11/2020,Serv. de Manutenção e Reparação Mecânica de Veíc. Autom.,1,0,1
11/2020,Serv. de Manutenção e Reparação Mecânica de Veíc. Autom.,1,1,0
11/2020,"Com. Var. de Merc. em Geral, com Pred. de Produtos Alim. - Minimercados, Mercearias e Armazéns",0,2,-2
11/2020,"Com. Var. de Merc. em Geral, com Pred. de Produtos Alim. - Minimercados, Mercearias e Armazéns",2,1,1
11/2020,Com. a Var. de Peças e Acessórios Novos para Veíc. Autom.,0,1,-1
11/2020,"Com. a Var. de Automóveis, Camionetas e Utilitários Novos",3,0,3
11/2020,"Com. Atac. de Resíduos e Sucatas Não-Metálicos, Exceto de Papel e Papelão",0,1,-1
11/2020,Com. Var. de Livros,0,1,-1
11/2020,Com. Var. de Art. do Vestuário e Acessórios,1,0,1
11/2020,Com. Var. de Comb. para Veíc. Autom.,1,1,0
11/2020,"Com. Var. de Merc. em Geral, com Pred. de Produtos Alim. - Minimercados, Mercearias e Armazéns",0,1,-1
11/2020,Com. Atac. de Outros Equip. e Art. de Uso Pessoal e Doméstico não Especif. Ant.,2,0,2
11/2020,"Com. Atac. de Máquinas, Aparelhos e Equip. para Uso Agropecuário, Partes e Peças",3,1,2
11/2020,"Com. Var. de Art. de Caça, Pesca e Camping",1,0,1
11/2020,Padaria e Confeitaria com Pred. de Revenda,1,1,0
11/2020,Com. Var. Especial. de Eletrod. e Equip. de áudio e Vídeo,0,2,-2
11/2020,Com. Var. Especial. de Eletrod. e Equip. de áudio e Vídeo,2,1,1
11/2020,Com. Var. de Mat. de Const. não Especif. Ant.,1,1,0
11/2020,Com. Var. de Art. de Papelaria,1,0,1
11/2020,Com. Var. de Comb. para Veíc. Autom.,1,0,1
11/2020,Com. Var. de Art. de Joalheria,1,0,1
11/2020,Com. Var. de Art. de óptica,1,1,0
11/2020,Com. a Var. de Peças e Acessórios Novos para Veíc. Autom.,0,1,-1
11/2020,Com. Var. de Art. do Vestuário e Acessórios,2,0,2
11/2020,Com. Var. de Art. do Vestuário e Acessórios,0,1,-1
11/2020,Com. Var. de Art. de Papelaria,1,1,0
11/2020,Com. Var. de Brinquedos e Art. Recreativos,1,0,1
11/2020,"Com. Atac. de Cerveja, Chope e Refrigerante",8,10,-2
11/2020,Com. Var. de Mat. de Const. em Geral,0,1,-1
11/2020,Padaria e Confeitaria com Pred. de Revenda,1,0,1
11/2020,Com. Var. Especial. de Equip. e Suprimentos de Informática,0,1,-1
11/2020,Comercio Var. de Art. de Armarinho,1,1,0
11/2020,Com. Var. de Tintas e Mat. para Pintura,1,1,0
11/2020,Com. a Var. de Peças e Acessórios Novos para Veíc. Autom.,0,1,-1
11/2020,Com. por Atacado de Peças e Acessórios Novos para Veíc. Autom.,1,0,1
11/2020,Com. Var. de Mat. de Const. não Especif. Ant.,0,1,-1
11/2020,Com. por Atacado de Caminhões Novos e Usados,2,1,1
11/2020,Com. Atac. de Aves Vivas e Ovos,0,1,-1
11/2020,Lojas de Dep. ou Magazines (Desativado),5,1,4
11/2020,"Lojas de Dep. ou Magazines, Exceto Lojas Francas (Duty Free)",7,4,3
11/2020,Com. Atac. de Cosméticos e Produtos de Perfumaria,0,1,-1
11/2020,"Com. Atac. de Cerveja, Chope e Refrigerante",3,2,1
11/2020,Com. Var. de Art. do Vestuário e Acessórios,2,3,-1
11/2020,"Com. Var. de Merc. em Geral, com Pred. de Produtos Alim. - Superm.",6,7,-1
11/2020,"Com. Var. de Produtos Farmac., sem Manip. de Fórmulas",1,0,1
11/2020,"Com. Var. de Produtos Farmac., sem Manip. de Fórmulas",1,0,1
11/2020,"Com. Var. de Produtos Farmac., sem Manip. de Fórmulas",1,1,0
11/2020,"Com. Var. de Produtos Farmac., sem Manip. de Fórmulas",0,1,-1
11/2020,"Com. Var. de Produtos Farmac., sem Manip. de Fórmulas",1,0,1
11/2020,"Com. Atac. de Instrumentos e Mat. para Uso Médico, Cirúrgico, Hospitalar e de Laboratórios",1,0,1
11/2020,"Com. Var. de Produtos Farmac., sem Manip. de Fórmulas",2,1,1
11/2020,"Com. Var. de Produtos Farmac., sem Manip. de Fórmulas",2,0,2
11/2020,"Com. Var. de Produtos Farmac., sem Manip. de Fórmulas",0,2,-2
11/2020,"Com. Var. de Produtos Farmac., sem Manip. de Fórmulas",1,0,1
11/2020,"Com. Var. de Produtos Farmac., sem Manip. de Fórmulas",1,0,1
11/2020,"Com. Var. de Produtos Farmac., sem Manip. de Fórmulas",0,1,-1
11/2020,"Com. Var. de Produtos Farmac., sem Manip. de Fórmulas",2,1,1
11/2020,"Com. Var. de Produtos Farmac., sem Manip. de Fórmulas",0,1,-1
11/2020,"Com. Var. de Produtos Farmac., sem Manip. de Fórmulas",1,0,1
11/2020,"Com. Var. de Produtos Farmac., sem Manip. de Fórmulas",0,1,-1
11/2020,"Com. Var. de Produtos Farmac., sem Manip. de Fórmulas",2,0,2
11/2020,"Com. Atac. de Cerveja, Chope e Refrigerante",2,3,-1
11/2020,Com. Var. de Art. de Viagem,1,1,0
11/2020,Com. Var. de Art. de Viagem,2,1,1
11/2020,"Com. Atac. de Frutas, Verduras, Raízes, Tubérculos, Hortaliças e Legumes Frescos",0,1,-1
11/2020,Com. Var. de Plantas e Flores Naturais,9,5,4
11/2020,Com. Var. de Mat. de Const. em Geral,4,2,2
11/2020,Com. por Atacado de Peças e Acessórios Novos para Veíc. Autom.,1,1,0
11/2020,"Com. Var. de Produtos Farmac., sem Manip. de Fórmulas",2,0,2
11/2020,Com. Var. de Comb. para Veíc. Autom.,1,1,0
11/2020,Com. Var. de Outros Produtos não Especif. Ant.,3,0,3
11/2020,Com. Var. Especial. de Equip. de Telefonia e Comunicação,0,1,-1
11/2020,Com. Var. de Outros Produtos não Especif. Ant.,1,0,1
11/2020,"Com. Var. de Merc. em Geral, com Pred. de Produtos Alim. - Superm.",41,32,9
11/2020,Com. Var. de Art. de Joalheria,0,1,-1
11/2020,"Com. Var. de Produtos Farmac., com Manip. de Fórmulas",1,0,1
11/2020,Com. Atac. de Resinas e Elastômeros,1,0,1
11/2020,Com. Var. de Art. Médicos e Ortopédicos,1,0,1
11/2020,"Com. Var. de Produtos Farmac., sem Manip. de Fórmulas",1,3,-2
11/2020,"Com. Var. de Produtos Farmac., sem Manip. de Fórmulas",0,1,-1
11/2020,"Com. Var. de Produtos Farmac., sem Manip. de Fórmulas",1,0,1
11/2020,"Com. Var. de Produtos Farmac., sem Manip. de Fórmulas",0,1,-1
11/2020,Com. Var. de Mat. de Const. não Especif. Ant.,2,2,0
11/2020,Com. Var. de Carnes - Açougues,3,2,1
11/2020,Com. Var. de Produtos Alim. em Geral ou Especial. em Produtos Alim. não Especif. Ant.,8,2,6
11/2020,Com. Atac. Especial. em Outros Produtos Alim. não Especif. Ant.,1,0,1
11/2020,Com. a Var. de Peças e Acessórios Novos para Veíc. Autom.,0,1,-1
11/2020,Com. Var. de Mat. de Const. não Especif. Ant.,2,0,2
11/2020,Com. Atac. de Matérias-Primas Agrícolas não Especificadas Ant.,2,0,2
11/2020,Com. a Var. de Peças e Acessórios Novos para Veíc. Autom.,1,0,1
11/2020,Com. Var. de Brinquedos e Art. Recreativos,2,0,2
11/2020,Com. a Var. de Peças e Acessórios Novos para Veíc. Autom.,0,1,-1
11/2020,"Com. Var. de Merc. em Geral, com Pred. de Produtos Alim. - Minimercados, Mercearias e Armazéns",1,0,1
11/2020,"Com. Var. de Merc. em Geral, com Pred. de Produtos Alim. - Minimercados, Mercearias e Armazéns",0,1,-1
11/2020,"Com. Var. de Merc. em Geral, com Pred. de Produtos Alim. - Minimercados, Mercearias e Armazéns",0,4,-4
11/2020,"Com. Var. de Produtos Farmac., com Manip. de Fórmulas",2,1,1
11/2020,"Com. a Var. de Automóveis, Camionetas e Utilitários Novos",0,1,-1
11/2020,"Com. Var. de Produtos Farmac., sem Manip. de Fórmulas",0,1,-1
11/2020,Com. Var. de Tintas e Mat. para Pintura,1,1,0
11/2020,Com. Var. de Tintas e Mat. para Pintura,1,2,-1
11/2020,Com. Var. de Tintas e Mat. para Pintura,1,0,1
11/2020,Com. Var. de Tintas e Mat. para Pintura,1,2,-1
11/2020,Com. Var. de Tintas e Mat. para Pintura,4,1,3
11/2020,Com. Var. de Madeira e Artefatos,1,0,1
11/2020,Com. a Var. de Peças e Acessórios Novos para Veíc. Autom.,0,1,-1
11/2020,Com. Var. de Art. de óptica,1,0,1
11/2020,Com. Var. de Comb. para Veíc. Autom.,1,0,1
11/2020,"Com. Atac. de Merc. em Geral, com Pred. de Insumos Agropecuários",1,3,-2
11/2020,"Com. Atac. de Merc. em Geral, com Pred. de Insumos Agropecuários",2,0,2
11/2020,"Serv. de Lavagem, Lubrificação e Polimento de Veíc. Autom.",16,1,15
11/2020,Com. Var. de Art. do Vestuário e Acessórios,2,0,2
11/2020,"Com. Atac. de Cerveja, Chope e Refrigerante",1,3,-2
11/2020,"Com. Var. de Merc. em Geral, com Pred. de Produtos Alim. - Superm.",1,1,0
11/2020,Com. Var. de Produtos Alim. em Geral ou Especial. em Produtos Alim. não Especif. Ant.,0,1,-1
11/2020,Padaria e Confeitaria com Pred. de Revenda,2,0,2
11/2020,"Com. Var. de Merc. em Geral, com Pred. de Produtos Alim. - Hipermercados",9,16,-7
11/2020,Com. Atac. de Ferragens e Ferramentas,1,4,-3
11/2020,"Com. Var. Especial. de Peças e Acessórios para Aparelhos Eletroeletrônicos para Uso Doméstico, Exceto Informática e Comunicação",0,2,-2
11/2020,Com. Var. de Art. do Vestuário e Acessórios,1,1,0
11/2020,Com. a Var. de Peças e Acessórios Novos para Veíc. Autom.,4,4,0
11/2020,"Com. Var. de Merc. em Geral, com Pred. de Produtos Alim. - Hipermercados",10,6,4
11/2020,"Com. Atac. de Instrumentos e Mat. para Uso Médico, Cirúrgico, Hospitalar e de Laboratórios",1,0,1
11/2020,Com. Atac. de Produtos Alim. em Geral,0,2,-2
11/2020,Com. Atac. Especial. de Mat. de Const. não Especif. Ant.,12,12,0
11/2020,Com. por Atacado de Motocicletas e Motonetas,0,1,-1
11/2020,Com. Var. de Art. de Joalheria,1,0,1
11/2020,"Com. Atac. de Máquinas, Aparelhos e Equip. para Uso Agropecuário, Partes e Peças",0,3,-3
11/2020,Com. Var. de Ferragens e Ferramentas,3,2,1
11/2020,Com. Var. de Art. do Vestuário e Acessórios,1,1,0
11/2020,Com. Var. de Art. do Vestuário e Acessórios,2,1,1
11/2020,"Com. Var. de Art. de Tapeçaria, Cortinas e Persianas",0,2,-2
11/2020,"Com. Var. de Produtos Farmac., com Manip. de Fórmulas",1,0,1
11/2020,Com. Var. Especial. de Equip. de Telefonia e Comunicação,2,0,2
